0,1,2,3,4,5,6,7,8,9,10,11,12,13,14,15,16,17,18,19,20,21,22,23,24,25,26,27,28,29,30,31,32,33,34,35,36,37,38,39,40,41,42,43,44,45,46,47,48,49,50,51,52,53,54,55,56,57,58,59,60,61,62,63,64,65,66,67,68,69,70,71,72,73,74,75,76,77,78,79,80,81,82,83,84,85,86,87,88,89,90,91,92,93,94,95,96,97,98,99,100,101,102,103,104,105,106,107,108,109,110,111,112,113,114,115,116,117,118,119,120,121,122,123,124,125,126,127,128,129,130,131,132,133,134,135,136,137,138,139,140,141,142,143,144,145,146,147,148,149,150,151,152,153,154,155,156,157,158,159,pred,target_label
0.0052972366,0.005675605,0.0049440926,0.0049440926,0.005675605,0.0060810004,0.0060810004,0.0049440926,0.0049440926,0.0080135735,0.0065153507,0.005675605,0.0049440926,0.0074793426,0.0080135735,0.0074793426,0.005675605,0.006980726,0.0049440926,0.0060810004,0.0060810004,0.0074793426,0.0060810004,0.0049440926,0.006980726,0.0080135735,0.005675605,0.005675605,0.0049440926,0.0080135735,0.006980726,0.005675605,0.0052972366,0.0074793426,0.0080135735,0.0065153507,0.0065153507,0.0060810004,0.006980726,0.0080135735,0.0049440926,0.0060810004,0.0074793426,0.0065153507,0.0080135735,0.0080135735,0.0065153507,0.0049440926,0.0049440926,0.0080135735,0.0065153507,0.0065153507,0.005675605,0.0049440926,0.0080135735,0.0049440926,0.006980726,0.0049440926,0.0049440926,0.0060810004,0.0080135735,0.0060810004,0.0052972366,0.0060810004,0.0080135735,0.0080135735,0.0080135735,0.0049440926,0.0049440926,0.0049440926,0.005675605,0.006980726,0.0049440926,0.0052972366,0.0080135735,0.005675605,0.0065153507,0.0049440926,0.0065153507,0.0049440926,0.0052972366,0.0080135735,0.0080135735,0.0049440926,0.0080135735,0.0049440926,0.0049440926,0.0049440926,0.0065153507,0.0060810004,0.0065153507,0.006980726,0.0049440926,0.0080135735,0.0080135735,0.0060810004,0.0049440926,0.0065153507,0.0052972366,0.0080135735,0.0074793426,0.006980726,0.005675605,0.0049440926,0.0074793426,0.0080135735,0.0080135735,0.0049440926,0.0049440926,0.0080135735,0.0080135735,0.0074793426,0.0060810004,0.0052972366,0.006980726,0.005675605,0.006980726,0.0065153507,0.005675605,0.0049440926,0.0060810004,0.005675605,0.0049440926,0.0049440926,0.0049440926,0.0052972366,0.0060810004,0.0065153507,0.0080135735,0.0052972366,0.006980726,0.0060810004,0.0065153507,0.0060810004,0.0065153507,0.005675605,0.0049440926,0.0074793426,0.0052972366,0.0065153507,0.0052972366,0.0065153507,0.0065153507,0.005675605,0.006980726,0.0049440926,0.0049440926,0.0049440926,0.0049440926,0.0080135735,0.005675605,0.005675605,0.0049440926,0.006980726,0.0080135735,0.0080135735,0.0074793426,0.0049440926,0.0060810004,0.005675605,9,4
0.005107682,0.005107682,0.0077268183,0.0077268183,0.0047671744,0.0058633997,0.0077268183,0.00673093,0.0077268183,0.0077268183,0.005472511,0.005107682,0.0062822076,0.0047671744,0.0077268183,0.0047671744,0.0062822076,0.0062822076,0.0077268183,0.005472511,0.0072117043,0.0072117043,0.0058633997,0.0062822076,0.0047671744,0.0077268183,0.0062822076,0.0062822076,0.005472511,0.0072117043,0.0077268183,0.0058633997,0.0062822076,0.0062822076,0.0077268183,0.0047671744,0.0047671744,0.00673093,0.0047671744,0.005472511,0.0047671744,0.0058633997,0.0077268183,0.0058633997,0.0077268183,0.0047671744,0.0047671744,0.0077268183,0.0047671744,0.00673093,0.005472511,0.005107682,0.0077268183,0.005472511,0.005472511,0.0047671744,0.005472511,0.0077268183,0.0062822076,0.005472511,0.0072117043,0.005472511,0.00673093,0.0047671744,0.0077268183,0.005107682,0.005472511,0.0062822076,0.0062822076,0.0072117043,0.0077268183,0.0077268183,0.005472511,0.005107682,0.0058633997,0.005472511,0.005107682,0.0077268183,0.005472511,0.005107682,0.0058633997,0.0062822076,0.0077268183,0.0077268183,0.0077268183,0.0047671744,0.0058633997,0.0077268183,0.00673093,0.0058633997,0.0062822076,0.005107682,0.0077268183,0.0047671744,0.0077268183,0.0047671744,0.0047671744,0.0077268183,0.0058633997,0.0072117043,0.00673093,0.0058633997,0.0077268183,0.0058633997,0.00673093,0.005472511,0.005472511,0.0077268183,0.0047671744,0.0077268183,0.0062822076,0.0077268183,0.0062822076,0.0077268183,0.00673093,0.005107682,0.0062822076,0.0077268183,0.005472511,0.0047671744,0.0047671744,0.005107682,0.0077268183,0.0077268183,0.005472511,0.0062822076,0.00673093,0.0062822076,0.0077268183,0.0062822076,0.0062822076,0.0062822076,0.0072117043,0.0072117043,0.005107682,0.0058633997,0.0058633997,0.005472511,0.0072117043,0.005472511,0.0072117043,0.00673093,0.0058633997,0.005107682,0.0058633997,0.005107682,0.0077268183,0.0077268183,0.0077268183,0.0047671744,0.005107682,0.005472511,0.00673093,0.0072117043,0.0047671744,0.0072117043,0.0062822076,0.00673093,0.0058633997,0.0047671744,2,2
0.006179693,0.0076007308,0.0076007308,0.0076007308,0.00538321,0.00576772,0.0076007308,0.0066210935,0.0070940224,0.0066210935,0.0070940224,0.00538321,0.004689383,0.006179693,0.0066210935,0.0066210935,0.00538321,0.00576772,0.0076007308,0.00538321,0.0070940224,0.0066210935,0.00576772,0.005024334,0.004689383,0.0076007308,0.00538321,0.004689383,0.005024334,0.0070940224,0.0076007308,0.00576772,0.0066210935,0.006179693,0.0076007308,0.0066210935,0.006179693,0.0076007308,0.006179693,0.0066210935,0.004689383,0.006179693,0.0076007308,0.006179693,0.0076007308,0.0076007308,0.0066210935,0.00576772,0.0076007308,0.0066210935,0.00538321,0.005024334,0.005024334,0.004689383,0.00538321,0.006179693,0.00538321,0.004689383,0.0076007308,0.004689383,0.0076007308,0.0066210935,0.006179693,0.00538321,0.0076007308,0.005024334,0.00576772,0.005024334,0.0076007308,0.006179693,0.00576772,0.0076007308,0.00538321,0.005024334,0.006179693,0.0070940224,0.006179693,0.004689383,0.006179693,0.0076007308,0.0076007308,0.006179693,0.0076007308,0.006179693,0.0076007308,0.0066210935,0.00538321,0.0076007308,0.0076007308,0.00576772,0.00576772,0.0066210935,0.004689383,0.0076007308,0.0076007308,0.0070940224,0.004689383,0.00538321,0.005024334,0.0076007308,0.006179693,0.0066210935,0.00576772,0.004689383,0.0066210935,0.0076007308,0.006179693,0.00538321,0.00538321,0.0076007308,0.0076007308,0.0076007308,0.00576772,0.0066210935,0.006179693,0.00576772,0.0066210935,0.0070940224,0.00538321,0.005024334,0.0076007308,0.005024334,0.004689383,0.004689383,0.004689383,0.0076007308,0.0076007308,0.005024334,0.006179693,0.0076007308,0.006179693,0.006179693,0.006179693,0.006179693,0.00538321,0.0070940224,0.00576772,0.004689383,0.006179693,0.00538321,0.0076007308,0.0066210935,0.006179693,0.00538321,0.00538321,0.00576772,0.0076007308,0.0076007308,0.0076007308,0.004689383,0.00576772,0.00538321,0.0066210935,0.0070940224,0.00538321,0.0076007308,0.006179693,0.00538321,0.00538321,0.005024334,1,0
0.0060097747,0.007919712,0.004886183,0.0060097747,0.0060097747,0.0052351914,0.0064390376,0.004886183,0.0060097747,0.0060097747,0.0060097747,0.0060097747,0.0052351914,0.007919712,0.0068989624,0.0073917382,0.0073917382,0.004886183,0.0052351914,0.0056091277,0.0060097747,0.0073917382,0.0060097747,0.0052351914,0.004886183,0.0068989624,0.0056091277,0.0064390376,0.0052351914,0.007919712,0.007919712,0.0060097747,0.004886183,0.0068989624,0.007919712,0.0068989624,0.0064390376,0.0052351914,0.0060097747,0.0068989624,0.0052351914,0.0064390376,0.0073917382,0.0060097747,0.007919712,0.0060097747,0.0056091277,0.0052351914,0.004886183,0.007919712,0.0064390376,0.0060097747,0.0052351914,0.0056091277,0.0073917382,0.0052351914,0.0056091277,0.007919712,0.0056091277,0.007919712,0.0056091277,0.0060097747,0.0056091277,0.0073917382,0.0068989624,0.0056091277,0.0064390376,0.004886183,0.007919712,0.0056091277,0.0052351914,0.0068989624,0.0056091277,0.0056091277,0.0073917382,0.0056091277,0.0060097747,0.004886183,0.004886183,0.0060097747,0.0056091277,0.0073917382,0.004886183,0.004886183,0.007919712,0.004886183,0.0052351914,0.004886183,0.0064390376,0.0064390376,0.0060097747,0.0068989624,0.0052351914,0.007919712,0.007919712,0.0060097747,0.004886183,0.004886183,0.0064390376,0.007919712,0.0068989624,0.0064390376,0.004886183,0.004886183,0.0064390376,0.0064390376,0.0060097747,0.0056091277,0.004886183,0.0068989624,0.0068989624,0.007919712,0.004886183,0.007919712,0.0060097747,0.0052351914,0.0068989624,0.0056091277,0.0052351914,0.004886183,0.0060097747,0.0056091277,0.004886183,0.0073917382,0.007919712,0.0052351914,0.007919712,0.004886183,0.0068989624,0.0064390376,0.007919712,0.0068989624,0.0068989624,0.0064390376,0.0064390376,0.007919712,0.0052351914,0.0052351914,0.0064390376,0.007919712,0.0064390376,0.0068989624,0.0056091277,0.0073917382,0.0060097747,0.0064390376,0.007919712,0.007919712,0.007919712,0.007919712,0.0068989624,0.0056091277,0.004886183,0.0064390376,0.007919712,0.0073917382,0.0056091277,0.0060097747,0.0052351914,0.004886183,1,0
0.004955673,0.005309645,0.0069970777,0.008032344,0.004955673,0.0056888997,0.008032344,0.0069970777,0.008032344,0.008032344,0.0056888997,0.005309645,0.005309645,0.0065306122,0.0074968617,0.004955673,0.0065306122,0.0069970777,0.008032344,0.004955673,0.004955673,0.0074968617,0.006095244,0.0065306122,0.004955673,0.004955673,0.0056888997,0.0065306122,0.0056888997,0.004955673,0.004955673,0.0065306122,0.0069970777,0.0074968617,0.008032344,0.0056888997,0.004955673,0.006095244,0.004955673,0.0056888997,0.004955673,0.0074968617,0.008032344,0.006095244,0.008032344,0.004955673,0.005309645,0.0069970777,0.0056888997,0.0069970777,0.0056888997,0.004955673,0.0065306122,0.0074968617,0.0056888997,0.004955673,0.004955673,0.0074968617,0.0065306122,0.0056888997,0.006095244,0.005309645,0.0069970777,0.0069970777,0.0065306122,0.005309645,0.006095244,0.005309645,0.0065306122,0.0056888997,0.006095244,0.006095244,0.0056888997,0.0056888997,0.0074968617,0.004955673,0.005309645,0.0056888997,0.005309645,0.004955673,0.0056888997,0.004955673,0.008032344,0.008032344,0.0069970777,0.004955673,0.0056888997,0.008032344,0.0069970777,0.006095244,0.0065306122,0.004955673,0.0056888997,0.005309645,0.0065306122,0.005309645,0.004955673,0.0065306122,0.008032344,0.0069970777,0.0065306122,0.0074968617,0.0074968617,0.006095244,0.0074968617,0.004955673,0.0056888997,0.005309645,0.0069970777,0.0074968617,0.004955673,0.004955673,0.0074968617,0.0065306122,0.0065306122,0.0056888997,0.0065306122,0.008032344,0.006095244,0.004955673,0.004955673,0.005309645,0.008032344,0.008032344,0.006095244,0.006095244,0.008032344,0.0069970777,0.008032344,0.0074968617,0.005309645,0.0056888997,0.0074968617,0.0074968617,0.005309645,0.0056888997,0.005309645,0.004955673,0.0069970777,0.0056888997,0.004955673,0.005309645,0.0074968617,0.0065306122,0.0065306122,0.005309645,0.008032344,0.008032344,0.008032344,0.0069970777,0.004955673,0.0056888997,0.0069970777,0.0074968617,0.004955673,0.004955673,0.004955673,0.0069970777,0.005309645,0.0069970777,3,2
0.007523876,0.007523876,0.007523876,0.007523876,0.0053287777,0.007523876,0.007523876,0.0065541444,0.007523876,0.0046419664,0.0065541444,0.0065541444,0.0046419664,0.0046419664,0.0046419664,0.0057093995,0.0065541444,0.0065541444,0.007523876,0.0061172075,0.007022291,0.007022291,0.0061172075,0.0057093995,0.0046419664,0.0046419664,0.0053287777,0.0061172075,0.0061172075,0.0046419664,0.0053287777,0.0057093995,0.007523876,0.0065541444,0.0046419664,0.007022291,0.0053287777,0.0061172075,0.0046419664,0.007022291,0.0046419664,0.007523876,0.007523876,0.007523876,0.0061172075,0.007022291,0.0061172075,0.007523876,0.007523876,0.0065541444,0.0053287777,0.007523876,0.007523876,0.007523876,0.0046419664,0.007523876,0.0065541444,0.007523876,0.007523876,0.0061172075,0.004973531,0.004973531,0.004973531,0.0053287777,0.0061172075,0.0061172075,0.0061172075,0.004973531,0.0057093995,0.0061172075,0.0057093995,0.007523876,0.0046419664,0.0053287777,0.0046419664,0.007523876,0.0061172075,0.007523876,0.007523876,0.007523876,0.007523876,0.0046419664,0.0046419664,0.0046419664,0.0046419664,0.007022291,0.007523876,0.007523876,0.0057093995,0.007523876,0.007523876,0.0065541444,0.007523876,0.0046419664,0.007523876,0.007022291,0.007523876,0.004973531,0.0061172075,0.0046419664,0.0053287777,0.007523876,0.0065541444,0.004973531,0.0046419664,0.0046419664,0.0061172075,0.0061172075,0.0046419664,0.0046419664,0.0065541444,0.007523876,0.0053287777,0.007523876,0.007022291,0.004973531,0.0065541444,0.007523876,0.007523876,0.0053287777,0.007523876,0.0061172075,0.007523876,0.007523876,0.007523876,0.007523876,0.007022291,0.0046419664,0.004973531,0.0065541444,0.0057093995,0.0053287777,0.0061172075,0.007022291,0.0061172075,0.0061172075,0.004973531,0.0046419664,0.0061172075,0.0053287777,0.0053287777,0.0065541444,0.0057093995,0.0046419664,0.0065541444,0.0065541444,0.007523876,0.007523876,0.007523876,0.0046419664,0.0046419664,0.0053287777,0.007523876,0.007523876,0.0065541444,0.0046419664,0.007022291,0.007523876,0.007523876,0.007022291,0,1
0.007934378,0.006450962,0.007934378,0.007934378,0.0048952317,0.007934378,0.006450962,0.0048952317,0.0048952317,0.0048952317,0.006450962,0.005619515,0.0048952317,0.0069117383,0.007934378,0.007934378,0.007405427,0.006020904,0.0048952317,0.0048952317,0.006020904,0.0069117383,0.006020904,0.006450962,0.005619515,0.007934378,0.005619515,0.006450962,0.0048952317,0.007934378,0.007934378,0.006020904,0.0048952317,0.0048952317,0.007934378,0.006450962,0.006450962,0.006020904,0.006450962,0.0069117383,0.005619515,0.007405427,0.006450962,0.005619515,0.007934378,0.006450962,0.005619515,0.0048952317,0.0048952317,0.006450962,0.0069117383,0.006020904,0.005619515,0.0048952317,0.007934378,0.0048952317,0.006450962,0.005244886,0.0048952317,0.0048952317,0.007934378,0.006020904,0.0048952317,0.005619515,0.007934378,0.007934378,0.007934378,0.0048952317,0.0048952317,0.0048952317,0.007934378,0.007934378,0.0048952317,0.005244886,0.0048952317,0.005619515,0.006450962,0.0048952317,0.005619515,0.005244886,0.005244886,0.007934378,0.007405427,0.0048952317,0.007934378,0.0048952317,0.0048952317,0.0048952317,0.006020904,0.006450962,0.006450962,0.0069117383,0.0048952317,0.007934378,0.007934378,0.006020904,0.0048952317,0.005244886,0.0048952317,0.007934378,0.0069117383,0.006450962,0.0048952317,0.005244886,0.006450962,0.007934378,0.007934378,0.0048952317,0.0048952317,0.007934378,0.007934378,0.007405427,0.005619515,0.0048952317,0.0069117383,0.006020904,0.0069117383,0.006020904,0.005244886,0.005244886,0.006020904,0.005619515,0.007405427,0.0048952317,0.0048952317,0.005619515,0.007934378,0.005619515,0.007405427,0.0048952317,0.007934378,0.0069117383,0.0048952317,0.0048952317,0.005244886,0.007934378,0.005244886,0.007934378,0.006450962,0.007934378,0.0069117383,0.007405427,0.006450962,0.0048952317,0.006450962,0.006020904,0.007934378,0.007934378,0.007934378,0.0048952317,0.007405427,0.005619515,0.0048952317,0.0048952317,0.007934378,0.007405427,0.007934378,0.005619515,0.005619515,0.0048952317,0,1
0.0070625227,0.0075669815,0.006152254,0.0075669815,0.006591694,0.005742109,0.008107472,0.0050020246,0.0050020246,0.006591694,0.008107472,0.005742109,0.0050020246,0.008107472,0.008107472,0.0050020246,0.0075669815,0.005742109,0.0050020246,0.005359307,0.0050020246,0.0075669815,0.005359307,0.006152254,0.006152254,0.005742109,0.005742109,0.006152254,0.0070625227,0.006152254,0.0075669815,0.006591694,0.0050020246,0.005359307,0.008107472,0.005359307,0.006591694,0.0050020246,0.0050020246,0.005742109,0.005359307,0.0075669815,0.0070625227,0.005742109,0.008107472,0.008107472,0.006591694,0.006152254,0.0050020246,0.006591694,0.006152254,0.006152254,0.008107472,0.006591694,0.005742109,0.005359307,0.0070625227,0.005359307,0.0050020246,0.005742109,0.0075669815,0.0070625227,0.005359307,0.005359307,0.0070625227,0.008107472,0.008107472,0.0050020246,0.0050020246,0.0050020246,0.005742109,0.006591694,0.0050020246,0.005742109,0.008107472,0.0050020246,0.006591694,0.0050020246,0.0050020246,0.0050020246,0.0050020246,0.006152254,0.0050020246,0.005742109,0.0070625227,0.0050020246,0.0050020246,0.005359307,0.006591694,0.006152254,0.006152254,0.0070625227,0.0050020246,0.008107472,0.008107472,0.006152254,0.0050020246,0.006591694,0.006591694,0.008107472,0.0070625227,0.008107472,0.0050020246,0.006152254,0.005742109,0.008107472,0.008107472,0.0050020246,0.0050020246,0.008107472,0.0070625227,0.0075669815,0.006152254,0.0050020246,0.006152254,0.006152254,0.006591694,0.006152254,0.005742109,0.0050020246,0.005359307,0.005359307,0.0050020246,0.0050020246,0.0050020246,0.006591694,0.006591694,0.0050020246,0.008107472,0.005742109,0.008107472,0.0070625227,0.0050020246,0.0050020246,0.0050020246,0.0070625227,0.005742109,0.0050020246,0.006152254,0.006591694,0.0070625227,0.0070625227,0.006152254,0.0075669815,0.006591694,0.005359307,0.0075669815,0.008107472,0.008107472,0.0070625227,0.0050020246,0.005742109,0.006591694,0.0070625227,0.006591694,0.006152254,0.005359307,0.005359307,0.006591694,0.0050020246,6,1
0.00574009,0.0065893764,0.005000266,0.0065893764,0.0075643207,0.00574009,0.006150091,0.005000266,0.005000266,0.0070600393,0.008104621,0.0053574224,0.005000266,0.008104621,0.008104621,0.00574009,0.005000266,0.005000266,0.005000266,0.008104621,0.0070600393,0.006150091,0.006150091,0.005000266,0.008104621,0.0075643207,0.00574009,0.0065893764,0.006150091,0.008104621,0.0070600393,0.0053574224,0.005000266,0.006150091,0.008104621,0.00574009,0.0065893764,0.0053574224,0.00574009,0.00574009,0.0053574224,0.0065893764,0.0065893764,0.0053574224,0.008104621,0.0075643207,0.0065893764,0.005000266,0.005000266,0.008104621,0.006150091,0.0053574224,0.0070600393,0.005000266,0.0065893764,0.005000266,0.0070600393,0.005000266,0.005000266,0.00574009,0.008104621,0.0065893764,0.0053574224,0.00574009,0.008104621,0.006150091,0.0065893764,0.0053574224,0.008104621,0.005000266,0.0075643207,0.005000266,0.00574009,0.00574009,0.008104621,0.0053574224,0.0065893764,0.005000266,0.006150091,0.005000266,0.00574009,0.008104621,0.005000266,0.005000266,0.008104621,0.005000266,0.0053574224,0.00574009,0.006150091,0.006150091,0.006150091,0.0070600393,0.005000266,0.008104621,0.008104621,0.006150091,0.005000266,0.0065893764,0.00574009,0.008104621,0.0070600393,0.008104621,0.005000266,0.006150091,0.0053574224,0.008104621,0.008104621,0.005000266,0.005000266,0.008104621,0.0065893764,0.00574009,0.00574009,0.00574009,0.0070600393,0.006150091,0.0070600393,0.00574009,0.006150091,0.005000266,0.0070600393,0.006150091,0.005000266,0.005000266,0.008104621,0.008104621,0.0075643207,0.005000266,0.005000266,0.006150091,0.0075643207,0.00574009,0.006150091,0.0053574224,0.0065893764,0.0065893764,0.005000266,0.005000266,0.005000266,0.0070600393,0.006150091,0.0070600393,0.006150091,0.005000266,0.008104621,0.0053574224,0.0075643207,0.005000266,0.005000266,0.008104621,0.0065893764,0.00574009,0.005000266,0.0065893764,0.0065893764,0.0070600393,0.00574009,0.006150091,0.0065893764,0.005000266,10,4
0.005288351,0.006969016,0.006969016,0.0056660846,0.008000131,0.005288351,0.0049357987,0.0049357987,0.0049357987,0.008000131,0.007466796,0.006504421,0.0049357987,0.005288351,0.008000131,0.0056660846,0.006504421,0.006504421,0.005288351,0.006504421,0.0049357987,0.007466796,0.0056660846,0.0049357987,0.007466796,0.006969016,0.0056660846,0.0056660846,0.0049357987,0.008000131,0.008000131,0.0056660846,0.0049357987,0.006969016,0.008000131,0.006070799,0.006070799,0.006969016,0.006070799,0.007466796,0.0049357987,0.006070799,0.008000131,0.006969016,0.008000131,0.005288351,0.0056660846,0.0049357987,0.0049357987,0.006504421,0.007466796,0.006969016,0.0049357987,0.0049357987,0.008000131,0.0049357987,0.006969016,0.0049357987,0.0049357987,0.006969016,0.008000131,0.006504421,0.0056660846,0.0049357987,0.008000131,0.005288351,0.007466796,0.006070799,0.0056660846,0.0056660846,0.005288351,0.006504421,0.005288351,0.005288351,0.008000131,0.006504421,0.006504421,0.0049357987,0.006504421,0.0049357987,0.005288351,0.006969016,0.008000131,0.0056660846,0.008000131,0.0049357987,0.0049357987,0.005288351,0.007466796,0.006070799,0.006070799,0.006969016,0.0049357987,0.008000131,0.008000131,0.006969016,0.0049357987,0.006070799,0.0049357987,0.008000131,0.007466796,0.006504421,0.006070799,0.005288351,0.007466796,0.008000131,0.007466796,0.0049357987,0.0049357987,0.008000131,0.007466796,0.008000131,0.006504421,0.007466796,0.008000131,0.007466796,0.006504421,0.0049357987,0.005288351,0.0049357987,0.0049357987,0.005288351,0.0049357987,0.0049357987,0.005288351,0.0049357987,0.0056660846,0.0056660846,0.008000131,0.0049357987,0.008000131,0.0056660846,0.006969016,0.006504421,0.007466796,0.006969016,0.005288351,0.007466796,0.006070799,0.008000131,0.0049357987,0.006070799,0.007466796,0.0056660846,0.006070799,0.0049357987,0.0049357987,0.0049357987,0.0049357987,0.008000131,0.006504421,0.0056660846,0.0049357987,0.0049357987,0.008000131,0.008000131,0.006504421,0.0049357987,0.0049357987,0.007466796,4,4
0.0048710443,0.005218971,0.007895174,0.007895174,0.0048710443,0.005218971,0.007895174,0.006877587,0.0073688366,0.007895174,0.005591749,0.005991155,0.007895174,0.0048710443,0.007895174,0.0048710443,0.006877587,0.006877587,0.007895174,0.005218971,0.0073688366,0.005991155,0.005991155,0.005991155,0.0048710443,0.005591749,0.005591749,0.0064190878,0.005591749,0.0048710443,0.0048710443,0.005991155,0.007895174,0.006877587,0.007895174,0.005591749,0.0048710443,0.006877587,0.0048710443,0.005591749,0.0048710443,0.0064190878,0.007895174,0.005991155,0.007895174,0.005591749,0.0048710443,0.007895174,0.0064190878,0.006877587,0.005591749,0.0048710443,0.007895174,0.0048710443,0.0064190878,0.0048710443,0.0048710443,0.007895174,0.005991155,0.0073688366,0.006877587,0.005218971,0.0073688366,0.005218971,0.007895174,0.005991155,0.005591749,0.005591749,0.005218971,0.005591749,0.0064190878,0.0064190878,0.005591749,0.005591749,0.0064190878,0.0048710443,0.005218971,0.007895174,0.005991155,0.005218971,0.0048710443,0.0048710443,0.007895174,0.007895174,0.007895174,0.0048710443,0.0048710443,0.007895174,0.0073688366,0.0048710443,0.0064190878,0.0064190878,0.007895174,0.0048710443,0.007895174,0.0048710443,0.0048710443,0.007895174,0.005991155,0.007895174,0.005991155,0.0064190878,0.007895174,0.005991155,0.0073688366,0.0048710443,0.005591749,0.007895174,0.005218971,0.007895174,0.005591749,0.005218971,0.006877587,0.007895174,0.005991155,0.0048710443,0.0064190878,0.007895174,0.005591749,0.0048710443,0.005991155,0.005218971,0.007895174,0.007895174,0.005991155,0.005991155,0.007895174,0.0064190878,0.007895174,0.0073688366,0.005218971,0.005591749,0.0073688366,0.0073688366,0.005218971,0.005991155,0.0048710443,0.005218971,0.0073688366,0.005591749,0.005591749,0.0064190878,0.0064190878,0.005218971,0.005591749,0.005218971,0.007895174,0.007895174,0.007895174,0.0048710443,0.0048710443,0.005591749,0.0073688366,0.007895174,0.0048710443,0.005218971,0.0048710443,0.006877587,0.005591749,0.005591749,2,2
0.006253854,0.0071791555,0.007691945,0.007691945,0.004745659,0.0067005516,0.007691945,0.0067005516,0.007691945,0.005447812,0.006253854,0.006253854,0.004745659,0.004745659,0.007691945,0.0058369366,0.006253854,0.0067005516,0.007691945,0.0058369366,0.007691945,0.006253854,0.0050846296,0.0058369366,0.004745659,0.007691945,0.006253854,0.005447812,0.004745659,0.006253854,0.005447812,0.005447812,0.007691945,0.0071791555,0.004745659,0.0050846296,0.0050846296,0.007691945,0.004745659,0.006253854,0.004745659,0.0058369366,0.007691945,0.006253854,0.007691945,0.007691945,0.0071791555,0.007691945,0.007691945,0.0071791555,0.005447812,0.007691945,0.006253854,0.005447812,0.004745659,0.007691945,0.006253854,0.007691945,0.007691945,0.006253854,0.0071791555,0.006253854,0.0050846296,0.004745659,0.007691945,0.0050846296,0.0058369366,0.004745659,0.0058369366,0.0071791555,0.007691945,0.007691945,0.004745659,0.0050846296,0.004745659,0.0067005516,0.0058369366,0.007691945,0.006253854,0.0058369366,0.004745659,0.004745659,0.007691945,0.007691945,0.007691945,0.004745659,0.006253854,0.007691945,0.006253854,0.004745659,0.0071791555,0.0067005516,0.007691945,0.004745659,0.007691945,0.0058369366,0.0071791555,0.004745659,0.006253854,0.005447812,0.0071791555,0.0067005516,0.005447812,0.0050846296,0.007691945,0.004745659,0.0058369366,0.004745659,0.004745659,0.007691945,0.006253854,0.007691945,0.0050846296,0.0058369366,0.0067005516,0.005447812,0.0071791555,0.005447812,0.0058369366,0.006253854,0.006253854,0.0067005516,0.007691945,0.007691945,0.0050846296,0.0071791555,0.007691945,0.004745659,0.005447812,0.0067005516,0.006253854,0.005447812,0.0067005516,0.0067005516,0.005447812,0.0067005516,0.0058369366,0.004745659,0.006253854,0.006253854,0.0058369366,0.0067005516,0.004745659,0.004745659,0.007691945,0.0050846296,0.007691945,0.007691945,0.007691945,0.004745659,0.004745659,0.005447812,0.0067005516,0.0071791555,0.004745659,0.006253854,0.006253854,0.006253854,0.006253854,0.004745659,2,1
0.0062917066,0.0058722654,0.0077385018,0.0077385018,0.004774383,0.005115405,0.0077385018,0.0067411074,0.0067411074,0.0077385018,0.005480786,0.0058722654,0.0058722654,0.004774383,0.0077385018,0.0072226087,0.004774383,0.005115405,0.0062917066,0.0062917066,0.0072226087,0.0072226087,0.005480786,0.0067411074,0.004774383,0.0062917066,0.0072226087,0.005115405,0.0058722654,0.0072226087,0.0058722654,0.0067411074,0.005480786,0.0067411074,0.005480786,0.0062917066,0.005480786,0.0077385018,0.004774383,0.005480786,0.004774383,0.0077385018,0.0077385018,0.0058722654,0.0077385018,0.0058722654,0.005115405,0.0077385018,0.0077385018,0.0058722654,0.0058722654,0.0067411074,0.0058722654,0.005115405,0.005480786,0.005115405,0.004774383,0.0077385018,0.0058722654,0.0062917066,0.0067411074,0.005480786,0.0067411074,0.004774383,0.0077385018,0.005480786,0.0058722654,0.004774383,0.005480786,0.0072226087,0.005480786,0.0077385018,0.005480786,0.005115405,0.0077385018,0.0062917066,0.005115405,0.0077385018,0.0067411074,0.005115405,0.004774383,0.005480786,0.0077385018,0.0077385018,0.0067411074,0.004774383,0.0058722654,0.0077385018,0.0077385018,0.005480786,0.0067411074,0.0067411074,0.0077385018,0.004774383,0.0077385018,0.005480786,0.005480786,0.005480786,0.0062917066,0.0067411074,0.0077385018,0.0077385018,0.0072226087,0.0062917066,0.0058722654,0.004774383,0.005480786,0.005480786,0.004774383,0.0077385018,0.0058722654,0.0077385018,0.0062917066,0.0072226087,0.0062917066,0.0062917066,0.0067411074,0.0077385018,0.0062917066,0.005115405,0.0058722654,0.0058722654,0.0077385018,0.0077385018,0.005115405,0.0062917066,0.0077385018,0.005480786,0.0067411074,0.0072226087,0.0058722654,0.005480786,0.0062917066,0.0062917066,0.004774383,0.0067411074,0.0058722654,0.005115405,0.0062917066,0.005480786,0.0058722654,0.0067411074,0.0058722654,0.004774383,0.0067411074,0.005480786,0.0077385018,0.0077385018,0.0077385018,0.005115405,0.004774383,0.005480786,0.0062917066,0.0067411074,0.004774383,0.0077385018,0.0058722654,0.0067411074,0.0058722654,0.004774383,2,2
0.006383081,0.006383081,0.007850888,0.007850888,0.004843721,0.0055603837,0.007850888,0.006839009,0.007850888,0.007850888,0.0055603837,0.0059575485,0.0055603837,0.004843721,0.007850888,0.0051896963,0.004843721,0.006839009,0.007850888,0.0055603837,0.006383081,0.006839009,0.0051896963,0.004843721,0.004843721,0.0059575485,0.0073275026,0.0059575485,0.0055603837,0.006383081,0.006383081,0.006383081,0.0059575485,0.006839009,0.006839009,0.004843721,0.0055603837,0.007850888,0.004843721,0.0055603837,0.0051896963,0.006383081,0.007850888,0.0059575485,0.007850888,0.004843721,0.0051896963,0.007850888,0.0059575485,0.0059575485,0.0059575485,0.006383081,0.007850888,0.004843721,0.0059575485,0.004843721,0.004843721,0.007850888,0.0059575485,0.0059575485,0.0051896963,0.0051896963,0.0059575485,0.0051896963,0.0059575485,0.0051896963,0.0059575485,0.0051896963,0.0059575485,0.0059575485,0.0073275026,0.006839009,0.0055603837,0.0055603837,0.006839009,0.004843721,0.0059575485,0.007850888,0.0059575485,0.004843721,0.004843721,0.0055603837,0.007850888,0.007850888,0.006839009,0.004843721,0.0051896963,0.007850888,0.0073275026,0.0051896963,0.0073275026,0.006839009,0.007850888,0.004843721,0.007850888,0.0059575485,0.004843721,0.0073275026,0.004843721,0.007850888,0.007850888,0.007850888,0.007850888,0.006383081,0.0059575485,0.004843721,0.0055603837,0.007850888,0.004843721,0.007850888,0.0051896963,0.0055603837,0.0073275026,0.0059575485,0.006839009,0.0059575485,0.0059575485,0.007850888,0.0059575485,0.0055603837,0.0055603837,0.0059575485,0.007850888,0.007850888,0.0051896963,0.006383081,0.006839009,0.006383081,0.0073275026,0.006383081,0.004843721,0.0055603837,0.0073275026,0.0073275026,0.004843721,0.0059575485,0.0055603837,0.0051896963,0.006383081,0.006383081,0.006839009,0.0059575485,0.006383081,0.0055603837,0.0059575485,0.0051896963,0.007850888,0.007850888,0.007850888,0.0051896963,0.004843721,0.0055603837,0.006839009,0.0073275026,0.0051896963,0.007850888,0.0059575485,0.006839009,0.0059575485,0.0055603837,2,3
0.004799577,0.0063249078,0.004799577,0.0077793375,0.004799577,0.0059032533,0.0077793375,0.0067766802,0.0077793375,0.0077793375,0.0067766802,0.0067766802,0.004799577,0.0077793375,0.0063249078,0.0077793375,0.007260722,0.0059032533,0.0077793375,0.0055097076,0.0077793375,0.007260722,0.0055097076,0.0059032533,0.004799577,0.0077793375,0.0063249078,0.005142399,0.0055097076,0.007260722,0.0077793375,0.0055097076,0.004799577,0.0063249078,0.0077793375,0.005142399,0.0055097076,0.004799577,0.0059032533,0.0055097076,0.004799577,0.0063249078,0.007260722,0.0055097076,0.0077793375,0.004799577,0.005142399,0.0067766802,0.0077793375,0.0055097076,0.0063249078,0.0063249078,0.004799577,0.0077793375,0.0077793375,0.004799577,0.0059032533,0.007260722,0.0067766802,0.005142399,0.007260722,0.0063249078,0.0063249078,0.004799577,0.0067766802,0.005142399,0.0063249078,0.005142399,0.0077793375,0.0067766802,0.007260722,0.0077793375,0.0055097076,0.0055097076,0.005142399,0.004799577,0.0059032533,0.004799577,0.0067766802,0.0055097076,0.004799577,0.0055097076,0.0077793375,0.0077793375,0.0063249078,0.004799577,0.004799577,0.005142399,0.007260722,0.0059032533,0.0063249078,0.0067766802,0.005142399,0.0077793375,0.0077793375,0.0059032533,0.004799577,0.0063249078,0.0063249078,0.0077793375,0.007260722,0.0063249078,0.0063249078,0.004799577,0.0067766802,0.004799577,0.0055097076,0.004799577,0.0077793375,0.0063249078,0.007260722,0.0055097076,0.005142399,0.007260722,0.0067766802,0.0059032533,0.0067766802,0.0055097076,0.0063249078,0.004799577,0.004799577,0.005142399,0.0067766802,0.0077793375,0.004799577,0.0063249078,0.0077793375,0.0063249078,0.0077793375,0.0067766802,0.007260722,0.0055097076,0.007260722,0.007260722,0.0067766802,0.0067766802,0.0063249078,0.005142399,0.0077793375,0.0063249078,0.0055097076,0.0059032533,0.0059032533,0.0059032533,0.0055097076,0.0055097076,0.0077793375,0.0077793375,0.0077793375,0.004799577,0.0055097076,0.0055097076,0.0067766802,0.007260722,0.0063249078,0.0077793375,0.0059032533,0.004799577,0.0055097076,0.004799577,3,3
0.006172051,0.0075913314,0.0075913314,0.0075913314,0.004683584,0.006172051,0.0075913314,0.0066129058,0.0070852493,0.0075913314,0.0057605873,0.006172051,0.004683584,0.004683584,0.006172051,0.006172051,0.0066129058,0.006172051,0.0075913314,0.0066129058,0.0075913314,0.006172051,0.004683584,0.0050181206,0.004683584,0.0075913314,0.0053765527,0.0053765527,0.0053765527,0.0075913314,0.0070852493,0.0050181206,0.0057605873,0.0050181206,0.0075913314,0.0053765527,0.0053765527,0.006172051,0.004683584,0.0057605873,0.004683584,0.006172051,0.0075913314,0.0057605873,0.0075913314,0.0070852493,0.0070852493,0.0075913314,0.0075913314,0.0066129058,0.0053765527,0.0075913314,0.0053765527,0.0070852493,0.004683584,0.0075913314,0.006172051,0.0075913314,0.0075913314,0.0070852493,0.0070852493,0.0057605873,0.0057605873,0.0050181206,0.0075913314,0.0053765527,0.0053765527,0.0050181206,0.0053765527,0.0075913314,0.0075913314,0.0075913314,0.0053765527,0.0050181206,0.0057605873,0.0075913314,0.0057605873,0.0075913314,0.0066129058,0.0057605873,0.004683584,0.006172051,0.0075913314,0.0070852493,0.0075913314,0.0057605873,0.0050181206,0.0053765527,0.004683584,0.0070852493,0.0070852493,0.0066129058,0.0075913314,0.004683584,0.0075913314,0.0050181206,0.006172051,0.004683584,0.006172051,0.0057605873,0.0066129058,0.0070852493,0.0066129058,0.0057605873,0.0070852493,0.0075913314,0.0070852493,0.004683584,0.004683584,0.0075913314,0.0066129058,0.0075913314,0.004683584,0.0050181206,0.0070852493,0.004683584,0.0066129058,0.0075913314,0.0066129058,0.004683584,0.0050181206,0.0057605873,0.0075913314,0.0075913314,0.0053765527,0.006172051,0.0075913314,0.0057605873,0.0070852493,0.006172051,0.0075913314,0.0053765527,0.0053765527,0.006172051,0.006172051,0.0070852493,0.0057605873,0.004683584,0.006172051,0.0057605873,0.0057605873,0.0066129058,0.004683584,0.004683584,0.0075913314,0.0050181206,0.0075913314,0.0075913314,0.0075913314,0.004683584,0.004683584,0.0053765527,0.0070852493,0.0070852493,0.0053765527,0.0075913314,0.006172051,0.006172051,0.006172051,0.004683584,1,1
0.0061428687,0.007555438,0.007555438,0.007555438,0.004661439,0.0049943943,0.007051749,0.0065816385,0.0065816385,0.007555438,0.0065816385,0.0065816385,0.004661439,0.004661439,0.007555438,0.0053511313,0.0061428687,0.0065816385,0.007555438,0.0061428687,0.007555438,0.007051749,0.0061428687,0.0061428687,0.004661439,0.007051749,0.007051749,0.0049943943,0.00573335,0.0065816385,0.0049943943,0.0065816385,0.007051749,0.0061428687,0.0065816385,0.004661439,0.0049943943,0.007555438,0.004661439,0.0053511313,0.004661439,0.007555438,0.007555438,0.00573335,0.0065816385,0.007051749,0.0065816385,0.007555438,0.007555438,0.007555438,0.0053511313,0.0061428687,0.0065816385,0.00573335,0.004661439,0.007555438,0.004661439,0.007555438,0.00573335,0.00573335,0.007555438,0.007051749,0.0053511313,0.004661439,0.007555438,0.0053511313,0.0061428687,0.004661439,0.00573335,0.007051749,0.007555438,0.0061428687,0.0053511313,0.004661439,0.007555438,0.007555438,0.0061428687,0.007555438,0.0061428687,0.007051749,0.0053511313,0.0053511313,0.007555438,0.007555438,0.007555438,0.0053511313,0.007555438,0.007555438,0.00573335,0.004661439,0.0065816385,0.0065816385,0.007555438,0.004661439,0.007555438,0.0061428687,0.0061428687,0.0053511313,0.0065816385,0.0053511313,0.007051749,0.007555438,0.0065816385,0.0049943943,0.0065816385,0.004661439,0.00573335,0.00573335,0.004661439,0.007555438,0.0065816385,0.007555438,0.004661439,0.0065816385,0.0061428687,0.004661439,0.0065816385,0.007051749,0.007051749,0.0053511313,0.0065816385,0.0065816385,0.007555438,0.007555438,0.0049943943,0.0053511313,0.007555438,0.00573335,0.0065816385,0.0065816385,0.0061428687,0.0061428687,0.0065816385,0.007051749,0.0053511313,0.0053511313,0.0049943943,0.004661439,0.0065816385,0.0053511313,0.007555438,0.0065816385,0.0061428687,0.004661439,0.0061428687,0.0049943943,0.007555438,0.007555438,0.007555438,0.004661439,0.0061428687,0.0053511313,0.0065816385,0.007051749,0.004661439,0.007051749,0.00573335,0.0061428687,0.0053511313,0.004661439,1,3
0.005616671,0.0069082403,0.0048927544,0.006447697,0.006447697,0.0048927544,0.006447697,0.0048927544,0.005616671,0.007930363,0.0069082403,0.006447697,0.0048927544,0.007930363,0.007930363,0.0060178568,0.0060178568,0.005242232,0.005616671,0.0069082403,0.005242232,0.0060178568,0.005242232,0.0048927544,0.006447697,0.0074016787,0.005616671,0.0060178568,0.005242232,0.0074016787,0.0069082403,0.0048927544,0.0048927544,0.0074016787,0.007930363,0.0069082403,0.006447697,0.005616671,0.0069082403,0.007930363,0.0048927544,0.0060178568,0.007930363,0.0060178568,0.007930363,0.007930363,0.0074016787,0.0048927544,0.0048927544,0.0074016787,0.0060178568,0.0060178568,0.0069082403,0.0048927544,0.0069082403,0.0048927544,0.006447697,0.0048927544,0.0048927544,0.0048927544,0.007930363,0.0060178568,0.0060178568,0.005616671,0.007930363,0.0060178568,0.0069082403,0.005242232,0.007930363,0.005616671,0.0048927544,0.0060178568,0.0048927544,0.005616671,0.007930363,0.0069082403,0.006447697,0.0048927544,0.006447697,0.005616671,0.005242232,0.0069082403,0.0048927544,0.0048927544,0.0074016787,0.0048927544,0.0048927544,0.005242232,0.005616671,0.0060178568,0.0060178568,0.0069082403,0.0048927544,0.007930363,0.007930363,0.0060178568,0.0048927544,0.0069082403,0.0048927544,0.007930363,0.0074016787,0.0074016787,0.006447697,0.0048927544,0.0074016787,0.007930363,0.007930363,0.0048927544,0.0048927544,0.007930363,0.007930363,0.0069082403,0.0060178568,0.005242232,0.0069082403,0.0060178568,0.0069082403,0.006447697,0.005242232,0.0048927544,0.005616671,0.005616671,0.0048927544,0.0048927544,0.006447697,0.005616671,0.007930363,0.0048927544,0.0048927544,0.0074016787,0.0069082403,0.006447697,0.0069082403,0.005616671,0.0060178568,0.0069082403,0.005242232,0.007930363,0.005242232,0.0069082403,0.0060178568,0.0069082403,0.0060178568,0.0060178568,0.0069082403,0.006447697,0.007930363,0.007930363,0.007930363,0.0074016787,0.0060178568,0.005616671,0.0048927544,0.0069082403,0.007930363,0.007930363,0.006447697,0.005616671,0.005616671,0.0048927544,9,4
0.007133358,0.0076428764,0.0076428764,0.0076428764,0.0047153854,0.007133358,0.0076428764,0.0062139593,0.006657807,0.0047153854,0.0057997014,0.006657807,0.0047153854,0.0047153854,0.0047153854,0.0062139593,0.0062139593,0.0062139593,0.0076428764,0.0062139593,0.007133358,0.007133358,0.0047153854,0.0047153854,0.0047153854,0.0047153854,0.005413059,0.0062139593,0.0062139593,0.0047153854,0.0047153854,0.0057997014,0.0076428764,0.006657807,0.0047153854,0.007133358,0.0062139593,0.0057997014,0.0047153854,0.007133358,0.007133358,0.007133358,0.0057997014,0.005413059,0.0047153854,0.0076428764,0.006657807,0.0076428764,0.0076428764,0.007133358,0.005413059,0.0076428764,0.0076428764,0.0076428764,0.0047153854,0.0076428764,0.006657807,0.0076428764,0.0076428764,0.0057997014,0.0047153854,0.0057997014,0.0047153854,0.0047153854,0.0076428764,0.0062139593,0.0062139593,0.0050521935,0.0057997014,0.0062139593,0.0062139593,0.0076428764,0.0050521935,0.005413059,0.0047153854,0.0076428764,0.0062139593,0.0076428764,0.0076428764,0.0076428764,0.0076428764,0.0047153854,0.0047153854,0.0047153854,0.0047153854,0.006657807,0.0076428764,0.0076428764,0.0057997014,0.0076428764,0.0076428764,0.006657807,0.0076428764,0.0047153854,0.0076428764,0.0076428764,0.0076428764,0.0047153854,0.0062139593,0.0047153854,0.005413059,0.007133358,0.006657807,0.0050521935,0.005413059,0.0047153854,0.0062139593,0.0062139593,0.0047153854,0.0047153854,0.007133358,0.0076428764,0.005413059,0.0076428764,0.007133358,0.0050521935,0.006657807,0.0076428764,0.0076428764,0.005413059,0.0076428764,0.007133358,0.0076428764,0.0076428764,0.0076428764,0.0076428764,0.006657807,0.0047153854,0.0047153854,0.006657807,0.005413059,0.005413059,0.0047153854,0.0062139593,0.005413059,0.0062139593,0.0057997014,0.0047153854,0.006657807,0.005413059,0.005413059,0.006657807,0.0057997014,0.0047153854,0.006657807,0.006657807,0.0076428764,0.0076428764,0.0076428764,0.0047153854,0.0047153854,0.005413059,0.007133358,0.0076428764,0.006657807,0.0076428764,0.0057997014,0.005413059,0.0057997014,0.0047153854,1,1
0.0062182737,0.005803728,0.0076481826,0.0076481826,0.004718659,0.0050557014,0.0076481826,0.0066624293,0.0071383105,0.0076481826,0.0062182737,0.0062182737,0.004718659,0.0066624293,0.0076481826,0.0076481826,0.0062182737,0.0050557014,0.0076481826,0.0050557014,0.0076481826,0.0071383105,0.0050557014,0.0050557014,0.005803728,0.0076481826,0.005803728,0.0050557014,0.0050557014,0.0054168175,0.0076481826,0.0062182737,0.004718659,0.0050557014,0.0062182737,0.0076481826,0.004718659,0.0076481826,0.004718659,0.0062182737,0.0054168175,0.0066624293,0.0076481826,0.005803728,0.0076481826,0.0071383105,0.0050557014,0.0054168175,0.0076481826,0.0054168175,0.0066624293,0.005803728,0.0050557014,0.0076481826,0.0054168175,0.0071383105,0.005803728,0.004718659,0.005803728,0.004718659,0.0071383105,0.0071383105,0.0050557014,0.0050557014,0.0062182737,0.0050557014,0.005803728,0.004718659,0.0076481826,0.005803728,0.0071383105,0.0076481826,0.0054168175,0.0050557014,0.0076481826,0.0066624293,0.005803728,0.004718659,0.0062182737,0.005803728,0.0062182737,0.0071383105,0.0076481826,0.0076481826,0.0076481826,0.0050557014,0.0054168175,0.0066624293,0.0071383105,0.005803728,0.005803728,0.0066624293,0.0050557014,0.0076481826,0.0066624293,0.0066624293,0.004718659,0.005803728,0.004718659,0.0076481826,0.0076481826,0.0066624293,0.005803728,0.0062182737,0.0054168175,0.0076481826,0.005803728,0.0062182737,0.0050557014,0.0076481826,0.0066624293,0.0066624293,0.0062182737,0.0076481826,0.005803728,0.005803728,0.0066624293,0.0076481826,0.005803728,0.004718659,0.0062182737,0.0050557014,0.005803728,0.0076481826,0.004718659,0.005803728,0.0071383105,0.0062182737,0.0071383105,0.0066624293,0.0076481826,0.0054168175,0.0066624293,0.0071383105,0.0050557014,0.0062182737,0.0062182737,0.0054168175,0.0066624293,0.0054168175,0.0076481826,0.0066624293,0.005803728,0.005803728,0.0054168175,0.0050557014,0.0076481826,0.0076481826,0.0076481826,0.0066624293,0.005803728,0.0054168175,0.0062182737,0.0066624293,0.0054168175,0.0076481826,0.0062182737,0.0062182737,0.0054168175,0.0050557014,2,3
0.0073107984,0.005547708,0.007832991,0.0048326794,0.0048326794,0.007832991,0.0073107984,0.005547708,0.0048326794,0.005547708,0.006823418,0.006823418,0.005547708,0.0048326794,0.005547708,0.006823418,0.006823418,0.0051778657,0.00636853,0.0051778657,0.0073107984,0.0073107984,0.0059439675,0.005547708,0.0048326794,0.00636853,0.005547708,0.0051778657,0.0048326794,0.007832991,0.007832991,0.005547708,0.0051778657,0.006823418,0.007832991,0.0059439675,0.0059439675,0.006823418,0.0059439675,0.0073107984,0.0048326794,0.00636853,0.0059439675,0.0059439675,0.0073107984,0.007832991,0.0059439675,0.0048326794,0.0048326794,0.006823418,0.0073107984,0.006823418,0.0048326794,0.005547708,0.007832991,0.0048326794,0.00636853,0.0051778657,0.0048326794,0.0048326794,0.007832991,0.0059439675,0.0059439675,0.005547708,0.007832991,0.0051778657,0.006823418,0.0059439675,0.00636853,0.007832991,0.007832991,0.007832991,0.005547708,0.005547708,0.005547708,0.007832991,0.00636853,0.0048326794,0.0048326794,0.0048326794,0.00636853,0.00636853,0.007832991,0.0073107984,0.006823418,0.0048326794,0.0048326794,0.0051778657,0.0073107984,0.0059439675,0.0059439675,0.006823418,0.0048326794,0.007832991,0.007832991,0.006823418,0.0048326794,0.005547708,0.0048326794,0.007832991,0.00636853,0.006823418,0.00636853,0.0051778657,0.006823418,0.007832991,0.006823418,0.00636853,0.0048326794,0.0073107984,0.007832991,0.007832991,0.00636853,0.005547708,0.006823418,0.0073107984,0.006823418,0.0048326794,0.0051778657,0.0048326794,0.007832991,0.0051778657,0.007832991,0.0048326794,0.0059439675,0.007832991,0.0048326794,0.0048326794,0.0048326794,0.007832991,0.007832991,0.005547708,0.00636853,0.0059439675,0.0073107984,0.006823418,0.0051778657,0.00636853,0.00636853,0.007832991,0.007832991,0.00636853,0.0059439675,0.0073107984,0.005547708,0.007832991,0.007832991,0.0048326794,0.006823418,0.0051778657,0.005547708,0.005547708,0.0059439675,0.006823418,0.0073107984,0.007832991,0.0059439675,0.0051778657,0.005547708,0.0048326794,2,0
0.0060864645,0.008020774,0.004948535,0.0065212054,0.0065212054,0.004948535,0.0065212054,0.0065212054,0.008020774,0.008020774,0.0060864645,0.005301997,0.004948535,0.008020774,0.008020774,0.004948535,0.0065212054,0.005301997,0.008020774,0.004948535,0.005301997,0.006986999,0.0056807054,0.0060864645,0.005301997,0.0074860635,0.0065212054,0.0065212054,0.0060864645,0.0065212054,0.008020774,0.0065212054,0.004948535,0.006986999,0.008020774,0.005301997,0.0065212054,0.004948535,0.0056807054,0.0056807054,0.004948535,0.006986999,0.006986999,0.0056807054,0.008020774,0.0060864645,0.0065212054,0.005301997,0.008020774,0.0060864645,0.0056807054,0.0060864645,0.004948535,0.008020774,0.0056807054,0.004948535,0.0060864645,0.004948535,0.006986999,0.004948535,0.006986999,0.0065212054,0.004948535,0.0056807054,0.004948535,0.0065212054,0.0065212054,0.004948535,0.008020774,0.004948535,0.004948535,0.0060864645,0.0056807054,0.0056807054,0.008020774,0.004948535,0.0060864645,0.004948535,0.005301997,0.004948535,0.004948535,0.0065212054,0.008020774,0.008020774,0.0074860635,0.004948535,0.004948535,0.005301997,0.0056807054,0.006986999,0.0060864645,0.0065212054,0.004948535,0.008020774,0.0056807054,0.004948535,0.004948535,0.0060864645,0.006986999,0.008020774,0.0060864645,0.0065212054,0.004948535,0.004948535,0.006986999,0.008020774,0.0065212054,0.004948535,0.008020774,0.0074860635,0.0074860635,0.0065212054,0.0056807054,0.0065212054,0.006986999,0.0060864645,0.006986999,0.005301997,0.0060864645,0.004948535,0.005301997,0.005301997,0.004948535,0.006986999,0.0065212054,0.004948535,0.008020774,0.0056807054,0.0065212054,0.006986999,0.0074860635,0.006986999,0.0074860635,0.006986999,0.0060864645,0.0060864645,0.005301997,0.004948535,0.0065212054,0.0056807054,0.0074860635,0.005301997,0.006986999,0.0074860635,0.0056807054,0.005301997,0.008020774,0.008020774,0.008020774,0.008020774,0.0056807054,0.0056807054,0.006986999,0.0074860635,0.005301997,0.0065212054,0.0056807054,0.0056807054,0.005301997,0.005301997,1,3
0.0056084143,0.006898084,0.007918704,0.007918704,0.0048855613,0.00600901,0.007918704,0.006898084,0.0073907976,0.007918704,0.0056084143,0.005234525,0.00600901,0.005234525,0.0073907976,0.0048855613,0.0056084143,0.0064382185,0.007918704,0.005234525,0.007918704,0.00600901,0.005234525,0.0048855613,0.0048855613,0.006898084,0.0056084143,0.0064382185,0.005234525,0.0064382185,0.00600901,0.0064382185,0.0064382185,0.006898084,0.007918704,0.0048855613,0.0048855613,0.007918704,0.0048855613,0.0056084143,0.0048855613,0.0064382185,0.007918704,0.00600901,0.007918704,0.0056084143,0.0048855613,0.006898084,0.00600901,0.0064382185,0.0056084143,0.0056084143,0.007918704,0.005234525,0.0056084143,0.0048855613,0.0048855613,0.007918704,0.0064382185,0.006898084,0.0056084143,0.005234525,0.006898084,0.0048855613,0.007918704,0.0056084143,0.00600901,0.0048855613,0.0056084143,0.006898084,0.0048855613,0.0056084143,0.0056084143,0.0056084143,0.00600901,0.0056084143,0.005234525,0.007918704,0.006898084,0.00600901,0.007918704,0.005234525,0.007918704,0.007918704,0.006898084,0.0048855613,0.00600901,0.007918704,0.0073907976,0.00600901,0.0073907976,0.0048855613,0.007918704,0.0048855613,0.0073907976,0.0048855613,0.0048855613,0.007918704,0.00600901,0.0073907976,0.006898084,0.0064382185,0.0073907976,0.00600901,0.0073907976,0.0048855613,0.0056084143,0.007918704,0.0048855613,0.007918704,0.0048855613,0.0048855613,0.0073907976,0.00600901,0.0064382185,0.0048855613,0.0073907976,0.00600901,0.005234525,0.0064382185,0.005234525,0.005234525,0.007918704,0.007918704,0.005234525,0.0056084143,0.007918704,0.00600901,0.006898084,0.006898084,0.006898084,0.00600901,0.0073907976,0.0073907976,0.005234525,0.0056084143,0.005234525,0.005234525,0.0073907976,0.0056084143,0.0048855613,0.00600901,0.0073907976,0.005234525,0.0056084143,0.005234525,0.007918704,0.007918704,0.007918704,0.0048855613,0.005234525,0.0056084143,0.006898084,0.0073907976,0.0048855613,0.00600901,0.0064382185,0.0064382185,0.0064382185,0.0048855613,2,2
0.0062540257,0.0054479614,0.007692156,0.007692156,0.004745789,0.0054479614,0.007692156,0.0062540257,0.006700735,0.007692156,0.0062540257,0.0062540257,0.004745789,0.004745789,0.007692156,0.0071793525,0.004745789,0.004745789,0.007692156,0.0054479614,0.007692156,0.0062540257,0.004745789,0.004745789,0.0050847693,0.006700735,0.0071793525,0.004745789,0.0058370964,0.0054479614,0.006700735,0.006700735,0.0054479614,0.0062540257,0.004745789,0.0054479614,0.0062540257,0.007692156,0.004745789,0.0054479614,0.004745789,0.007692156,0.007692156,0.0058370964,0.007692156,0.006700735,0.0054479614,0.007692156,0.007692156,0.0062540257,0.0062540257,0.006700735,0.0054479614,0.0062540257,0.0054479614,0.007692156,0.004745789,0.007692156,0.0054479614,0.0050847693,0.0062540257,0.0050847693,0.0062540257,0.004745789,0.007692156,0.0050847693,0.0058370964,0.0054479614,0.0058370964,0.007692156,0.0050847693,0.007692156,0.0054479614,0.004745789,0.007692156,0.0062540257,0.0050847693,0.007692156,0.0062540257,0.0050847693,0.0058370964,0.0062540257,0.007692156,0.007692156,0.0062540257,0.006700735,0.0054479614,0.007692156,0.0062540257,0.004745789,0.006700735,0.006700735,0.007692156,0.004745789,0.007692156,0.0054479614,0.0058370964,0.006700735,0.006700735,0.0071793525,0.0071793525,0.007692156,0.0071793525,0.0062540257,0.0062540257,0.0054479614,0.0058370964,0.0050847693,0.004745789,0.007692156,0.0062540257,0.007692156,0.0062540257,0.007692156,0.006700735,0.0062540257,0.006700735,0.007692156,0.0071793525,0.0050847693,0.0062540257,0.0062540257,0.007692156,0.007692156,0.0050847693,0.0054479614,0.007692156,0.006700735,0.0071793525,0.006700735,0.006700735,0.0054479614,0.0062540257,0.006700735,0.004745789,0.006700735,0.0058370964,0.004745789,0.0062540257,0.0054479614,0.0062540257,0.0058370964,0.0062540257,0.004745789,0.0058370964,0.0050847693,0.007692156,0.007692156,0.007692156,0.0058370964,0.0050847693,0.0054479614,0.006700735,0.0071793525,0.004745789,0.0058370964,0.006700735,0.0062540257,0.0058370964,0.004745789,2,2
0.008201219,0.0062233927,0.005059863,0.005059863,0.0071441866,0.005059863,0.005059863,0.005059863,0.005059863,0.008201219,0.008201219,0.0054212767,0.005059863,0.008201219,0.008201219,0.0054212767,0.005808505,0.005059863,0.005059863,0.008201219,0.0054212767,0.006667914,0.0062233927,0.005059863,0.008201219,0.008201219,0.005808505,0.005808505,0.005059863,0.007654479,0.008201219,0.0062233927,0.005059863,0.005059863,0.008201219,0.005808505,0.006667914,0.005059863,0.005059863,0.005808505,0.005059863,0.005808505,0.0062233927,0.005808505,0.006667914,0.008201219,0.006667914,0.005059863,0.005059863,0.007654479,0.006667914,0.005059863,0.0071441866,0.005059863,0.006667914,0.0062233927,0.0071441866,0.005059863,0.005059863,0.0062233927,0.008201219,0.0054212767,0.0054212767,0.0054212767,0.0071441866,0.0071441866,0.008201219,0.005059863,0.005059863,0.005059863,0.0062233927,0.005808505,0.005808505,0.0054212767,0.008201219,0.005059863,0.005808505,0.005059863,0.0054212767,0.005059863,0.005808505,0.008201219,0.005059863,0.005059863,0.008201219,0.005059863,0.005808505,0.005808505,0.0062233927,0.0062233927,0.006667914,0.0071441866,0.005059863,0.008201219,0.008201219,0.0062233927,0.005059863,0.006667914,0.005059863,0.008201219,0.0071441866,0.007654479,0.005059863,0.005808505,0.0062233927,0.008201219,0.008201219,0.005059863,0.005059863,0.008201219,0.006667914,0.005808505,0.0062233927,0.005059863,0.0071441866,0.0062233927,0.0071441866,0.005808505,0.005808505,0.005059863,0.0071441866,0.005808505,0.0071441866,0.005059863,0.0054212767,0.008201219,0.007654479,0.005059863,0.005059863,0.008201219,0.008201219,0.007654479,0.005059863,0.0054212767,0.006667914,0.005808505,0.0054212767,0.005059863,0.005059863,0.005808505,0.0062233927,0.0071441866,0.0062233927,0.005059863,0.007654479,0.0054212767,0.008201219,0.005059863,0.005059863,0.007654479,0.0071441866,0.005808505,0.005059863,0.0054212767,0.0071441866,0.007654479,0.006667914,0.0062233927,0.0071441866,0.005059863,0,0
0.006191778,0.0076155947,0.0076155947,0.0076155947,0.00503416,0.0071078953,0.0076155947,0.005778999,0.0066340417,0.005393737,0.006191778,0.005778999,0.0046985536,0.0046985536,0.005393737,0.0066340417,0.006191778,0.005393737,0.0076155947,0.005778999,0.0071078953,0.0071078953,0.005778999,0.005393737,0.0046985536,0.0076155947,0.005393737,0.00503416,0.005393737,0.0076155947,0.005778999,0.00503416,0.0066340417,0.0071078953,0.0046985536,0.006191778,0.006191778,0.005778999,0.0046985536,0.0076155947,0.0046985536,0.0076155947,0.0076155947,0.005778999,0.006191778,0.0071078953,0.006191778,0.0076155947,0.0076155947,0.0076155947,0.005393737,0.0071078953,0.0076155947,0.0076155947,0.0046985536,0.0076155947,0.0066340417,0.0076155947,0.0076155947,0.005778999,0.0076155947,0.006191778,0.00503416,0.00503416,0.0071078953,0.00503416,0.005778999,0.00503416,0.005778999,0.0076155947,0.0066340417,0.0071078953,0.0046985536,0.0046985536,0.0071078953,0.0076155947,0.006191778,0.0076155947,0.0076155947,0.0076155947,0.005393737,0.0046985536,0.005393737,0.0046985536,0.006191778,0.0076155947,0.005778999,0.0076155947,0.00503416,0.00503416,0.0076155947,0.0066340417,0.0076155947,0.0046985536,0.0076155947,0.005778999,0.0076155947,0.0046985536,0.006191778,0.0046985536,0.0076155947,0.0076155947,0.0066340417,0.005393737,0.0046985536,0.0046985536,0.005778999,0.005778999,0.0046985536,0.005778999,0.006191778,0.0071078953,0.00503416,0.0076155947,0.006191778,0.005778999,0.0066340417,0.0071078953,0.006191778,0.0066340417,0.005778999,0.005778999,0.0076155947,0.0076155947,0.00503416,0.0066340417,0.0071078953,0.005393737,0.006191778,0.006191778,0.0076155947,0.005393737,0.0066340417,0.0071078953,0.006191778,0.0071078953,0.005393737,0.0046985536,0.006191778,0.006191778,0.006191778,0.006191778,0.005778999,0.0046985536,0.005778999,0.00503416,0.0076155947,0.0076155947,0.0076155947,0.0046985536,0.005393737,0.006191778,0.0066340417,0.0071078953,0.005393737,0.0076155947,0.005778999,0.006191778,0.005393737,0.0046985536,1,1
0.007074751,0.007074751,0.007580083,0.007580083,0.0046766438,0.006603107,0.007580083,0.007074751,0.007580083,0.007580083,0.007074751,0.0053685857,0.0046766438,0.0046766438,0.0046766438,0.007074751,0.006603107,0.006603107,0.007580083,0.0046766438,0.007074751,0.007074751,0.0057520512,0.0057520512,0.0061629056,0.0046766438,0.0053685857,0.0061629056,0.007074751,0.0046766438,0.0053685857,0.0053685857,0.007580083,0.006603107,0.0046766438,0.006603107,0.0061629056,0.0057520512,0.0046766438,0.007580083,0.0046766438,0.007580083,0.007580083,0.007580083,0.007074751,0.0053685857,0.005010685,0.007580083,0.007580083,0.0053685857,0.0053685857,0.007580083,0.007580083,0.007580083,0.0046766438,0.007580083,0.006603107,0.007580083,0.007580083,0.0061629056,0.0046766438,0.0053685857,0.0053685857,0.0057520512,0.0057520512,0.0061629056,0.0061629056,0.0053685857,0.0057520512,0.0057520512,0.0046766438,0.007074751,0.0046766438,0.0053685857,0.0046766438,0.007580083,0.0061629056,0.007580083,0.007580083,0.007580083,0.007580083,0.0046766438,0.0046766438,0.0046766438,0.0046766438,0.0061629056,0.007580083,0.007580083,0.0057520512,0.007580083,0.007580083,0.006603107,0.007580083,0.0046766438,0.007580083,0.007580083,0.007580083,0.0046766438,0.0061629056,0.0046766438,0.005010685,0.007580083,0.0061629056,0.005010685,0.005010685,0.0046766438,0.0061629056,0.0061629056,0.0046766438,0.0046766438,0.007074751,0.007580083,0.005010685,0.007580083,0.0057520512,0.0046766438,0.007074751,0.007580083,0.007580083,0.0061629056,0.007580083,0.006603107,0.007580083,0.007580083,0.0061629056,0.007580083,0.007074751,0.0046766438,0.0046766438,0.0061629056,0.007074751,0.0053685857,0.006603107,0.007074751,0.0061629056,0.0053685857,0.005010685,0.0046766438,0.0061629056,0.0053685857,0.0057520512,0.006603107,0.0053685857,0.0046766438,0.006603107,0.005010685,0.007580083,0.007580083,0.007580083,0.0046766438,0.0046766438,0.0053685857,0.007580083,0.007580083,0.006603107,0.0046766438,0.007580083,0.006603107,0.006603107,0.007580083,2,1
0.0061389855,0.007550662,0.007550662,0.007550662,0.0053477488,0.0070472914,0.006577478,0.0057297256,0.0061389855,0.004991237,0.0061389855,0.006577478,0.0046584923,0.0046584923,0.0046584923,0.0057297256,0.006577478,0.006577478,0.007550662,0.0057297256,0.0070472914,0.0070472914,0.0057297256,0.0057297256,0.0046584923,0.0057297256,0.0053477488,0.0057297256,0.006577478,0.0061389855,0.0057297256,0.0061389855,0.007550662,0.006577478,0.0046584923,0.0057297256,0.0061389855,0.0057297256,0.0046584923,0.0070472914,0.0046584923,0.007550662,0.007550662,0.0057297256,0.0061389855,0.007550662,0.0070472914,0.007550662,0.007550662,0.0070472914,0.0053477488,0.0070472914,0.007550662,0.007550662,0.0046584923,0.007550662,0.006577478,0.007550662,0.007550662,0.0057297256,0.0070472914,0.0057297256,0.0046584923,0.0046584923,0.007550662,0.0061389855,0.0061389855,0.004991237,0.0057297256,0.006577478,0.007550662,0.0061389855,0.0046584923,0.004991237,0.007550662,0.007550662,0.0061389855,0.007550662,0.0070472914,0.007550662,0.0061389855,0.004991237,0.0046584923,0.0046584923,0.0053477488,0.006577478,0.007550662,0.007550662,0.0053477488,0.0057297256,0.007550662,0.006577478,0.007550662,0.0046584923,0.007550662,0.0061389855,0.007550662,0.0046584923,0.0061389855,0.0046584923,0.006577478,0.007550662,0.006577478,0.004991237,0.0057297256,0.0046584923,0.0061389855,0.0061389855,0.0046584923,0.0046584923,0.0057297256,0.007550662,0.0053477488,0.006577478,0.007550662,0.0046584923,0.006577478,0.007550662,0.007550662,0.006577478,0.0070472914,0.006577478,0.007550662,0.007550662,0.007550662,0.007550662,0.007550662,0.0046584923,0.0053477488,0.0070472914,0.0057297256,0.0053477488,0.004991237,0.0061389855,0.0053477488,0.006577478,0.0057297256,0.0046584923,0.0061389855,0.0061389855,0.0057297256,0.0070472914,0.004991237,0.0046584923,0.007550662,0.004991237,0.007550662,0.007550662,0.007550662,0.0046584923,0.0057297256,0.0057297256,0.007550662,0.0070472914,0.007550662,0.0061389855,0.0070472914,0.0061389855,0.0053477488,0.0046584923,1,1
0.005200946,0.0055724364,0.007867906,0.007867906,0.004854221,0.005200946,0.004854221,0.0068538333,0.0073433863,0.007867906,0.0055724364,0.005200946,0.005200946,0.0055724364,0.0063969176,0.0055724364,0.0059704627,0.0063969176,0.007867906,0.004854221,0.0059704627,0.0073433863,0.0059704627,0.0063969176,0.004854221,0.005200946,0.0055724364,0.0063969176,0.0059704627,0.004854221,0.0059704627,0.0063969176,0.0073433863,0.0059704627,0.007867906,0.0055724364,0.004854221,0.007867906,0.004854221,0.0059704627,0.004854221,0.0063969176,0.0073433863,0.0059704627,0.007867906,0.004854221,0.004854221,0.007867906,0.004854221,0.0068538333,0.0055724364,0.005200946,0.007867906,0.005200946,0.0055724364,0.004854221,0.005200946,0.007867906,0.0059704627,0.0059704627,0.0055724364,0.005200946,0.0068538333,0.0055724364,0.007867906,0.0059704627,0.0059704627,0.005200946,0.005200946,0.0068538333,0.0073433863,0.004854221,0.0055724364,0.005200946,0.007867906,0.005200946,0.005200946,0.007867906,0.0063969176,0.005200946,0.007867906,0.005200946,0.007867906,0.007867906,0.0068538333,0.004854221,0.0059704627,0.007867906,0.007867906,0.0059704627,0.0068538333,0.0068538333,0.007867906,0.004854221,0.007867906,0.004854221,0.004854221,0.007867906,0.0063969176,0.0073433863,0.0073433863,0.007867906,0.0068538333,0.005200946,0.0073433863,0.004854221,0.0055724364,0.007867906,0.005200946,0.007867906,0.004854221,0.004854221,0.0073433863,0.0063969176,0.0063969176,0.0055724364,0.0068538333,0.007867906,0.0055724364,0.004854221,0.0055724364,0.0055724364,0.007867906,0.007867906,0.0055724364,0.004854221,0.007867906,0.0068538333,0.007867906,0.0073433863,0.0059704627,0.0055724364,0.0073433863,0.0073433863,0.0059704627,0.0059704627,0.004854221,0.004854221,0.0063969176,0.0055724364,0.0068538333,0.0059704627,0.0068538333,0.005200946,0.0059704627,0.005200946,0.007867906,0.007867906,0.007867906,0.007867906,0.0059704627,0.0055724364,0.0068538333,0.0073433863,0.004854221,0.005200946,0.0059704627,0.0068538333,0.0059704627,0.005200946,2,2
0.004932282,0.005284583,0.006066474,0.007994431,0.004932282,0.005284583,0.004932282,0.006964051,0.007994431,0.007994431,0.0064997873,0.005284583,0.004932282,0.007461476,0.007994431,0.004932282,0.0064997873,0.006066474,0.007994431,0.004932282,0.006066474,0.0064997873,0.006066474,0.0064997873,0.005284583,0.006964051,0.005662048,0.0064997873,0.005662048,0.007994431,0.006964051,0.0064997873,0.005662048,0.007461476,0.007994431,0.006066474,0.0064997873,0.004932282,0.007994431,0.006066474,0.004932282,0.0064997873,0.006964051,0.006066474,0.007994431,0.004932282,0.005284583,0.005284583,0.006066474,0.006964051,0.0064997873,0.006066474,0.0064997873,0.007994431,0.005662048,0.004932282,0.005662048,0.007461476,0.006066474,0.006066474,0.007994431,0.005284583,0.006066474,0.0064997873,0.007461476,0.005662048,0.0064997873,0.004932282,0.007994431,0.006066474,0.006066474,0.004932282,0.005662048,0.005284583,0.007994431,0.004932282,0.005284583,0.005284583,0.007994431,0.004932282,0.004932282,0.004932282,0.007994431,0.007994431,0.006964051,0.005662048,0.005662048,0.0064997873,0.007994431,0.0064997873,0.006066474,0.004932282,0.005284583,0.0064997873,0.0064997873,0.006066474,0.004932282,0.007461476,0.006964051,0.006964051,0.0064997873,0.0064997873,0.004932282,0.005284583,0.006964051,0.004932282,0.006066474,0.005284583,0.006964051,0.007994431,0.004932282,0.005284583,0.0064997873,0.007994431,0.006066474,0.0064997873,0.0064997873,0.004932282,0.0064997873,0.004932282,0.005662048,0.005284583,0.007461476,0.007994431,0.006066474,0.004932282,0.007994431,0.006964051,0.007994431,0.007461476,0.0064997873,0.005662048,0.007461476,0.007461476,0.005662048,0.005662048,0.004932282,0.004932282,0.0064997873,0.005662048,0.005284583,0.005284583,0.006964051,0.005662048,0.005662048,0.005662048,0.0064997873,0.007994431,0.007994431,0.007994431,0.005662048,0.005662048,0.0064997873,0.006964051,0.004932282,0.006066474,0.005284583,0.005662048,0.005662048,0.004932282,3,3
0.0061445893,0.0075575546,0.0075575546,0.0075575546,0.0046627447,0.0070537245,0.0075575546,0.0065834825,0.0070537245,0.0046627447,0.005734956,0.0053526303,0.0046627447,0.0046627447,0.0046627447,0.005734956,0.0065834825,0.0065834825,0.0075575546,0.0061445893,0.0070537245,0.0070537245,0.0061445893,0.005734956,0.0046627447,0.004995793,0.0053526303,0.0061445893,0.0070537245,0.004995793,0.0053526303,0.005734956,0.0075575546,0.0065834825,0.0046627447,0.0070537245,0.0053526303,0.0061445893,0.0046627447,0.0065834825,0.0046627447,0.0075575546,0.0075575546,0.0075575546,0.0075575546,0.0065834825,0.0061445893,0.0075575546,0.0075575546,0.0065834825,0.0053526303,0.0075575546,0.0075575546,0.0075575546,0.0046627447,0.0075575546,0.0065834825,0.0075575546,0.0075575546,0.005734956,0.0046627447,0.005734956,0.0046627447,0.0046627447,0.0070537245,0.0061445893,0.0061445893,0.004995793,0.005734956,0.004995793,0.0070537245,0.0075575546,0.0046627447,0.004995793,0.0046627447,0.0075575546,0.0061445893,0.0075575546,0.0075575546,0.0075575546,0.0075575546,0.004995793,0.0046627447,0.0046627447,0.0053526303,0.0065834825,0.0075575546,0.0075575546,0.005734956,0.0075575546,0.0075575546,0.0065834825,0.0075575546,0.0046627447,0.0075575546,0.0065834825,0.0075575546,0.0053526303,0.0061445893,0.0046627447,0.0046627447,0.005734956,0.0070537245,0.0061445893,0.005734956,0.0046627447,0.005734956,0.0061445893,0.0046627447,0.005734956,0.0070537245,0.0075575546,0.0053526303,0.0075575546,0.0075575546,0.0046627447,0.0065834825,0.0075575546,0.0075575546,0.0053526303,0.0065834825,0.0065834825,0.0075575546,0.0075575546,0.0065834825,0.0070537245,0.0075575546,0.0046627447,0.0053526303,0.0065834825,0.0070537245,0.0053526303,0.0053526303,0.0061445893,0.0053526303,0.0065834825,0.0061445893,0.0046627447,0.0061445893,0.005734956,0.005734956,0.005734956,0.005734956,0.0053526303,0.0053526303,0.004995793,0.0075575546,0.0075575546,0.0075575546,0.0046627447,0.0046627447,0.0053526303,0.0075575546,0.0075575546,0.0070537245,0.0046627447,0.0065834825,0.0075575546,0.0075575546,0.0070537245,1,2
0.0065747034,0.0065747034,0.008086574,0.008086574,0.007044318,0.0049891314,0.0049891314,0.0049891314,0.0049891314,0.008086574,0.005727308,0.0053454926,0.0049891314,0.0053454926,0.007044318,0.0053454926,0.0053454926,0.006136396,0.0049891314,0.008086574,0.005727308,0.007547477,0.0065747034,0.0053454926,0.007547477,0.006136396,0.005727308,0.0065747034,0.0053454926,0.008086574,0.008086574,0.005727308,0.0049891314,0.007044318,0.008086574,0.0053454926,0.0065747034,0.0053454926,0.0053454926,0.008086574,0.0049891314,0.0065747034,0.008086574,0.007044318,0.008086574,0.008086574,0.007044318,0.0049891314,0.0049891314,0.008086574,0.006136396,0.0053454926,0.007044318,0.0049891314,0.007547477,0.0053454926,0.007044318,0.0049891314,0.0049891314,0.007547477,0.008086574,0.0053454926,0.006136396,0.005727308,0.008086574,0.0053454926,0.006136396,0.006136396,0.005727308,0.007547477,0.0049891314,0.0049891314,0.0053454926,0.0053454926,0.008086574,0.0053454926,0.005727308,0.0049891314,0.005727308,0.0049891314,0.0049891314,0.0049891314,0.0049891314,0.008086574,0.008086574,0.0049891314,0.0049891314,0.0053454926,0.007547477,0.006136396,0.006136396,0.0065747034,0.0049891314,0.008086574,0.008086574,0.006136396,0.0049891314,0.006136396,0.007044318,0.008086574,0.0065747034,0.007044318,0.007044318,0.0053454926,0.007547477,0.008086574,0.007547477,0.0053454926,0.0049891314,0.008086574,0.007547477,0.0065747034,0.0065747034,0.005727308,0.007547477,0.0049891314,0.007044318,0.0049891314,0.0065747034,0.0049891314,0.005727308,0.006136396,0.0049891314,0.0049891314,0.005727308,0.0049891314,0.0053454926,0.005727308,0.008086574,0.0053454926,0.006136396,0.005727308,0.007547477,0.007044318,0.008086574,0.005727308,0.0049891314,0.007547477,0.0049891314,0.007547477,0.0049891314,0.0053454926,0.007547477,0.0065747034,0.007547477,0.0049891314,0.0049891314,0.0049891314,0.0049891314,0.008086574,0.0049891314,0.0065747034,0.007044318,0.0049891314,0.007044318,0.0053454926,0.006136396,0.0049891314,0.0049891314,0.008086574,2,4
0.007470705,0.007470705,0.007470705,0.007470705,0.0046091615,0.006972665,0.0060739773,0.006972665,0.007470705,0.0065078265,0.007470705,0.0065078265,0.0046091615,0.0046091615,0.0046091615,0.007470705,0.0060739773,0.0049383827,0.007470705,0.0056690513,0.007470705,0.006972665,0.0049383827,0.0049383827,0.0046091615,0.007470705,0.005291119,0.0049383827,0.0049383827,0.007470705,0.007470705,0.0056690513,0.007470705,0.0056690513,0.0046091615,0.007470705,0.0056690513,0.0060739773,0.0046091615,0.007470705,0.0065078265,0.007470705,0.007470705,0.007470705,0.0046091615,0.007470705,0.0060739773,0.0065078265,0.007470705,0.007470705,0.007470705,0.007470705,0.0060739773,0.007470705,0.0065078265,0.007470705,0.0060739773,0.007470705,0.007470705,0.0065078265,0.007470705,0.0049383827,0.0046091615,0.0049383827,0.007470705,0.0060739773,0.0060739773,0.0049383827,0.0056690513,0.0060739773,0.0065078265,0.007470705,0.0046091615,0.005291119,0.0046091615,0.007470705,0.005291119,0.0060739773,0.0065078265,0.007470705,0.007470705,0.0046091615,0.0046091615,0.0046091615,0.0046091615,0.007470705,0.006972665,0.007470705,0.0049383827,0.006972665,0.007470705,0.0065078265,0.007470705,0.0046091615,0.007470705,0.007470705,0.007470705,0.0046091615,0.0046091615,0.0046091615,0.0065078265,0.0060739773,0.0056690513,0.0056690513,0.006972665,0.0046091615,0.005291119,0.005291119,0.0046091615,0.006972665,0.007470705,0.007470705,0.0046091615,0.0065078265,0.0065078265,0.0049383827,0.006972665,0.006972665,0.0065078265,0.005291119,0.007470705,0.0065078265,0.007470705,0.007470705,0.007470705,0.007470705,0.0065078265,0.0049383827,0.005291119,0.0060739773,0.007470705,0.005291119,0.0065078265,0.0060739773,0.007470705,0.007470705,0.0049383827,0.0046091615,0.0056690513,0.005291119,0.0060739773,0.0065078265,0.0056690513,0.0049383827,0.005291119,0.0065078265,0.007470705,0.007470705,0.007470705,0.0046091615,0.0060739773,0.005291119,0.006972665,0.006972665,0.007470705,0.0056690513,0.005291119,0.005291119,0.0056690513,0.0056690513,0,0
0.005297816,0.0056762258,0.0056762258,0.00801445,0.004944633,0.005297816,0.005297816,0.0074801603,0.0074801603,0.00801445,0.0056762258,0.005297816,0.005297816,0.006516063,0.00801445,0.004944633,0.006516063,0.0060816654,0.00801445,0.004944633,0.0060816654,0.006516063,0.0060816654,0.006516063,0.005297816,0.0056762258,0.0060816654,0.006516063,0.0060816654,0.0056762258,0.006516063,0.0069814897,0.0069814897,0.0074801603,0.00801445,0.005297816,0.0056762258,0.0060816654,0.0056762258,0.0056762258,0.004944633,0.006516063,0.0074801603,0.0060816654,0.00801445,0.004944633,0.004944633,0.0074801603,0.0056762258,0.00801445,0.0056762258,0.0056762258,0.006516063,0.0069814897,0.00801445,0.004944633,0.005297816,0.00801445,0.0056762258,0.006516063,0.0056762258,0.005297816,0.0069814897,0.0056762258,0.00801445,0.005297816,0.0060816654,0.004944633,0.005297816,0.006516063,0.0074801603,0.004944633,0.0056762258,0.004944633,0.00801445,0.004944633,0.005297816,0.0060816654,0.0060816654,0.0056762258,0.0069814897,0.004944633,0.00801445,0.00801445,0.0069814897,0.004944633,0.0056762258,0.0074801603,0.006516063,0.0060816654,0.0060816654,0.0069814897,0.006516063,0.004944633,0.00801445,0.004944633,0.004944633,0.0060816654,0.006516063,0.00801445,0.0060816654,0.006516063,0.004944633,0.0060816654,0.006516063,0.004944633,0.0060816654,0.006516063,0.005297816,0.00801445,0.004944633,0.004944633,0.0056762258,0.0074801603,0.0074801603,0.0060816654,0.0069814897,0.006516063,0.006516063,0.004944633,0.005297816,0.005297816,0.0069814897,0.00801445,0.0060816654,0.004944633,0.00801445,0.0069814897,0.00801445,0.0074801603,0.005297816,0.0056762258,0.0074801603,0.0074801603,0.005297816,0.0060816654,0.004944633,0.004944633,0.0069814897,0.0056762258,0.005297816,0.005297816,0.006516063,0.0056762258,0.006516063,0.0056762258,0.006516063,0.00801445,0.00801445,0.00801445,0.006516063,0.0056762258,0.0069814897,0.0074801603,0.004944633,0.005297816,0.005297816,0.0056762258,0.0069814897,0.0056762258,3,4
0.0061009247,0.007503849,0.007503849,0.007503849,0.004960292,0.0070035993,0.007503849,0.0061009247,0.007503849,0.0046296106,0.0061009247,0.0061009247,0.0046296106,0.0046296106,0.005314593,0.007503849,0.0061009247,0.005314593,0.007503849,0.005694202,0.007503849,0.0070035993,0.004960292,0.004960292,0.005694202,0.007503849,0.005314593,0.005314593,0.005314593,0.007503849,0.007503849,0.0061009247,0.007503849,0.005694202,0.0046296106,0.007503849,0.0061009247,0.0061009247,0.0046296106,0.007503849,0.0061009247,0.0065366984,0.007503849,0.007503849,0.0046296106,0.0070035993,0.0065366984,0.007503849,0.007503849,0.007503849,0.0065366984,0.007503849,0.007503849,0.007503849,0.005694202,0.007503849,0.0065366984,0.007503849,0.007503849,0.005694202,0.007503849,0.005694202,0.0046296106,0.0046296106,0.007503849,0.0061009247,0.0061009247,0.004960292,0.005694202,0.005694202,0.0070035993,0.007503849,0.0046296106,0.004960292,0.0046296106,0.007503849,0.005314593,0.0061009247,0.0061009247,0.0061009247,0.007503849,0.004960292,0.0046296106,0.0046296106,0.0046296106,0.0070035993,0.0061009247,0.007503849,0.005694202,0.007503849,0.007503849,0.0065366984,0.007503849,0.0046296106,0.007503849,0.007503849,0.007503849,0.0046296106,0.004960292,0.005314593,0.005314593,0.0061009247,0.0070035993,0.0061009247,0.0070035993,0.0046296106,0.005314593,0.005314593,0.0046296106,0.0070035993,0.007503849,0.007503849,0.0046296106,0.0065366984,0.007503849,0.0070035993,0.005694202,0.005694202,0.0061009247,0.0046296106,0.0065366984,0.0065366984,0.007503849,0.007503849,0.0070035993,0.0065366984,0.0070035993,0.005314593,0.0061009247,0.0061009247,0.007503849,0.005314593,0.005694202,0.0061009247,0.007503849,0.0070035993,0.005694202,0.0046296106,0.0061009247,0.005694202,0.005694202,0.0065366984,0.005694202,0.0046296106,0.0061009247,0.0070035993,0.007503849,0.007503849,0.007503849,0.0046296106,0.0065366984,0.005314593,0.0065366984,0.0065366984,0.004960292,0.007503849,0.005694202,0.0061009247,0.005314593,0.0046296106,1,0
0.0062635452,0.007703865,0.007703865,0.007703865,0.004753013,0.0062635452,0.007703865,0.006710935,0.006710935,0.007190281,0.0062635452,0.0062635452,0.004753013,0.004753013,0.0062635452,0.005092509,0.0054562544,0.006710935,0.007703865,0.005092509,0.007190281,0.007190281,0.0058459817,0.0058459817,0.004753013,0.007703865,0.0054562544,0.004753013,0.004753013,0.007190281,0.007190281,0.0054562544,0.0062635452,0.006710935,0.006710935,0.004753013,0.0058459817,0.007703865,0.0058459817,0.0054562544,0.004753013,0.0062635452,0.007703865,0.006710935,0.007703865,0.007190281,0.0054562544,0.007703865,0.007703865,0.006710935,0.0058459817,0.0062635452,0.007703865,0.004753013,0.0054562544,0.004753013,0.004753013,0.007703865,0.0062635452,0.0062635452,0.007703865,0.0058459817,0.0058459817,0.004753013,0.007703865,0.005092509,0.0054562544,0.005092509,0.0054562544,0.007703865,0.007190281,0.007703865,0.0054562544,0.005092509,0.004753013,0.0062635452,0.005092509,0.007703865,0.0062635452,0.005092509,0.004753013,0.004753013,0.007703865,0.007703865,0.007190281,0.006710935,0.0062635452,0.007703865,0.006710935,0.0058459817,0.0058459817,0.006710935,0.007703865,0.004753013,0.007703865,0.0054562544,0.0062635452,0.006710935,0.0062635452,0.007190281,0.0062635452,0.006710935,0.007703865,0.0062635452,0.0062635452,0.004753013,0.0054562544,0.006710935,0.004753013,0.007703865,0.006710935,0.007190281,0.0054562544,0.007703865,0.005092509,0.004753013,0.006710935,0.007703865,0.0058459817,0.005092509,0.0054562544,0.005092509,0.007703865,0.007703865,0.0054562544,0.006710935,0.007190281,0.0054562544,0.0062635452,0.0062635452,0.0062635452,0.0054562544,0.006710935,0.007190281,0.005092509,0.006710935,0.0054562544,0.004753013,0.0062635452,0.0062635452,0.0058459817,0.006710935,0.0062635452,0.005092509,0.0054562544,0.005092509,0.007703865,0.007703865,0.007703865,0.004753013,0.004753013,0.0054562544,0.007190281,0.007190281,0.0054562544,0.007703865,0.0062635452,0.0062635452,0.0054562544,0.005092509,1,2
0.004871184,0.005991326,0.004871184,0.007895401,0.004871184,0.0052191205,0.006877784,0.006877784,0.007895401,0.007895401,0.0064192717,0.0052191205,0.004871184,0.007895401,0.007895401,0.007895401,0.004871184,0.004871184,0.007895401,0.0055919094,0.004871184,0.007369048,0.005991326,0.0064192717,0.004871184,0.007895401,0.0064192717,0.0064192717,0.0055919094,0.007895401,0.007895401,0.005991326,0.004871184,0.007369048,0.007895401,0.0064192717,0.0064192717,0.004871184,0.007895401,0.0055919094,0.0052191205,0.007369048,0.007895401,0.005991326,0.007895401,0.004871184,0.0052191205,0.004871184,0.007895401,0.007369048,0.0055919094,0.0055919094,0.0052191205,0.007895401,0.0064192717,0.0064192717,0.006877784,0.0052191205,0.005991326,0.006877784,0.0064192717,0.0064192717,0.004871184,0.005991326,0.0064192717,0.005991326,0.0064192717,0.004871184,0.007895401,0.0052191205,0.004871184,0.0064192717,0.0055919094,0.0055919094,0.007895401,0.0052191205,0.0052191205,0.004871184,0.006877784,0.0052191205,0.004871184,0.0064192717,0.007895401,0.007895401,0.007895401,0.004871184,0.0052191205,0.0055919094,0.005991326,0.005991326,0.005991326,0.0064192717,0.0052191205,0.007369048,0.0064192717,0.0064192717,0.004871184,0.0064192717,0.0064192717,0.007895401,0.007369048,0.0064192717,0.004871184,0.004871184,0.0064192717,0.004871184,0.0055919094,0.004871184,0.007895401,0.0064192717,0.006877784,0.007895401,0.004871184,0.006877784,0.0064192717,0.005991326,0.006877784,0.005991326,0.0055919094,0.004871184,0.004871184,0.0052191205,0.0052191205,0.007895401,0.006877784,0.0052191205,0.007369048,0.006877784,0.007895401,0.006877784,0.005991326,0.0064192717,0.007369048,0.007369048,0.0052191205,0.0064192717,0.0052191205,0.004871184,0.0064192717,0.005991326,0.005991326,0.005991326,0.005991326,0.006877784,0.006877784,0.0052191205,0.007895401,0.007895401,0.007895401,0.006877784,0.0055919094,0.0055919094,0.0064192717,0.007369048,0.0055919094,0.0064192717,0.005991326,0.0052191205,0.0052191205,0.004871184,3,3
0.0051087905,0.004768209,0.007728495,0.007728495,0.004768209,0.005864672,0.0067323907,0.007213269,0.007728495,0.007213269,0.005864672,0.005473699,0.006283571,0.004768209,0.007728495,0.005473699,0.007213269,0.005473699,0.007728495,0.0051087905,0.007213269,0.007213269,0.0051087905,0.006283571,0.004768209,0.0067323907,0.005473699,0.004768209,0.005864672,0.005473699,0.006283571,0.005864672,0.007213269,0.0067323907,0.007728495,0.0067323907,0.0051087905,0.007728495,0.004768209,0.005864672,0.005473699,0.007213269,0.0067323907,0.005473699,0.007728495,0.005473699,0.004768209,0.007213269,0.007213269,0.005473699,0.005473699,0.0051087905,0.007728495,0.004768209,0.005473699,0.005864672,0.005864672,0.007728495,0.005473699,0.0051087905,0.0051087905,0.005473699,0.0067323907,0.0051087905,0.0067323907,0.005473699,0.006283571,0.004768209,0.006283571,0.006283571,0.006283571,0.007728495,0.005473699,0.0051087905,0.0067323907,0.005473699,0.0051087905,0.007728495,0.0067323907,0.004768209,0.005473699,0.005864672,0.007728495,0.007728495,0.0067323907,0.005864672,0.006283571,0.007728495,0.007728495,0.005864672,0.007213269,0.0067323907,0.007728495,0.004768209,0.007728495,0.005864672,0.004768209,0.007728495,0.006283571,0.0067323907,0.007213269,0.007728495,0.0067323907,0.0051087905,0.0051087905,0.004768209,0.005864672,0.006283571,0.004768209,0.007728495,0.007213269,0.007728495,0.006283571,0.007728495,0.005864672,0.006283571,0.0067323907,0.007728495,0.006283571,0.004768209,0.005864672,0.005864672,0.007728495,0.007728495,0.005473699,0.007213269,0.007728495,0.005864672,0.007213269,0.007213269,0.007213269,0.005473699,0.006283571,0.0067323907,0.007728495,0.006283571,0.005864672,0.004768209,0.006283571,0.005473699,0.007213269,0.005473699,0.006283571,0.005473699,0.005864672,0.0051087905,0.0051087905,0.007728495,0.007728495,0.006283571,0.004768209,0.005473699,0.006283571,0.0067323907,0.004768209,0.007213269,0.005473699,0.005864672,0.006283571,0.004768209,2,2
0.0070993393,0.0076064277,0.0076064277,0.0076064277,0.006184325,0.0070993393,0.0070993393,0.006626056,0.0076064277,0.006626056,0.006184325,0.0057720426,0.0046928977,0.0046928977,0.0057720426,0.0076064277,0.006184325,0.0053872447,0.0076064277,0.0053872447,0.0076064277,0.006626056,0.0046928977,0.0046928977,0.0050280998,0.0076064277,0.0053872447,0.0057720426,0.0050280998,0.0076064277,0.0076064277,0.0057720426,0.0076064277,0.0057720426,0.0046928977,0.0076064277,0.0057720426,0.0057720426,0.0046928977,0.0076064277,0.0046928977,0.0076064277,0.0076064277,0.0076064277,0.0053872447,0.0076064277,0.006626056,0.006626056,0.0076064277,0.0076064277,0.0070993393,0.0076064277,0.0050280998,0.0076064277,0.006626056,0.0076064277,0.006184325,0.0076064277,0.0076064277,0.0076064277,0.0076064277,0.0050280998,0.0046928977,0.0050280998,0.0076064277,0.006184325,0.006184325,0.0046928977,0.0053872447,0.0050280998,0.0053872447,0.0076064277,0.0046928977,0.0053872447,0.0046928977,0.0076064277,0.0053872447,0.0050280998,0.0050280998,0.0053872447,0.0076064277,0.0050280998,0.0046928977,0.0046928977,0.0046928977,0.0076064277,0.0070993393,0.0076064277,0.0057720426,0.0076064277,0.0076064277,0.006626056,0.0076064277,0.0046928977,0.0076064277,0.0076064277,0.0076064277,0.0046928977,0.0046928977,0.0053872447,0.0053872447,0.006184325,0.0057720426,0.0050280998,0.0070993393,0.0046928977,0.0057720426,0.0050280998,0.0046928977,0.006626056,0.0076064277,0.0076064277,0.0046928977,0.0076064277,0.006626056,0.006626056,0.006626056,0.006626056,0.0070993393,0.0046928977,0.0076064277,0.006184325,0.0076064277,0.0076064277,0.006184325,0.0076064277,0.006184325,0.0046928977,0.0050280998,0.006184325,0.0076064277,0.0053872447,0.0046928977,0.0053872447,0.0076064277,0.0076064277,0.0050280998,0.0046928977,0.0057720426,0.0057720426,0.006184325,0.006626056,0.0050280998,0.0046928977,0.0057720426,0.006626056,0.0076064277,0.0076064277,0.0076064277,0.0046928977,0.006184325,0.0053872447,0.0046928977,0.006626056,0.0076064277,0.006184325,0.0053872447,0.0046928977,0.0057720426,0.0053872447,1,0
0.0074746315,0.0074746315,0.0074746315,0.0074746315,0.0060771694,0.0069763293,0.0074746315,0.006511247,0.0074746315,0.0046115844,0.0060771694,0.005672031,0.0046115844,0.0046115844,0.005672031,0.0074746315,0.0060771694,0.0052939,0.0074746315,0.005672031,0.0069763293,0.0069763293,0.005672031,0.0049409783,0.0046115844,0.006511247,0.0052939,0.0060771694,0.005672031,0.0074746315,0.0074746315,0.0060771694,0.0074746315,0.005672031,0.0046115844,0.0069763293,0.005672031,0.0060771694,0.0049409783,0.0074746315,0.0060771694,0.0074746315,0.0074746315,0.0074746315,0.0046115844,0.0074746315,0.0060771694,0.0074746315,0.0074746315,0.0074746315,0.0060771694,0.0074746315,0.0074746315,0.0074746315,0.0046115844,0.0074746315,0.006511247,0.0074746315,0.0074746315,0.005672031,0.0074746315,0.0049409783,0.0046115844,0.0049409783,0.0074746315,0.0060771694,0.0060771694,0.0049409783,0.005672031,0.0049409783,0.0060771694,0.0074746315,0.0046115844,0.0052939,0.0046115844,0.0074746315,0.0060771694,0.0060771694,0.0060771694,0.0074746315,0.0074746315,0.0046115844,0.0046115844,0.0046115844,0.0046115844,0.0074746315,0.0069763293,0.0074746315,0.0049409783,0.0074746315,0.0074746315,0.006511247,0.0074746315,0.0046115844,0.0074746315,0.0074746315,0.0074746315,0.0046115844,0.0049409783,0.0046115844,0.006511247,0.006511247,0.0060771694,0.0052939,0.0069763293,0.0046115844,0.0052939,0.0052939,0.0046115844,0.0069763293,0.0074746315,0.0074746315,0.0046115844,0.006511247,0.0060771694,0.006511247,0.006511247,0.0069763293,0.0069763293,0.0046115844,0.0074746315,0.0060771694,0.0074746315,0.0074746315,0.0069763293,0.0074746315,0.0060771694,0.0046115844,0.0046115844,0.006511247,0.0074746315,0.0052939,0.006511247,0.0069763293,0.0069763293,0.006511247,0.005672031,0.0046115844,0.0060771694,0.0052939,0.005672031,0.006511247,0.005672031,0.0046115844,0.006511247,0.006511247,0.0074746315,0.0074746315,0.0074746315,0.0046115844,0.005672031,0.0052939,0.006511247,0.0074746315,0.0074746315,0.005672031,0.005672031,0.0060771694,0.006511247,0.0046115844,0,0
0.0063144253,0.006765449,0.0077664447,0.0077664447,0.0047916225,0.0063144253,0.0077664447,0.006765449,0.0077664447,0.0063144253,0.00589347,0.00589347,0.0077664447,0.0047916225,0.006765449,0.0077664447,0.0055005765,0.00589347,0.0077664447,0.00589347,0.0077664447,0.0072486885,0.0051338766,0.0055005765,0.0047916225,0.0077664447,0.0055005765,0.0047916225,0.0047916225,0.0077664447,0.0077664447,0.00589347,0.0072486885,0.0063144253,0.006765449,0.0047916225,0.0051338766,0.0077664447,0.0051338766,0.00589347,0.0047916225,0.00589347,0.0077664447,0.00589347,0.0077664447,0.0047916225,0.0047916225,0.0077664447,0.00589347,0.0055005765,0.0055005765,0.0072486885,0.0077664447,0.0047916225,0.0055005765,0.0047916225,0.0047916225,0.0077664447,0.00589347,0.0063144253,0.0072486885,0.00589347,0.0063144253,0.0047916225,0.0077664447,0.0051338766,0.0055005765,0.0055005765,0.0055005765,0.006765449,0.0077664447,0.0077664447,0.0055005765,0.0055005765,0.0047916225,0.0055005765,0.0051338766,0.0077664447,0.0055005765,0.0055005765,0.0047916225,0.0055005765,0.0077664447,0.0077664447,0.0077664447,0.0047916225,0.00589347,0.0077664447,0.006765449,0.00589347,0.00589347,0.006765449,0.0077664447,0.0047916225,0.0077664447,0.0063144253,0.0051338766,0.006765449,0.0063144253,0.0063144253,0.0063144253,0.006765449,0.0072486885,0.0063144253,0.006765449,0.00589347,0.0055005765,0.006765449,0.0047916225,0.0077664447,0.00589347,0.0072486885,0.006765449,0.0055005765,0.006765449,0.0047916225,0.006765449,0.0077664447,0.0047916225,0.0055005765,0.0047916225,0.0051338766,0.0077664447,0.0077664447,0.00589347,0.0063144253,0.006765449,0.00589347,0.006765449,0.0063144253,0.00589347,0.0055005765,0.006765449,0.0072486885,0.0055005765,0.0072486885,0.0051338766,0.0047916225,0.0063144253,0.0055005765,0.0051338766,0.00589347,0.0063144253,0.0055005765,0.0055005765,0.00589347,0.0077664447,0.0077664447,0.0077664447,0.0047916225,0.0055005765,0.0055005765,0.0063144253,0.006765449,0.0055005765,0.0077664447,0.0063144253,0.006765449,0.0063144253,0.0047916225,2,2
0.004923176,0.0064877872,0.006055274,0.006055274,0.0079796715,0.0074477005,0.0074477005,0.004923176,0.0074477005,0.0079796715,0.006951194,0.0064877872,0.0052748267,0.0052748267,0.0064877872,0.006951194,0.0074477005,0.004923176,0.004923176,0.005651594,0.005651594,0.0064877872,0.005651594,0.004923176,0.005651594,0.0074477005,0.005651594,0.0052748267,0.004923176,0.0079796715,0.0079796715,0.005651594,0.0052748267,0.006951194,0.0079796715,0.006055274,0.0064877872,0.0074477005,0.0064877872,0.0079796715,0.004923176,0.0064877872,0.0079796715,0.006951194,0.0079796715,0.006951194,0.006951194,0.004923176,0.004923176,0.006951194,0.0064877872,0.0064877872,0.004923176,0.004923176,0.0079796715,0.004923176,0.006951194,0.004923176,0.004923176,0.0064877872,0.0079796715,0.0052748267,0.005651594,0.005651594,0.0079796715,0.0052748267,0.005651594,0.0064877872,0.006055274,0.0074477005,0.0079796715,0.0079796715,0.005651594,0.005651594,0.004923176,0.0052748267,0.006055274,0.004923176,0.004923176,0.004923176,0.004923176,0.004923176,0.005651594,0.0079796715,0.0079796715,0.004923176,0.004923176,0.0052748267,0.0074477005,0.006055274,0.006055274,0.006951194,0.004923176,0.0079796715,0.0079796715,0.006951194,0.004923176,0.0064877872,0.0064877872,0.0079796715,0.0064877872,0.006951194,0.0064877872,0.004923176,0.0074477005,0.0079796715,0.006951194,0.0064877872,0.004923176,0.0064877872,0.0079796715,0.0074477005,0.006055274,0.004923176,0.006951194,0.006055274,0.006951194,0.004923176,0.0064877872,0.004923176,0.004923176,0.0052748267,0.004923176,0.0064877872,0.0052748267,0.0052748267,0.0074477005,0.004923176,0.0074477005,0.006055274,0.006951194,0.005651594,0.0074477005,0.006951194,0.0079796715,0.0074477005,0.004923176,0.006055274,0.005651594,0.0079796715,0.004923176,0.0052748267,0.0074477005,0.006055274,0.006951194,0.004923176,0.004923176,0.0079796715,0.004923176,0.0052748267,0.004923176,0.005651594,0.006951194,0.004923176,0.0079796715,0.0079796715,0.0064877872,0.004923176,0.004923176,0.006055274,4,4
0.00491973,0.0052711344,0.0056476383,0.00491973,0.00491973,0.007442488,0.006483246,0.00491973,0.007974086,0.007974086,0.007442488,0.0069463286,0.0052711344,0.0052711344,0.0069463286,0.0056476383,0.006483246,0.006051036,0.00491973,0.006483246,0.0052711344,0.007442488,0.0056476383,0.00491973,0.007974086,0.007442488,0.0056476383,0.006051036,0.00491973,0.007974086,0.007974086,0.0056476383,0.0052711344,0.0069463286,0.007974086,0.006483246,0.006051036,0.0069463286,0.006051036,0.007442488,0.00491973,0.0052711344,0.007974086,0.0069463286,0.007974086,0.007974086,0.006051036,0.00491973,0.00491973,0.006483246,0.007442488,0.006051036,0.0052711344,0.00491973,0.007974086,0.00491973,0.0069463286,0.00491973,0.00491973,0.007442488,0.007974086,0.006051036,0.006051036,0.00491973,0.007974086,0.0052711344,0.006051036,0.0056476383,0.0052711344,0.0069463286,0.00491973,0.0056476383,0.0056476383,0.0052711344,0.007974086,0.007974086,0.006483246,0.00491973,0.00491973,0.00491973,0.0052711344,0.0069463286,0.0056476383,0.0069463286,0.007974086,0.00491973,0.00491973,0.0052711344,0.007442488,0.006051036,0.006051036,0.0069463286,0.00491973,0.007974086,0.007974086,0.0069463286,0.00491973,0.0056476383,0.00491973,0.007974086,0.007974086,0.0069463286,0.006483246,0.0056476383,0.007442488,0.007974086,0.007442488,0.006483246,0.00491973,0.007974086,0.007974086,0.007974086,0.006483246,0.0056476383,0.0069463286,0.007974086,0.006483246,0.00491973,0.0052711344,0.00491973,0.0056476383,0.0052711344,0.00491973,0.00491973,0.0056476383,0.0056476383,0.006483246,0.00491973,0.00491973,0.0056476383,0.007974086,0.0056476383,0.0069463286,0.006483246,0.007442488,0.007974086,0.0056476383,0.00491973,0.006051036,0.007974086,0.00491973,0.0056476383,0.007442488,0.0056476383,0.006051036,0.006051036,0.0056476383,0.00491973,0.00491973,0.007974086,0.0056476383,0.0056476383,0.00491973,0.00491973,0.007974086,0.007974086,0.007442488,0.00491973,0.0056476383,0.007974086,8,0
0.0057251174,0.006134048,0.007544589,0.007544589,0.0049872226,0.0070416234,0.007544589,0.006572188,0.007544589,0.0046547456,0.007544589,0.0053434474,0.0046547456,0.0046547456,0.0053434474,0.006572188,0.006572188,0.006134048,0.007544589,0.006134048,0.0070416234,0.0070416234,0.0057251174,0.0057251174,0.0046547456,0.0053434474,0.0053434474,0.0057251174,0.0070416234,0.006134048,0.006572188,0.006134048,0.007544589,0.006134048,0.0046547456,0.0070416234,0.006134048,0.0057251174,0.0046547456,0.0070416234,0.0046547456,0.007544589,0.007544589,0.0070416234,0.007544589,0.006134048,0.0057251174,0.007544589,0.007544589,0.0057251174,0.0053434474,0.007544589,0.007544589,0.007544589,0.0046547456,0.007544589,0.006572188,0.007544589,0.007544589,0.0057251174,0.006134048,0.0049872226,0.0057251174,0.006134048,0.006572188,0.0057251174,0.006134048,0.0049872226,0.0057251174,0.0057251174,0.0049872226,0.006572188,0.0053434474,0.0053434474,0.0046547456,0.007544589,0.006134048,0.007544589,0.007544589,0.007544589,0.007544589,0.0046547456,0.0046547456,0.0046547456,0.0046547456,0.007544589,0.007544589,0.007544589,0.0049872226,0.007544589,0.007544589,0.006572188,0.007544589,0.0046547456,0.007544589,0.007544589,0.007544589,0.0046547456,0.006134048,0.0046547456,0.0053434474,0.007544589,0.006134048,0.0049872226,0.006572188,0.0046547456,0.006134048,0.0057251174,0.0046547456,0.0046547456,0.0070416234,0.007544589,0.0053434474,0.0070416234,0.0070416234,0.007544589,0.006572188,0.0053434474,0.0049872226,0.007544589,0.0070416234,0.006572188,0.007544589,0.007544589,0.006134048,0.006572188,0.006572188,0.0057251174,0.006134048,0.006134048,0.006134048,0.0053434474,0.006134048,0.0070416234,0.0057251174,0.006572188,0.0053434474,0.0046547456,0.006134048,0.0057251174,0.0057251174,0.0057251174,0.0053434474,0.0046547456,0.006134048,0.0057251174,0.007544589,0.007544589,0.007544589,0.0046547456,0.0046547456,0.0057251174,0.007544589,0.007544589,0.007544589,0.0049872226,0.0070416234,0.0057251174,0.0053434474,0.007544589,2,0
0.0050405525,0.0054005864,0.0050405525,0.008169919,0.0050405525,0.0054005864,0.0054005864,0.007116921,0.0076252655,0.008169919,0.005786337,0.0054005864,0.0050405525,0.008169919,0.007116921,0.0050405525,0.005786337,0.005786337,0.008169919,0.0050405525,0.0050405525,0.0054005864,0.006199641,0.006199641,0.0050405525,0.005786337,0.005786337,0.006642466,0.006642466,0.007116921,0.006642466,0.006199641,0.0054005864,0.0076252655,0.008169919,0.005786337,0.006642466,0.0050405525,0.008169919,0.005786337,0.0050405525,0.006642466,0.007116921,0.005786337,0.008169919,0.0050405525,0.0054005864,0.0050405525,0.008169919,0.006199641,0.006642466,0.0054005864,0.0050405525,0.008169919,0.005786337,0.0054005864,0.005786337,0.0050405525,0.008169919,0.005786337,0.007116921,0.006199641,0.0054005864,0.008169919,0.0050405525,0.005786337,0.006642466,0.0050405525,0.008169919,0.0050405525,0.0050405525,0.0050405525,0.005786337,0.005786337,0.008169919,0.0050405525,0.0054005864,0.0050405525,0.008169919,0.0054005864,0.0050405525,0.0050405525,0.008169919,0.008169919,0.007116921,0.0050405525,0.0050405525,0.007116921,0.008169919,0.0050405525,0.006199641,0.006199641,0.0054005864,0.008169919,0.0050405525,0.0050405525,0.0050405525,0.0050405525,0.008169919,0.006642466,0.005786337,0.006642466,0.0050405525,0.0054005864,0.006642466,0.0050405525,0.005786337,0.0054005864,0.007116921,0.006199641,0.0050405525,0.005786337,0.0054005864,0.008169919,0.006642466,0.006199641,0.005786337,0.0050405525,0.006642466,0.0050405525,0.0050405525,0.005786337,0.0050405525,0.008169919,0.006199641,0.0050405525,0.008169919,0.007116921,0.008169919,0.007116921,0.0054005864,0.005786337,0.0076252655,0.0076252655,0.0054005864,0.005786337,0.0054005864,0.0054005864,0.0076252655,0.005786337,0.0050405525,0.006199641,0.0076252655,0.008169919,0.005786337,0.0054005864,0.008169919,0.008169919,0.008169919,0.008169919,0.006199641,0.005786337,0.0076252655,0.008169919,0.0050405525,0.006199641,0.0050405525,0.007116921,0.007116921,0.0050405525,3,3
0.004900158,0.00562517,0.004900158,0.007942363,0.0052501643,0.0052501643,0.0064574536,0.0069186934,0.007412879,0.007942363,0.0064574536,0.0052501643,0.004900158,0.007942363,0.007942363,0.006026963,0.0052501643,0.0064574536,0.007942363,0.004900158,0.0064574536,0.007412879,0.00562517,0.004900158,0.004900158,0.00562517,0.00562517,0.0064574536,0.007412879,0.00562517,0.0069186934,0.00562517,0.004900158,0.0064574536,0.007942363,0.006026963,0.006026963,0.004900158,0.007942363,0.00562517,0.00562517,0.007412879,0.0069186934,0.00562517,0.007942363,0.007942363,0.006026963,0.007942363,0.007942363,0.00562517,0.0069186934,0.006026963,0.0064574536,0.0069186934,0.00562517,0.0052501643,0.006026963,0.004900158,0.004900158,0.004900158,0.007412879,0.0064574536,0.004900158,0.0069186934,0.00562517,0.00562517,0.006026963,0.0052501643,0.007942363,0.00562517,0.004900158,0.006026963,0.004900158,0.00562517,0.007942363,0.004900158,0.00562517,0.004900158,0.0064574536,0.0052501643,0.0069186934,0.007412879,0.007942363,0.007942363,0.007942363,0.004900158,0.004900158,0.00562517,0.007942363,0.006026963,0.0064574536,0.004900158,0.004900158,0.007942363,0.004900158,0.0052501643,0.004900158,0.00562517,0.0069186934,0.007942363,0.0069186934,0.0064574536,0.004900158,0.004900158,0.00562517,0.007942363,0.006026963,0.004900158,0.007942363,0.007942363,0.0064574536,0.0064574536,0.0069186934,0.007942363,0.0052501643,0.006026963,0.006026963,0.004900158,0.006026963,0.004900158,0.007412879,0.0052501643,0.006026963,0.0069186934,0.0052501643,0.0052501643,0.0069186934,0.0069186934,0.007942363,0.0064574536,0.0064574536,0.00562517,0.007412879,0.007412879,0.004900158,0.00562517,0.00562517,0.00562517,0.007942363,0.00562517,0.007942363,0.006026963,0.006026963,0.0069186934,0.00562517,0.0052501643,0.007942363,0.007942363,0.007942363,0.0064574536,0.0052501643,0.00562517,0.007412879,0.007942363,0.0052501643,0.0052501643,0.004900158,0.0064574536,0.0069186934,0.0052501643,3,3
0.005158597,0.005921848,0.007803842,0.007803842,0.0048146956,0.005158597,0.005921848,0.006798026,0.007283593,0.007803842,0.0055270633,0.005158597,0.005158597,0.0055270633,0.0063448306,0.005158597,0.0063448306,0.0063448306,0.007803842,0.0048146956,0.005921848,0.007283593,0.005921848,0.0063448306,0.005158597,0.0048146956,0.0055270633,0.0063448306,0.0063448306,0.0048146956,0.005921848,0.005921848,0.007803842,0.0063448306,0.007803842,0.006798026,0.0055270633,0.007803842,0.0048146956,0.006798026,0.0048146956,0.0063448306,0.007283593,0.005921848,0.007803842,0.005158597,0.0048146956,0.007803842,0.0048146956,0.006798026,0.0055270633,0.005158597,0.007803842,0.005158597,0.0055270633,0.0048146956,0.0048146956,0.007803842,0.0055270633,0.006798026,0.006798026,0.005158597,0.006798026,0.005921848,0.007803842,0.005921848,0.005921848,0.005158597,0.006798026,0.007283593,0.0055270633,0.0048146956,0.0055270633,0.005158597,0.007803842,0.0055270633,0.005158597,0.007803842,0.0063448306,0.005158597,0.007803842,0.0048146956,0.007803842,0.007803842,0.0063448306,0.005921848,0.005921848,0.007803842,0.007803842,0.005921848,0.0063448306,0.006798026,0.007803842,0.0048146956,0.007803842,0.005921848,0.0048146956,0.007803842,0.005921848,0.007803842,0.007283593,0.007803842,0.006798026,0.005158597,0.007283593,0.0048146956,0.0055270633,0.007803842,0.005158597,0.007803842,0.0048146956,0.0048146956,0.007283593,0.0063448306,0.0063448306,0.0055270633,0.006798026,0.007803842,0.0055270633,0.0048146956,0.005921848,0.005158597,0.007803842,0.007803842,0.005921848,0.0048146956,0.007803842,0.006798026,0.007803842,0.007283593,0.005921848,0.0055270633,0.007283593,0.007283593,0.0055270633,0.0055270633,0.005158597,0.0048146956,0.0063448306,0.0055270633,0.006798026,0.005921848,0.006798026,0.005158597,0.005921848,0.005158597,0.007803842,0.007803842,0.007803842,0.007803842,0.005921848,0.0055270633,0.006798026,0.007283593,0.0048146956,0.0063448306,0.005158597,0.0063448306,0.005158597,0.0048146956,2,2
0.0049817627,0.005337598,0.0049817627,0.0049817627,0.008074631,0.005337598,0.005718849,0.0049817627,0.005718849,0.008074631,0.006127333,0.005337598,0.0049817627,0.008074631,0.008074631,0.005337598,0.0049817627,0.006564993,0.0049817627,0.008074631,0.006564993,0.0075363293,0.006564993,0.0049817627,0.008074631,0.006564993,0.006127333,0.0049817627,0.005337598,0.008074631,0.0070339143,0.0049817627,0.0049817627,0.006127333,0.008074631,0.0049817627,0.006127333,0.006127333,0.005337598,0.006564993,0.0049817627,0.006127333,0.008074631,0.006127333,0.008074631,0.0070339143,0.006127333,0.006127333,0.0049817627,0.008074631,0.006127333,0.0049817627,0.008074631,0.0049817627,0.008074631,0.0049817627,0.0070339143,0.0049817627,0.0049817627,0.0075363293,0.0070339143,0.005718849,0.006127333,0.005337598,0.008074631,0.005337598,0.005718849,0.006127333,0.006127333,0.0070339143,0.0049817627,0.0049817627,0.005718849,0.005718849,0.0075363293,0.005337598,0.006127333,0.0049817627,0.0049817627,0.0049817627,0.0049817627,0.006127333,0.008074631,0.0075363293,0.008074631,0.0049817627,0.0049817627,0.005718849,0.0075363293,0.006127333,0.006127333,0.0070339143,0.0049817627,0.008074631,0.008074631,0.006127333,0.0049817627,0.006564993,0.006564993,0.0075363293,0.0070339143,0.0070339143,0.0075363293,0.005718849,0.0075363293,0.008074631,0.008074631,0.0049817627,0.0049817627,0.008074631,0.006564993,0.005718849,0.006127333,0.005718849,0.0070339143,0.006127333,0.0070339143,0.006564993,0.006564993,0.0049817627,0.005337598,0.006564993,0.0049817627,0.008074631,0.005718849,0.0049817627,0.0049817627,0.0070339143,0.008074631,0.005337598,0.0049817627,0.006127333,0.0075363293,0.0075363293,0.006564993,0.006564993,0.005337598,0.005337598,0.005718849,0.0075363293,0.0049817627,0.005337598,0.0075363293,0.0070339143,0.006564993,0.0049817627,0.0049817627,0.0049817627,0.0049817627,0.008074631,0.0049817627,0.005718849,0.0075363293,0.008074631,0.0070339143,0.0049817627,0.005337598,0.005718849,0.005718849,0.008074631,4,4
0.0059685432,0.005570645,0.007865377,0.007865377,0.0048526605,0.007865377,0.0073410254,0.005199274,0.007865377,0.007865377,0.0073410254,0.0068516303,0.005570645,0.0048526605,0.005570645,0.0073410254,0.0073410254,0.005570645,0.005570645,0.005199274,0.007865377,0.0048526605,0.0059685432,0.005199274,0.0048526605,0.0073410254,0.005570645,0.0048526605,0.0048526605,0.007865377,0.007865377,0.005570645,0.0048526605,0.006394861,0.007865377,0.0059685432,0.006394861,0.0059685432,0.005199274,0.007865377,0.0048526605,0.005199274,0.006394861,0.005199274,0.0068516303,0.007865377,0.0059685432,0.0048526605,0.0048526605,0.006394861,0.007865377,0.0059685432,0.0048526605,0.0048526605,0.007865377,0.0048526605,0.006394861,0.005570645,0.0048526605,0.0048526605,0.007865377,0.005570645,0.0059685432,0.005199274,0.0068516303,0.005199274,0.0059685432,0.006394861,0.0059685432,0.0073410254,0.007865377,0.007865377,0.005570645,0.005570645,0.0048526605,0.0073410254,0.006394861,0.0048526605,0.0048526605,0.0048526605,0.005199274,0.005199274,0.007865377,0.007865377,0.006394861,0.0048526605,0.0048526605,0.005199274,0.0073410254,0.0059685432,0.0059685432,0.0068516303,0.0048526605,0.007865377,0.007865377,0.0068516303,0.0048526605,0.0068516303,0.005570645,0.007865377,0.0068516303,0.0068516303,0.006394861,0.0048526605,0.0073410254,0.007865377,0.0068516303,0.006394861,0.0048526605,0.007865377,0.007865377,0.007865377,0.006394861,0.0048526605,0.006394861,0.007865377,0.0068516303,0.0048526605,0.005570645,0.0048526605,0.0059685432,0.005199274,0.0048526605,0.0048526605,0.005570645,0.006394861,0.0059685432,0.0059685432,0.007865377,0.0048526605,0.007865377,0.005570645,0.0073410254,0.0068516303,0.006394861,0.007865377,0.005199274,0.0059685432,0.0059685432,0.007865377,0.0073410254,0.0068516303,0.005570645,0.006394861,0.005570645,0.007865377,0.0073410254,0.007865377,0.007865377,0.0048526605,0.0059685432,0.005570645,0.0048526605,0.0073410254,0.007865377,0.007865377,0.006394861,0.0048526605,0.005570645,0.0048526605,2,0
0.006570273,0.007542391,0.007542391,0.007542391,0.0049857693,0.0070395716,0.007542391,0.0057234494,0.006570273,0.0046533896,0.0057234494,0.0061322604,0.0046533896,0.0046533896,0.0046533896,0.0057234494,0.0061322604,0.006570273,0.007542391,0.0061322604,0.0070395716,0.0070395716,0.0061322604,0.0057234494,0.0046533896,0.0046533896,0.0053418907,0.0061322604,0.0070395716,0.006570273,0.006570273,0.0061322604,0.007542391,0.0061322604,0.0046533896,0.0053418907,0.0053418907,0.0070395716,0.0053418907,0.0061322604,0.0061322604,0.007542391,0.006570273,0.007542391,0.0046533896,0.007542391,0.006570273,0.007542391,0.007542391,0.0070395716,0.0053418907,0.007542391,0.007542391,0.007542391,0.0046533896,0.007542391,0.006570273,0.007542391,0.007542391,0.0057234494,0.0061322604,0.0061322604,0.0046533896,0.0046533896,0.007542391,0.0061322604,0.0061322604,0.0049857693,0.0057234494,0.0061322604,0.0053418907,0.007542391,0.0046533896,0.0049857693,0.0057234494,0.007542391,0.0061322604,0.007542391,0.007542391,0.007542391,0.007542391,0.0046533896,0.0046533896,0.0046533896,0.0046533896,0.0061322604,0.0070395716,0.007542391,0.0057234494,0.007542391,0.007542391,0.006570273,0.007542391,0.0046533896,0.007542391,0.007542391,0.007542391,0.0046533896,0.0061322604,0.0046533896,0.0053418907,0.007542391,0.006570273,0.0053418907,0.0061322604,0.0046533896,0.0061322604,0.0057234494,0.0046533896,0.0053418907,0.0061322604,0.007542391,0.0053418907,0.006570273,0.0070395716,0.006570273,0.006570273,0.007542391,0.0070395716,0.0046533896,0.0053418907,0.0057234494,0.007542391,0.007542391,0.0061322604,0.007542391,0.007542391,0.0046533896,0.0049857693,0.006570273,0.006570273,0.0053418907,0.0061322604,0.0070395716,0.0070395716,0.006570273,0.0061322604,0.0046533896,0.006570273,0.0061322604,0.0053418907,0.006570273,0.0057234494,0.0046533896,0.006570273,0.0057234494,0.007542391,0.007542391,0.007542391,0.0046533896,0.0049857693,0.0053418907,0.0070395716,0.007542391,0.006570273,0.0057234494,0.0057234494,0.0070395716,0.006570273,0.0057234494,1,2
0.0075147175,0.0075147175,0.0075147175,0.0075147175,0.005322291,0.0065461663,0.0075147175,0.0057024495,0.0065461663,0.004636316,0.006109761,0.006109761,0.004636316,0.004636316,0.004636316,0.006109761,0.006109761,0.006109761,0.0075147175,0.0057024495,0.0070137433,0.0070137433,0.006109761,0.0057024495,0.004636316,0.004636316,0.005322291,0.006109761,0.0070137433,0.005322291,0.0065461663,0.006109761,0.0075147175,0.006109761,0.004636316,0.0070137433,0.0057024495,0.0057024495,0.004636316,0.0075147175,0.004636316,0.0075147175,0.0075147175,0.0075147175,0.0057024495,0.0070137433,0.006109761,0.0075147175,0.0075147175,0.0070137433,0.005322291,0.0075147175,0.0075147175,0.0075147175,0.004636316,0.0075147175,0.0065461663,0.0075147175,0.0075147175,0.0057024495,0.005322291,0.0065461663,0.004636316,0.004636316,0.0075147175,0.006109761,0.006109761,0.0049674767,0.0057024495,0.0057024495,0.005322291,0.0075147175,0.004636316,0.005322291,0.004636316,0.0075147175,0.006109761,0.0075147175,0.0075147175,0.0075147175,0.0075147175,0.0049674767,0.004636316,0.004636316,0.004636316,0.0075147175,0.0075147175,0.0075147175,0.0057024495,0.0075147175,0.0075147175,0.0065461663,0.0075147175,0.004636316,0.0075147175,0.0075147175,0.0075147175,0.004636316,0.006109761,0.004636316,0.005322291,0.0075147175,0.0065461663,0.0049674767,0.0065461663,0.004636316,0.0057024495,0.006109761,0.004636316,0.0057024495,0.0070137433,0.0075147175,0.0057024495,0.0075147175,0.0075147175,0.004636316,0.0065461663,0.0075147175,0.0075147175,0.005322291,0.0075147175,0.0065461663,0.0075147175,0.0075147175,0.0070137433,0.0075147175,0.0070137433,0.004636316,0.004636316,0.0065461663,0.0070137433,0.005322291,0.005322291,0.006109761,0.0065461663,0.0065461663,0.0049674767,0.004636316,0.0065461663,0.005322291,0.005322291,0.0065461663,0.006109761,0.004636316,0.0065461663,0.0057024495,0.0075147175,0.0075147175,0.0075147175,0.004636316,0.004636316,0.005322291,0.0075147175,0.0075147175,0.006109761,0.004636316,0.006109761,0.0075147175,0.0075147175,0.0049674767,0,2
0.0049046148,0.0052549397,0.007949587,0.007949587,0.0049046148,0.0049046148,0.0049046148,0.0074196216,0.0074196216,0.007949587,0.005630287,0.0052549397,0.0052549397,0.0049046148,0.006924987,0.0049046148,0.006463327,0.006463327,0.007949587,0.0049046148,0.006032445,0.0074196216,0.006032445,0.006463327,0.0049046148,0.006032445,0.005630287,0.006463327,0.006032445,0.0052549397,0.006463327,0.006924987,0.0074196216,0.006924987,0.007949587,0.005630287,0.0049046148,0.006463327,0.0049046148,0.006032445,0.0049046148,0.006463327,0.0074196216,0.006032445,0.007949587,0.0049046148,0.0049046148,0.007949587,0.0049046148,0.006924987,0.005630287,0.005630287,0.007949587,0.0052549397,0.005630287,0.0049046148,0.0052549397,0.007949587,0.006032445,0.006032445,0.006463327,0.0052549397,0.006463327,0.005630287,0.007949587,0.006032445,0.005630287,0.005630287,0.0049046148,0.006032445,0.0052549397,0.0049046148,0.005630287,0.0052549397,0.007949587,0.0049046148,0.0052549397,0.006463327,0.005630287,0.0049046148,0.006463327,0.005630287,0.007949587,0.007949587,0.006924987,0.0049046148,0.006032445,0.007949587,0.006924987,0.006032445,0.006463327,0.006924987,0.006924987,0.0049046148,0.007949587,0.0049046148,0.0049046148,0.007949587,0.006924987,0.0074196216,0.006032445,0.006463327,0.0074196216,0.005630287,0.007949587,0.0049046148,0.006032445,0.007949587,0.0049046148,0.007949587,0.006463327,0.006924987,0.006463327,0.007949587,0.006032445,0.005630287,0.006924987,0.007949587,0.005630287,0.0049046148,0.0052549397,0.0052549397,0.007949587,0.007949587,0.0052549397,0.0049046148,0.007949587,0.006924987,0.007949587,0.0074196216,0.006463327,0.005630287,0.0074196216,0.0074196216,0.005630287,0.005630287,0.0052549397,0.0049046148,0.006463327,0.005630287,0.0052549397,0.005630287,0.0074196216,0.0052549397,0.006032445,0.0052549397,0.007949587,0.007949587,0.007949587,0.007949587,0.0049046148,0.005630287,0.006924987,0.0074196216,0.0049046148,0.0052549397,0.0049046148,0.0074196216,0.006463327,0.0052549397,2,2
0.006330776,0.007786555,0.007786555,0.007786555,0.00480403,0.0072674584,0.007786555,0.0067829676,0.0072674584,0.00480403,0.0055148196,0.006330776,0.0067829676,0.0051471703,0.007786555,0.0055148196,0.006330776,0.006330776,0.007786555,0.0055148196,0.007786555,0.0072674584,0.0059087304,0.006330776,0.00480403,0.007786555,0.0059087304,0.0055148196,0.00480403,0.007786555,0.0072674584,0.006330776,0.0067829676,0.006330776,0.006330776,0.00480403,0.00480403,0.007786555,0.00480403,0.0055148196,0.00480403,0.006330776,0.007786555,0.006330776,0.007786555,0.00480403,0.00480403,0.007786555,0.00480403,0.0059087304,0.0059087304,0.006330776,0.007786555,0.00480403,0.0055148196,0.00480403,0.00480403,0.007786555,0.006330776,0.0059087304,0.006330776,0.0059087304,0.006330776,0.00480403,0.007786555,0.0051471703,0.0059087304,0.0059087304,0.0072674584,0.0072674584,0.007786555,0.007786555,0.0055148196,0.0051471703,0.00480403,0.00480403,0.0055148196,0.007786555,0.0059087304,0.0051471703,0.00480403,0.00480403,0.007786555,0.007786555,0.006330776,0.00480403,0.0051471703,0.007786555,0.0072674584,0.0059087304,0.0059087304,0.0067829676,0.007786555,0.00480403,0.007786555,0.00480403,0.0051471703,0.0067829676,0.0059087304,0.006330776,0.006330776,0.006330776,0.007786555,0.006330776,0.006330776,0.00480403,0.0055148196,0.007786555,0.0051471703,0.007786555,0.0051471703,0.0051471703,0.0067829676,0.00480403,0.0059087304,0.0051471703,0.0059087304,0.007786555,0.00480403,0.0059087304,0.0051471703,0.0051471703,0.007786555,0.007786555,0.0051471703,0.006330776,0.0067829676,0.006330776,0.007786555,0.006330776,0.006330776,0.0055148196,0.0072674584,0.0072674584,0.007786555,0.0059087304,0.0051471703,0.0055148196,0.007786555,0.0055148196,0.0051471703,0.0067829676,0.006330776,0.0051471703,0.0059087304,0.0059087304,0.007786555,0.007786555,0.007786555,0.00480403,0.00480403,0.0055148196,0.0067829676,0.0072674584,0.0055148196,0.007786555,0.0067829676,0.0067829676,0.0059087304,0.00480403,1,2
0.0050141183,0.0053722644,0.0050141183,0.0061671287,0.0066076308,0.0050141183,0.0053722644,0.0050141183,0.0050141183,0.008127074,0.0066076308,0.0053722644,0.0050141183,0.007585276,0.008127074,0.0053722644,0.0050141183,0.0050141183,0.0050141183,0.008127074,0.0050141183,0.0061671287,0.0057559917,0.0053722644,0.007585276,0.008127074,0.0057559917,0.0066076308,0.0057559917,0.008127074,0.0070795976,0.0050141183,0.0050141183,0.0061671287,0.008127074,0.0057559917,0.0066076308,0.0053722644,0.0053722644,0.007585276,0.0053722644,0.0066076308,0.0066076308,0.0053722644,0.008127074,0.008127074,0.0066076308,0.0050141183,0.0050141183,0.008127074,0.0061671287,0.0050141183,0.0070795976,0.0050141183,0.0070795976,0.0050141183,0.0066076308,0.0050141183,0.0050141183,0.0053722644,0.008127074,0.0070795976,0.0050141183,0.0057559917,0.008127074,0.0061671287,0.0070795976,0.0053722644,0.007585276,0.0050141183,0.0057559917,0.0050141183,0.0050141183,0.0057559917,0.007585276,0.0053722644,0.0066076308,0.0050141183,0.0061671287,0.0050141183,0.0053722644,0.008127074,0.0053722644,0.0050141183,0.008127074,0.0050141183,0.0050141183,0.0057559917,0.0057559917,0.0061671287,0.0061671287,0.0070795976,0.0050141183,0.008127074,0.008127074,0.0061671287,0.0050141183,0.0066076308,0.0053722644,0.008127074,0.008127074,0.007585276,0.0050141183,0.0061671287,0.0061671287,0.008127074,0.008127074,0.0050141183,0.0050141183,0.008127074,0.008127074,0.0057559917,0.0061671287,0.0050141183,0.0070795976,0.0061671287,0.0066076308,0.0057559917,0.0057559917,0.0050141183,0.0057559917,0.0053722644,0.0053722644,0.0050141183,0.007585276,0.0057559917,0.008127074,0.0050141183,0.0050141183,0.007585276,0.008127074,0.0070795976,0.0050141183,0.0050141183,0.0070795976,0.0070795976,0.0050141183,0.0050141183,0.0050141183,0.007585276,0.0066076308,0.0070795976,0.0057559917,0.0061671287,0.008127074,0.0053722644,0.008127074,0.008127074,0.008127074,0.007585276,0.0061671287,0.0057559917,0.0050141183,0.0066076308,0.007585276,0.007585276,0.0061671287,0.0057559917,0.0061671287,0.0057559917,9,4
0.0075177094,0.0075177094,0.0075177094,0.0075177094,0.00532441,0.0070165354,0.0075177094,0.0065487726,0.0075177094,0.004638162,0.0061121937,0.00570472,0.004638162,0.004638162,0.004638162,0.0061121937,0.0061121937,0.0061121937,0.0075177094,0.00570472,0.0070165354,0.0070165354,0.00532441,0.00570472,0.004638162,0.0049694544,0.00532441,0.0061121937,0.0061121937,0.0061121937,0.0065487726,0.00570472,0.0075177094,0.0061121937,0.004638162,0.0070165354,0.00532441,0.0061121937,0.0049694544,0.0070165354,0.00570472,0.0075177094,0.0075177094,0.0075177094,0.0061121937,0.0070165354,0.0061121937,0.0075177094,0.0075177094,0.0070165354,0.00532441,0.0075177094,0.0075177094,0.0075177094,0.004638162,0.0075177094,0.0065487726,0.0075177094,0.0075177094,0.00570472,0.0061121937,0.0049694544,0.004638162,0.004638162,0.0075177094,0.0061121937,0.0061121937,0.0049694544,0.00570472,0.0049694544,0.00570472,0.0075177094,0.004638162,0.00532441,0.004638162,0.0075177094,0.0061121937,0.0075177094,0.0075177094,0.0075177094,0.0075177094,0.004638162,0.004638162,0.004638162,0.004638162,0.0075177094,0.0075177094,0.0075177094,0.00570472,0.0075177094,0.0075177094,0.0065487726,0.0075177094,0.004638162,0.0075177094,0.0075177094,0.0075177094,0.004638162,0.0061121937,0.004638162,0.0061121937,0.0070165354,0.0065487726,0.00532441,0.0070165354,0.004638162,0.00570472,0.0061121937,0.004638162,0.00532441,0.0070165354,0.0075177094,0.00570472,0.0075177094,0.0065487726,0.00570472,0.0065487726,0.0075177094,0.0075177094,0.004638162,0.0075177094,0.00570472,0.0075177094,0.0075177094,0.00570472,0.0075177094,0.0061121937,0.004638162,0.004638162,0.0065487726,0.0070165354,0.00532441,0.0065487726,0.0070165354,0.0070165354,0.0070165354,0.0049694544,0.004638162,0.0061121937,0.00532441,0.00532441,0.0065487726,0.00570472,0.004638162,0.0065487726,0.00532441,0.0075177094,0.0075177094,0.0075177094,0.004638162,0.0049694544,0.00532441,0.0070165354,0.0075177094,0.0065487726,0.004638162,0.0061121937,0.0075177094,0.0075177094,0.004638162,0,0
0.006177508,0.0070915134,0.007598043,0.007598043,0.0050225575,0.0070915134,0.007598043,0.006618752,0.007598043,0.0046877246,0.0070915134,0.00576568,0.0046877246,0.0046877246,0.006177508,0.007598043,0.006177508,0.0050225575,0.007598043,0.006177508,0.007598043,0.0070915134,0.005381306,0.0050225575,0.0046877246,0.007598043,0.005381306,0.0046877246,0.0046877246,0.0070915134,0.007598043,0.006618752,0.0070915134,0.00576568,0.0046877246,0.0070915134,0.00576568,0.006618752,0.0050225575,0.007598043,0.0046877246,0.0070915134,0.007598043,0.006177508,0.007598043,0.0070915134,0.006618752,0.007598043,0.007598043,0.007598043,0.0070915134,0.006618752,0.0046877246,0.0046877246,0.0046877246,0.007598043,0.0046877246,0.007598043,0.006618752,0.005381306,0.007598043,0.00576568,0.0046877246,0.0050225575,0.007598043,0.0050225575,0.005381306,0.006177508,0.006177508,0.0070915134,0.007598043,0.007598043,0.0050225575,0.0050225575,0.0050225575,0.007598043,0.006177508,0.007598043,0.006618752,0.006618752,0.0046877246,0.0050225575,0.007598043,0.007598043,0.006618752,0.006177508,0.0070915134,0.007598043,0.0070915134,0.0046877246,0.00576568,0.006618752,0.007598043,0.0046877246,0.007598043,0.005381306,0.0050225575,0.00576568,0.006618752,0.0046877246,0.0070915134,0.006618752,0.006177508,0.005381306,0.005381306,0.0046877246,0.005381306,0.0046877246,0.0046877246,0.007598043,0.00576568,0.007598043,0.0046877246,0.0050225575,0.0050225575,0.0070915134,0.006618752,0.006177508,0.00576568,0.006177508,0.006177508,0.00576568,0.007598043,0.007598043,0.005381306,0.0070915134,0.0070915134,0.00576568,0.006618752,0.006177508,0.007598043,0.005381306,0.006618752,0.0070915134,0.006618752,0.0070915134,0.005381306,0.0046877246,0.006618752,0.006618752,0.005381306,0.006618752,0.0046877246,0.0046877246,0.006177508,0.007598043,0.007598043,0.007598043,0.007598043,0.0046877246,0.006177508,0.005381306,0.006177508,0.006618752,0.006618752,0.007598043,0.006177508,0.006177508,0.005381306,0.0046877246,2,0
0.005368862,0.005752347,0.0075804726,0.0075804726,0.0046768845,0.005752347,0.0075804726,0.0066034463,0.0070751146,0.0075804726,0.0070751146,0.0066034463,0.0046768845,0.0046768845,0.0066034463,0.0061632227,0.0070751146,0.0066034463,0.0075804726,0.0046768845,0.0066034463,0.0070751146,0.005752347,0.0061632227,0.0046768845,0.0061632227,0.005368862,0.005010943,0.005752347,0.005752347,0.005010943,0.0066034463,0.0075804726,0.0066034463,0.005368862,0.0066034463,0.005010943,0.0075804726,0.0046768845,0.0070751146,0.0046768845,0.0075804726,0.0061632227,0.005368862,0.0075804726,0.0075804726,0.0066034463,0.0075804726,0.0075804726,0.0075804726,0.005368862,0.0070751146,0.0066034463,0.005752347,0.005010943,0.0075804726,0.0061632227,0.0075804726,0.0075804726,0.0070751146,0.0061632227,0.005752347,0.0061632227,0.005368862,0.0066034463,0.0061632227,0.0061632227,0.0046768845,0.005368862,0.0070751146,0.0075804726,0.005010943,0.005010943,0.0046768845,0.0075804726,0.0075804726,0.0061632227,0.0075804726,0.0075804726,0.0070751146,0.0075804726,0.0046768845,0.0061632227,0.005752347,0.005010943,0.0061632227,0.0061632227,0.0075804726,0.005752347,0.0046768845,0.0075804726,0.0066034463,0.0075804726,0.0046768845,0.0075804726,0.005752347,0.0066034463,0.005368862,0.0061632227,0.0061632227,0.0075804726,0.0075804726,0.0066034463,0.005010943,0.0061632227,0.0046768845,0.005752347,0.0061632227,0.0046768845,0.005010943,0.0066034463,0.0075804726,0.0046768845,0.0075804726,0.0066034463,0.0046768845,0.0066034463,0.0075804726,0.0075804726,0.005010943,0.0061632227,0.0061632227,0.0075804726,0.0075804726,0.0061632227,0.005010943,0.0066034463,0.0061632227,0.0070751146,0.0066034463,0.0070751146,0.005368862,0.005752347,0.0061632227,0.005010943,0.005752347,0.005010943,0.0046768845,0.005752347,0.005752347,0.005752347,0.0066034463,0.005752347,0.005368862,0.0066034463,0.005368862,0.0075804726,0.0075804726,0.0075804726,0.0066034463,0.005752347,0.005368862,0.0066034463,0.0070751146,0.0046768845,0.0066034463,0.005368862,0.0066034463,0.0066034463,0.0046768845,2,0
0.007103979,0.0061883675,0.0050313864,0.0050313864,0.005775815,0.005390766,0.0061883675,0.0050313864,0.0050313864,0.008155063,0.006630387,0.005775815,0.0050313864,0.007103979,0.008155063,0.005775815,0.007611399,0.0050313864,0.0050313864,0.007611399,0.0061883675,0.007103979,0.005390766,0.0050313864,0.007103979,0.008155063,0.005775815,0.006630387,0.0050313864,0.008155063,0.007103979,0.005775815,0.0050313864,0.007611399,0.008155063,0.005775815,0.006630387,0.005775815,0.005390766,0.005775815,0.0050313864,0.007611399,0.008155063,0.0061883675,0.008155063,0.007103979,0.006630387,0.0050313864,0.0050313864,0.007103979,0.0061883675,0.007103979,0.006630387,0.0050313864,0.007103979,0.0050313864,0.006630387,0.005390766,0.0050313864,0.0050313864,0.008155063,0.0061883675,0.0050313864,0.005390766,0.007103979,0.007103979,0.008155063,0.0050313864,0.0050313864,0.0050313864,0.0050313864,0.005390766,0.005390766,0.005775815,0.008155063,0.005390766,0.006630387,0.0050313864,0.0061883675,0.0050313864,0.0050313864,0.007611399,0.0061883675,0.0050313864,0.008155063,0.0050313864,0.005390766,0.0050313864,0.006630387,0.0061883675,0.0061883675,0.007103979,0.0050313864,0.008155063,0.008155063,0.0061883675,0.0050313864,0.0061883675,0.0050313864,0.008155063,0.007611399,0.006630387,0.005390766,0.0050313864,0.007103979,0.008155063,0.008155063,0.0050313864,0.0050313864,0.008155063,0.008155063,0.007611399,0.0061883675,0.0050313864,0.007103979,0.0061883675,0.007103979,0.0061883675,0.005390766,0.0050313864,0.0050313864,0.005390766,0.0050313864,0.0050313864,0.0050313864,0.005390766,0.008155063,0.0050313864,0.0050313864,0.007103979,0.008155063,0.0061883675,0.0061883675,0.0050313864,0.007103979,0.007103979,0.0050313864,0.005390766,0.0050313864,0.008155063,0.007103979,0.007103979,0.0061883675,0.007103979,0.006630387,0.005390766,0.008155063,0.005775815,0.005775815,0.008155063,0.0061883675,0.005775815,0.0050313864,0.005390766,0.008155063,0.008155063,0.0061883675,0.005775815,0.005775815,0.0050313864,9,4
0.006284461,0.00772959,0.00772959,0.00772959,0.0047688847,0.006284461,0.00772959,0.0054744743,0.0067333444,0.0058655026,0.006284461,0.006284461,0.0047688847,0.0047688847,0.00772959,0.006284461,0.0067333444,0.006284461,0.00772959,0.0054744743,0.006284461,0.007214291,0.005109514,0.0067333444,0.0047688847,0.005109514,0.0054744743,0.006284461,0.007214291,0.006284461,0.0047688847,0.0058655026,0.00772959,0.007214291,0.0047688847,0.0058655026,0.006284461,0.006284461,0.0047688847,0.0058655026,0.0047688847,0.00772959,0.00772959,0.0058655026,0.006284461,0.006284461,0.0054744743,0.00772959,0.00772959,0.006284461,0.0054744743,0.00772959,0.007214291,0.00772959,0.0047688847,0.00772959,0.0067333444,0.00772959,0.00772959,0.0067333444,0.006284461,0.006284461,0.0058655026,0.0054744743,0.006284461,0.0058655026,0.006284461,0.0047688847,0.0054744743,0.006284461,0.005109514,0.00772959,0.005109514,0.0047688847,0.0047688847,0.00772959,0.006284461,0.00772959,0.00772959,0.00772959,0.0047688847,0.0047688847,0.006284461,0.006284461,0.0047688847,0.0047688847,0.0067333444,0.00772959,0.006284461,0.007214291,0.0067333444,0.0067333444,0.00772959,0.0047688847,0.00772959,0.0047688847,0.005109514,0.0054744743,0.006284461,0.0047688847,0.007214291,0.00772959,0.006284461,0.0047688847,0.0067333444,0.0047688847,0.0054744743,0.006284461,0.0047688847,0.0058655026,0.006284461,0.00772959,0.0047688847,0.00772959,0.007214291,0.006284461,0.0067333444,0.00772959,0.007214291,0.0047688847,0.0047688847,0.0058655026,0.00772959,0.00772959,0.005109514,0.006284461,0.007214291,0.0054744743,0.0054744743,0.006284461,0.007214291,0.0054744743,0.0067333444,0.007214291,0.0054744743,0.0058655026,0.0058655026,0.0047688847,0.006284461,0.0054744743,0.006284461,0.006284461,0.005109514,0.0047688847,0.0058655026,0.005109514,0.00772959,0.00772959,0.00772959,0.005109514,0.0058655026,0.006284461,0.007214291,0.007214291,0.0047688847,0.0054744743,0.006284461,0.00772959,0.0067333444,0.0047688847,1,2
0.0061958553,0.0076206094,0.0076206094,0.0076206094,0.0047016474,0.0071125757,0.0076206094,0.00663841,0.0071125757,0.0057828045,0.0061958553,0.0057828045,0.0047016474,0.0047016474,0.0057828045,0.0071125757,0.0061958553,0.0061958553,0.0076206094,0.0061958553,0.0076206094,0.00663841,0.0050374744,0.0050374744,0.0047016474,0.0076206094,0.0053972886,0.0053972886,0.0047016474,0.0071125757,0.0076206094,0.0057828045,0.0076206094,0.0061958553,0.0053972886,0.0053972886,0.0057828045,0.0057828045,0.0047016474,0.0057828045,0.0047016474,0.0057828045,0.0076206094,0.0057828045,0.00663841,0.0071125757,0.00663841,0.0076206094,0.0076206094,0.00663841,0.0053972886,0.0076206094,0.0061958553,0.0053972886,0.0047016474,0.0076206094,0.0057828045,0.0076206094,0.0076206094,0.0071125757,0.0076206094,0.0053972886,0.0050374744,0.0050374744,0.0076206094,0.0050374744,0.0057828045,0.0047016474,0.0053972886,0.0076206094,0.0071125757,0.0076206094,0.0047016474,0.0050374744,0.0057828045,0.0076206094,0.0057828045,0.0076206094,0.0076206094,0.0061958553,0.0076206094,0.0053972886,0.0071125757,0.0053972886,0.00663841,0.0076206094,0.0071125757,0.0076206094,0.0061958553,0.0047016474,0.00663841,0.00663841,0.0076206094,0.0047016474,0.0076206094,0.0071125757,0.0071125757,0.0047016474,0.0061958553,0.0047016474,0.00663841,0.0057828045,0.0061958553,0.0053972886,0.0057828045,0.0047016474,0.0057828045,0.0057828045,0.0047016474,0.0061958553,0.00663841,0.0076206094,0.0047016474,0.00663841,0.00663841,0.0053972886,0.0071125757,0.0047016474,0.0050374744,0.00663841,0.00663841,0.00663841,0.0076206094,0.0076206094,0.0061958553,0.0061958553,0.00663841,0.0061958553,0.0071125757,0.0061958553,0.0076206094,0.0053972886,0.0053972886,0.0061958553,0.0053972886,0.0071125757,0.0053972886,0.0047016474,0.0057828045,0.0053972886,0.0071125757,0.00663841,0.0057828045,0.0050374744,0.0057828045,0.0050374744,0.0076206094,0.0076206094,0.0076206094,0.0047016474,0.0076206094,0.0053972886,0.0061958553,0.00663841,0.0050374744,0.0071125757,0.0061958553,0.0061958553,0.0061958553,0.0050374744,1,0
0.007150535,0.00766128,0.00766128,0.00766128,0.00472674,0.0062289224,0.00766128,0.006673839,0.00766128,0.0062289224,0.005813667,0.005426094,0.00472674,0.00472674,0.00472674,0.006673839,0.007150535,0.006673839,0.00766128,0.005813667,0.007150535,0.007150535,0.0062289224,0.0062289224,0.00472674,0.00472674,0.0062289224,0.0062289224,0.007150535,0.0050643594,0.00472674,0.005813667,0.00766128,0.006673839,0.00472674,0.007150535,0.0062289224,0.005813667,0.00472674,0.007150535,0.00472674,0.00766128,0.006673839,0.0062289224,0.00766128,0.005426094,0.005426094,0.00766128,0.00766128,0.005426094,0.005426094,0.00766128,0.00766128,0.00766128,0.00472674,0.00766128,0.006673839,0.00766128,0.00766128,0.005813667,0.00472674,0.005813667,0.0050643594,0.00472674,0.005813667,0.005426094,0.0062289224,0.005426094,0.0062289224,0.005813667,0.00472674,0.00766128,0.00472674,0.00472674,0.00472674,0.00766128,0.0062289224,0.00766128,0.00766128,0.00766128,0.00766128,0.0050643594,0.00472674,0.00472674,0.00472674,0.0050643594,0.00766128,0.00766128,0.005813667,0.00766128,0.00766128,0.006673839,0.00766128,0.00472674,0.00766128,0.006673839,0.00766128,0.00472674,0.0062289224,0.00472674,0.005426094,0.00766128,0.0062289224,0.005426094,0.00472674,0.00472674,0.005813667,0.0062289224,0.00472674,0.0050643594,0.007150535,0.00766128,0.005426094,0.00766128,0.006673839,0.00472674,0.007150535,0.00766128,0.00766128,0.005426094,0.007150535,0.007150535,0.00766128,0.00766128,0.0062289224,0.00766128,0.0062289224,0.00472674,0.0050643594,0.0062289224,0.00472674,0.005426094,0.0062289224,0.006673839,0.00472674,0.006673839,0.0050643594,0.00472674,0.0062289224,0.005426094,0.005426094,0.006673839,0.0050643594,0.00472674,0.007150535,0.005813667,0.00766128,0.005813667,0.00766128,0.00472674,0.00472674,0.005426094,0.00766128,0.00766128,0.00766128,0.0062289224,0.007150535,0.006673839,0.0062289224,0.00766128,1,1
0.004929534,0.004929534,0.006063094,0.007989977,0.005658893,0.0064961654,0.0052816384,0.0069601703,0.007989977,0.007989977,0.0064961654,0.0052816384,0.004929534,0.007989977,0.007989977,0.0069601703,0.004929534,0.004929534,0.007989977,0.006063094,0.005658893,0.0069601703,0.006063094,0.0064961654,0.005658893,0.0074573187,0.005658893,0.0064961654,0.006063094,0.006063094,0.0074573187,0.006063094,0.0052816384,0.0069601703,0.007989977,0.006063094,0.005658893,0.004929534,0.007989977,0.006063094,0.004929534,0.0069601703,0.0069601703,0.005658893,0.007989977,0.0074573187,0.005658893,0.0069601703,0.007989977,0.005658893,0.0074573187,0.004929534,0.004929534,0.007989977,0.0064961654,0.005658893,0.006063094,0.0052816384,0.0069601703,0.004929534,0.0064961654,0.005658893,0.0052816384,0.005658893,0.005658893,0.0064961654,0.006063094,0.004929534,0.0074573187,0.005658893,0.006063094,0.004929534,0.005658893,0.0052816384,0.007989977,0.004929534,0.0052816384,0.004929534,0.007989977,0.004929534,0.004929534,0.004929534,0.007989977,0.007989977,0.0069601703,0.004929534,0.006063094,0.0064961654,0.0064961654,0.0074573187,0.006063094,0.005658893,0.004929534,0.007989977,0.0052816384,0.004929534,0.004929534,0.005658893,0.0069601703,0.007989977,0.0074573187,0.0069601703,0.004929534,0.004929534,0.005658893,0.005658893,0.005658893,0.004929534,0.007989977,0.006063094,0.005658893,0.006063094,0.0052816384,0.007989977,0.006063094,0.006063094,0.0069601703,0.0052816384,0.006063094,0.004929534,0.0052816384,0.0052816384,0.007989977,0.007989977,0.005658893,0.004929534,0.007989977,0.0064961654,0.007989977,0.007989977,0.0064961654,0.0064961654,0.0064961654,0.0074573187,0.0052816384,0.006063094,0.004929534,0.004929534,0.0064961654,0.006063094,0.0052816384,0.006063094,0.0074573187,0.0064961654,0.005658893,0.005658893,0.0064961654,0.007989977,0.007989977,0.007989977,0.0064961654,0.005658893,0.0064961654,0.0069601703,0.0064961654,0.005658893,0.004929534,0.005658893,0.0069601703,0.004929534,3,3
0.0058585275,0.0072057117,0.007720398,0.007720398,0.0047632135,0.0062769875,0.007720398,0.006725337,0.007720398,0.0058585275,0.0062769875,0.006725337,0.0058585275,0.0047632135,0.007720398,0.007720398,0.0058585275,0.0058585275,0.007720398,0.005103438,0.007720398,0.0072057117,0.0058585275,0.005103438,0.0047632135,0.007720398,0.005467964,0.0047632135,0.0047632135,0.007720398,0.0072057117,0.0062769875,0.0072057117,0.0062769875,0.0062769875,0.0047632135,0.0047632135,0.007720398,0.0047632135,0.005467964,0.0047632135,0.0062769875,0.007720398,0.0062769875,0.007720398,0.0047632135,0.0047632135,0.007720398,0.0047632135,0.005467964,0.005467964,0.0058585275,0.007720398,0.0047632135,0.005467964,0.0047632135,0.0047632135,0.007720398,0.0062769875,0.0062769875,0.007720398,0.0058585275,0.0062769875,0.0047632135,0.007720398,0.005467964,0.005467964,0.0058585275,0.0072057117,0.0072057117,0.007720398,0.007720398,0.005467964,0.005103438,0.0047632135,0.0047632135,0.005467964,0.007720398,0.0058585275,0.005103438,0.0047632135,0.0047632135,0.007720398,0.007720398,0.007720398,0.0047632135,0.005467964,0.007720398,0.0072057117,0.0058585275,0.0058585275,0.006725337,0.007720398,0.0047632135,0.007720398,0.0058585275,0.005103438,0.007720398,0.0058585275,0.006725337,0.0072057117,0.006725337,0.007720398,0.0058585275,0.006725337,0.005103438,0.005467964,0.0072057117,0.005103438,0.007720398,0.005103438,0.0047632135,0.0062769875,0.0058585275,0.005467964,0.005467964,0.006725337,0.007720398,0.005103438,0.0058585275,0.005103438,0.005103438,0.007720398,0.007720398,0.005467964,0.0062769875,0.0072057117,0.0062769875,0.007720398,0.0062769875,0.0062769875,0.005467964,0.0072057117,0.0072057117,0.007720398,0.006725337,0.005103438,0.005467964,0.007720398,0.0058585275,0.005103438,0.006725337,0.0062769875,0.005467964,0.0058585275,0.0062769875,0.007720398,0.007720398,0.007720398,0.0047632135,0.0047632135,0.005467964,0.006725337,0.0072057117,0.0047632135,0.007720398,0.0062769875,0.006725337,0.0058585275,0.0047632135,2,2
0.0047890833,0.0051311557,0.0077623287,0.0077623287,0.0047890833,0.0051311557,0.005890346,0.006761864,0.006761864,0.0077623287,0.006311079,0.006761864,0.006311079,0.0047890833,0.0077623287,0.0051311557,0.0051311557,0.006311079,0.0072448472,0.005890346,0.0072448472,0.0072448472,0.0054976614,0.006761864,0.0047890833,0.006761864,0.0054976614,0.0054976614,0.005890346,0.0054976614,0.005890346,0.0051311557,0.0054976614,0.0072448472,0.0077623287,0.0054976614,0.0051311557,0.0072448472,0.0047890833,0.005890346,0.0051311557,0.006761864,0.0077623287,0.005890346,0.0077623287,0.005890346,0.0051311557,0.0077623287,0.0077623287,0.005890346,0.0054976614,0.0047890833,0.0072448472,0.0047890833,0.0054976614,0.0054976614,0.006311079,0.0077623287,0.0054976614,0.006761864,0.006311079,0.0051311557,0.0072448472,0.0047890833,0.0077623287,0.0051311557,0.005890346,0.0051311557,0.006761864,0.005890346,0.006311079,0.005890346,0.0054976614,0.0051311557,0.0077623287,0.0047890833,0.005890346,0.0077623287,0.006761864,0.0051311557,0.0047890833,0.0051311557,0.0077623287,0.0077623287,0.0077623287,0.0047890833,0.005890346,0.0077623287,0.0077623287,0.005890346,0.006761864,0.006761864,0.0077623287,0.0047890833,0.0077623287,0.0051311557,0.0047890833,0.0077623287,0.005890346,0.006761864,0.0072448472,0.0077623287,0.0072448472,0.0054976614,0.0051311557,0.0054976614,0.0054976614,0.0077623287,0.0047890833,0.0077623287,0.0072448472,0.0077623287,0.006311079,0.0077623287,0.005890346,0.005890346,0.006761864,0.0072448472,0.0054976614,0.0047890833,0.0054976614,0.0051311557,0.0077623287,0.0077623287,0.0047890833,0.006761864,0.006761864,0.005890346,0.0077623287,0.0072448472,0.0054976614,0.0054976614,0.0072448472,0.0072448472,0.0072448472,0.005890346,0.005890346,0.005890346,0.006761864,0.0054976614,0.0051311557,0.005890346,0.006311079,0.0054976614,0.0054976614,0.0051311557,0.0077623287,0.0077623287,0.0077623287,0.005890346,0.0047890833,0.0054976614,0.006761864,0.0072448472,0.0047890833,0.0072448472,0.005890346,0.006311079,0.005890346,0.0047890833,2,2
0.006326074,0.0059043416,0.0077807717,0.0077807717,0.0048004617,0.005143347,0.0077807717,0.0067779296,0.0077807717,0.0077807717,0.006326074,0.0059043416,0.0055107237,0.0048004617,0.0077807717,0.0059043416,0.0048004617,0.0067779296,0.0077807717,0.0059043416,0.0067779296,0.006326074,0.0048004617,0.0048004617,0.0048004617,0.0072620604,0.0059043416,0.005143347,0.005143347,0.005143347,0.0067779296,0.006326074,0.0055107237,0.0067779296,0.006326074,0.0059043416,0.0055107237,0.0077807717,0.0048004617,0.0055107237,0.0048004617,0.0067779296,0.0077807717,0.0059043416,0.0077807717,0.006326074,0.0059043416,0.0077807717,0.0059043416,0.0055107237,0.0055107237,0.0059043416,0.0077807717,0.0048004617,0.0055107237,0.0055107237,0.0048004617,0.0077807717,0.0059043416,0.005143347,0.006326074,0.0059043416,0.0072620604,0.0048004617,0.0067779296,0.005143347,0.0059043416,0.0048004617,0.006326074,0.006326074,0.0072620604,0.0072620604,0.0055107237,0.0055107237,0.0067779296,0.0055107237,0.005143347,0.0077807717,0.006326074,0.005143347,0.0048004617,0.0072620604,0.0077807717,0.0077807717,0.0067779296,0.0072620604,0.0055107237,0.0077807717,0.0072620604,0.006326074,0.006326074,0.0067779296,0.0077807717,0.0048004617,0.0077807717,0.0059043416,0.0048004617,0.0077807717,0.0059043416,0.0072620604,0.0077807717,0.0077807717,0.0067779296,0.0059043416,0.0059043416,0.0048004617,0.0055107237,0.0067779296,0.0048004617,0.0077807717,0.0059043416,0.0067779296,0.0067779296,0.0055107237,0.006326074,0.0059043416,0.0059043416,0.0077807717,0.0048004617,0.0055107237,0.0055107237,0.0055107237,0.0077807717,0.0077807717,0.005143347,0.0059043416,0.0067779296,0.0059043416,0.0072620604,0.006326074,0.006326074,0.0055107237,0.0072620604,0.0072620604,0.0048004617,0.0067779296,0.0055107237,0.0055107237,0.006326074,0.006326074,0.006326074,0.0059043416,0.006326074,0.0055107237,0.0055107237,0.005143347,0.0077807717,0.0077807717,0.0077807717,0.005143347,0.0048004617,0.0055107237,0.0072620604,0.0072620604,0.005143347,0.0077807717,0.0059043416,0.006326074,0.0055107237,0.0055107237,2,2
0.006219178,0.006219178,0.007649295,0.007649295,0.0047193454,0.007139349,0.007649295,0.006219178,0.007139349,0.0047193454,0.007649295,0.0066633984,0.0047193454,0.0047193454,0.006219178,0.007649295,0.0066633984,0.0050564366,0.007649295,0.006219178,0.007139349,0.007139349,0.0054176054,0.0050564366,0.0047193454,0.007649295,0.0054176054,0.0050564366,0.0050564366,0.007649295,0.006219178,0.0058045723,0.007649295,0.0066633984,0.0047193454,0.007139349,0.0058045723,0.006219178,0.0047193454,0.007649295,0.0047193454,0.006219178,0.007649295,0.006219178,0.007139349,0.007649295,0.0058045723,0.007649295,0.007649295,0.007649295,0.007139349,0.007649295,0.0050564366,0.006219178,0.0054176054,0.007649295,0.006219178,0.007649295,0.007649295,0.0066633984,0.007139349,0.0058045723,0.0050564366,0.0054176054,0.007649295,0.0050564366,0.0058045723,0.0050564366,0.0058045723,0.007649295,0.007649295,0.007649295,0.0054176054,0.0054176054,0.0047193454,0.007649295,0.0058045723,0.006219178,0.006219178,0.007649295,0.0050564366,0.0047193454,0.0054176054,0.0047193454,0.006219178,0.0047193454,0.0047193454,0.007649295,0.0058045723,0.006219178,0.007649295,0.0066633984,0.007649295,0.0047193454,0.007649295,0.0054176054,0.0058045723,0.0047193454,0.0058045723,0.0047193454,0.006219178,0.007139349,0.0050564366,0.0050564366,0.007139349,0.0047193454,0.0054176054,0.006219178,0.0047193454,0.007139349,0.007649295,0.007649295,0.0047193454,0.0066633984,0.0066633984,0.007649295,0.0054176054,0.0054176054,0.0050564366,0.0047193454,0.007139349,0.0058045723,0.007649295,0.007649295,0.0054176054,0.007139349,0.007139349,0.0054176054,0.007139349,0.006219178,0.007649295,0.0054176054,0.0050564366,0.006219178,0.006219178,0.007649295,0.0058045723,0.0047193454,0.0058045723,0.006219178,0.0054176054,0.0058045723,0.0050564366,0.0050564366,0.0066633984,0.0066633984,0.007649295,0.007649295,0.007649295,0.0058045723,0.0058045723,0.0054176054,0.007139349,0.007139349,0.0054176054,0.007649295,0.006219178,0.0058045723,0.0054176054,0.0047193454,2,0
0.006930214,0.0056345365,0.0064682057,0.0079555875,0.0060369982,0.0064682057,0.0049083172,0.0049083172,0.0049083172,0.007425222,0.007425222,0.0064682057,0.0049083172,0.0049083172,0.0079555875,0.0056345365,0.0060369982,0.0060369982,0.0049083172,0.0064682057,0.0056345365,0.0060369982,0.005258906,0.0049083172,0.0049083172,0.0079555875,0.0060369982,0.005258906,0.0049083172,0.0079555875,0.0079555875,0.0056345365,0.0049083172,0.0064682057,0.0079555875,0.007425222,0.0064682057,0.0056345365,0.0060369982,0.0079555875,0.005258906,0.0064682057,0.0079555875,0.0064682057,0.0079555875,0.0079555875,0.006930214,0.0060369982,0.0049083172,0.0060369982,0.0079555875,0.0060369982,0.0064682057,0.0049083172,0.0079555875,0.0049083172,0.0064682057,0.0049083172,0.0049083172,0.005258906,0.0079555875,0.006930214,0.005258906,0.0049083172,0.007425222,0.0056345365,0.0060369982,0.0060369982,0.0049083172,0.0049083172,0.0056345365,0.0064682057,0.0049083172,0.005258906,0.0079555875,0.007425222,0.0064682057,0.0049083172,0.0064682057,0.0049083172,0.005258906,0.0079555875,0.0064682057,0.0049083172,0.0079555875,0.0049083172,0.0049083172,0.005258906,0.007425222,0.0064682057,0.0060369982,0.006930214,0.0049083172,0.0079555875,0.0079555875,0.006930214,0.0049083172,0.0060369982,0.0049083172,0.0079555875,0.007425222,0.006930214,0.007425222,0.0064682057,0.006930214,0.0079555875,0.0079555875,0.0049083172,0.0049083172,0.0079555875,0.0079555875,0.0079555875,0.0064682057,0.0049083172,0.006930214,0.007425222,0.006930214,0.0049083172,0.005258906,0.0049083172,0.0060369982,0.0056345365,0.0049083172,0.0049083172,0.0049083172,0.0060369982,0.006930214,0.006930214,0.0079555875,0.0049083172,0.0079555875,0.0056345365,0.0049083172,0.0049083172,0.0064682057,0.007425222,0.0064682057,0.0079555875,0.0049083172,0.006930214,0.006930214,0.0064682057,0.0056345365,0.0064682057,0.0064682057,0.0056345365,0.007425222,0.0049083172,0.0049083172,0.0079555875,0.006930214,0.0056345365,0.0049083172,0.0060369982,0.0079555875,0.0079555875,0.0064682057,0.0056345365,0.0056345365,0.0049083172,3,0
0.0052369493,0.0056110118,0.007922372,0.007922372,0.0048878244,0.0052369493,0.0052369493,0.006901279,0.0073942207,0.007922372,0.0056110118,0.0064412,0.006901279,0.0048878244,0.007922372,0.0048878244,0.006901279,0.006901279,0.007922372,0.0048878244,0.0064412,0.0073942207,0.006011793,0.0064412,0.0056110118,0.0052369493,0.0056110118,0.0064412,0.0064412,0.0048878244,0.0052369493,0.0064412,0.0073942207,0.006901279,0.007922372,0.0052369493,0.0048878244,0.007922372,0.0048878244,0.0056110118,0.0048878244,0.006901279,0.006901279,0.0056110118,0.007922372,0.0048878244,0.0048878244,0.007922372,0.0048878244,0.006901279,0.006011793,0.0056110118,0.007922372,0.0048878244,0.0056110118,0.0048878244,0.0048878244,0.007922372,0.006011793,0.0073942207,0.006901279,0.0052369493,0.006901279,0.0048878244,0.007922372,0.006901279,0.0064412,0.0048878244,0.0048878244,0.006011793,0.0052369493,0.0048878244,0.0056110118,0.0052369493,0.007922372,0.0048878244,0.0052369493,0.007922372,0.0056110118,0.0048878244,0.0048878244,0.0048878244,0.007922372,0.007922372,0.007922372,0.0048878244,0.0056110118,0.007922372,0.006901279,0.0064412,0.006901279,0.006901279,0.007922372,0.0048878244,0.007922372,0.006011793,0.0048878244,0.006901279,0.0064412,0.006901279,0.006901279,0.007922372,0.006901279,0.0052369493,0.006901279,0.0048878244,0.0056110118,0.007922372,0.0052369493,0.007922372,0.0048878244,0.0048878244,0.0073942207,0.006011793,0.006011793,0.0056110118,0.006901279,0.007922372,0.0056110118,0.0048878244,0.0048878244,0.0056110118,0.007922372,0.007922372,0.0048878244,0.0048878244,0.007922372,0.006901279,0.007922372,0.0073942207,0.006901279,0.0056110118,0.0073942207,0.0073942207,0.006011793,0.0056110118,0.0048878244,0.0048878244,0.0064412,0.0056110118,0.0048878244,0.0056110118,0.0073942207,0.0052369493,0.0056110118,0.0052369493,0.007922372,0.007922372,0.007922372,0.007922372,0.0048878244,0.0056110118,0.006901279,0.0073942207,0.0048878244,0.0048878244,0.0048878244,0.0073942207,0.006901279,0.0052369493,2,2
0.0060980883,0.00653366,0.0075003607,0.0075003607,0.0046274583,0.0075003607,0.0075003607,0.0060980883,0.00653366,0.0046274583,0.00653366,0.00653366,0.0046274583,0.0046274583,0.0046274583,0.0060980883,0.0060980883,0.0060980883,0.0075003607,0.0056915553,0.0070003434,0.0070003434,0.0056915553,0.0056915553,0.0046274583,0.0060980883,0.005312123,0.0060980883,0.0070003434,0.0070003434,0.00653366,0.0060980883,0.0075003607,0.0060980883,0.0046274583,0.0070003434,0.0056915553,0.00653366,0.005312123,0.00653366,0.0046274583,0.0075003607,0.0075003607,0.0070003434,0.0075003607,0.0075003607,0.00653366,0.0075003607,0.0075003607,0.0075003607,0.005312123,0.0075003607,0.0075003607,0.0075003607,0.0046274583,0.0075003607,0.00653366,0.0075003607,0.0075003607,0.0056915553,0.0075003607,0.005312123,0.0046274583,0.0046274583,0.0075003607,0.0060980883,0.0060980883,0.004957986,0.0056915553,0.0060980883,0.005312123,0.0075003607,0.0046274583,0.004957986,0.0046274583,0.0075003607,0.0060980883,0.0075003607,0.0075003607,0.0075003607,0.0075003607,0.0046274583,0.0046274583,0.0046274583,0.0046274583,0.0070003434,0.00653366,0.0075003607,0.0056915553,0.0070003434,0.0075003607,0.00653366,0.0075003607,0.0046274583,0.0075003607,0.0075003607,0.0075003607,0.0046274583,0.0060980883,0.0046274583,0.005312123,0.0070003434,0.00653366,0.005312123,0.0060980883,0.0046274583,0.0056915553,0.005312123,0.0046274583,0.0056915553,0.0070003434,0.0075003607,0.005312123,0.0075003607,0.0070003434,0.0046274583,0.00653366,0.0075003607,0.0075003607,0.005312123,0.0060980883,0.0056915553,0.0075003607,0.0075003607,0.0070003434,0.0070003434,0.00653366,0.005312123,0.005312123,0.0060980883,0.0070003434,0.005312123,0.0060980883,0.0070003434,0.0056915553,0.00653366,0.0060980883,0.0046274583,0.00653366,0.0060980883,0.005312123,0.0056915553,0.0056915553,0.0046274583,0.0060980883,0.0060980883,0.0075003607,0.0075003607,0.0075003607,0.0046274583,0.004957986,0.005312123,0.0075003607,0.0075003607,0.0075003607,0.0046274583,0.0060980883,0.0070003434,0.0060980883,0.0060980883,2,0
0.0074704243,0.0074704243,0.0074704243,0.0074704243,0.005668838,0.006972403,0.0074704243,0.006507582,0.0074704243,0.0049381973,0.006073749,0.005668838,0.0046089883,0.0046089883,0.0046089883,0.006073749,0.006073749,0.006073749,0.0074704243,0.006073749,0.006972403,0.006972403,0.005668838,0.005668838,0.0046089883,0.006507582,0.005668838,0.006073749,0.005668838,0.0074704243,0.006507582,0.005668838,0.0074704243,0.006073749,0.0046089883,0.006507582,0.005668838,0.006507582,0.005668838,0.0074704243,0.0049381973,0.0074704243,0.0074704243,0.0074704243,0.006507582,0.0074704243,0.006507582,0.0074704243,0.0074704243,0.0074704243,0.0052909204,0.0074704243,0.0074704243,0.0074704243,0.0046089883,0.0074704243,0.006507582,0.0074704243,0.0074704243,0.005668838,0.006507582,0.0049381973,0.0046089883,0.0046089883,0.0074704243,0.006073749,0.006073749,0.0049381973,0.005668838,0.006507582,0.006073749,0.0074704243,0.0046089883,0.0052909204,0.0046089883,0.006073749,0.006073749,0.0074704243,0.0074704243,0.0074704243,0.0074704243,0.0046089883,0.0046089883,0.0046089883,0.0046089883,0.0074704243,0.0074704243,0.0074704243,0.005668838,0.0074704243,0.0074704243,0.006507582,0.0074704243,0.0046089883,0.0074704243,0.0074704243,0.0074704243,0.0046089883,0.006073749,0.0046089883,0.005668838,0.005668838,0.006073749,0.0052909204,0.006972403,0.0046089883,0.005668838,0.006073749,0.0046089883,0.005668838,0.0074704243,0.0074704243,0.0049381973,0.006972403,0.006507582,0.0046089883,0.006972403,0.0074704243,0.0074704243,0.0049381973,0.005668838,0.005668838,0.0074704243,0.0074704243,0.0052909204,0.0074704243,0.006073749,0.0046089883,0.0046089883,0.006073749,0.0074704243,0.0052909204,0.005668838,0.006507582,0.0074704243,0.006972403,0.005668838,0.0046089883,0.006073749,0.0052909204,0.005668838,0.006073749,0.005668838,0.0046089883,0.006073749,0.0052909204,0.0074704243,0.0074704243,0.0074704243,0.0046089883,0.0052909204,0.0052909204,0.006972403,0.006972403,0.006972403,0.0046089883,0.0074704243,0.006972403,0.0074704243,0.006972403,0,0
0.006206067,0.0071242983,0.007633169,0.007633169,0.0047093965,0.0071242983,0.007633169,0.006649351,0.007633169,0.0047093965,0.007633169,0.006206067,0.0047093965,0.0047093965,0.006206067,0.007633169,0.006206067,0.005045777,0.007633169,0.006206067,0.007633169,0.0071242983,0.005045777,0.005045777,0.0047093965,0.007633169,0.005406184,0.0047093965,0.0047093965,0.007633169,0.005792335,0.005406184,0.007633169,0.0071242983,0.0047093965,0.006206067,0.006206067,0.006206067,0.005045777,0.007633169,0.0047093965,0.0071242983,0.007633169,0.006206067,0.007633169,0.0071242983,0.006206067,0.007633169,0.007633169,0.0071242983,0.005792335,0.0071242983,0.005792335,0.005045777,0.005045777,0.007633169,0.005792335,0.007633169,0.007633169,0.0071242983,0.007633169,0.005792335,0.0047093965,0.0047093965,0.007633169,0.005045777,0.005792335,0.005406184,0.006206067,0.007633169,0.0071242983,0.007633169,0.0047093965,0.005045777,0.0047093965,0.007633169,0.005406184,0.007633169,0.007633169,0.005792335,0.0047093965,0.0047093965,0.007633169,0.006206067,0.006206067,0.005406184,0.0071242983,0.007633169,0.006649351,0.005406184,0.005792335,0.006649351,0.007633169,0.0047093965,0.007633169,0.005045777,0.005045777,0.005792335,0.006649351,0.0047093965,0.0071242983,0.0071242983,0.006649351,0.006206067,0.0071242983,0.0047093965,0.005406184,0.005406184,0.0047093965,0.0071242983,0.005792335,0.007633169,0.005045777,0.005045777,0.005045777,0.005792335,0.006649351,0.006206067,0.005406184,0.006206067,0.005792335,0.006206067,0.007633169,0.007633169,0.005406184,0.006206067,0.0071242983,0.006206067,0.006649351,0.006206067,0.007633169,0.005406184,0.005406184,0.006206067,0.0071242983,0.007633169,0.005406184,0.0047093965,0.006649351,0.006649351,0.005792335,0.006649351,0.005045777,0.0047093965,0.005792335,0.0071242983,0.007633169,0.007633169,0.007633169,0.0047093965,0.005792335,0.005406184,0.006206067,0.006649351,0.005045777,0.007633169,0.006206067,0.006206067,0.005406184,0.0047093965,2,0
0.0062531387,0.006699785,0.0076910653,0.0076910653,0.0054471893,0.0071783345,0.0076910653,0.006699785,0.0076910653,0.0047451165,0.0062531387,0.0054471893,0.0047451165,0.0047451165,0.005836269,0.006699785,0.0062531387,0.005836269,0.0076910653,0.005836269,0.0071783345,0.0071783345,0.0047451165,0.005084048,0.0047451165,0.0076910653,0.0054471893,0.0054471893,0.0047451165,0.006699785,0.0076910653,0.005836269,0.0076910653,0.006699785,0.0047451165,0.006699785,0.0054471893,0.005836269,0.0047451165,0.0076910653,0.0047451165,0.0071783345,0.0076910653,0.0054471893,0.005084048,0.0062531387,0.0062531387,0.0076910653,0.0076910653,0.0071783345,0.0071783345,0.0076910653,0.005836269,0.0071783345,0.0047451165,0.0076910653,0.0062531387,0.0076910653,0.0076910653,0.0062531387,0.0076910653,0.005836269,0.0047451165,0.0047451165,0.0076910653,0.005836269,0.0062531387,0.0047451165,0.0054471893,0.006699785,0.006699785,0.0076910653,0.0047451165,0.0054471893,0.0047451165,0.0076910653,0.0054471893,0.0071783345,0.0076910653,0.0062531387,0.0076910653,0.0047451165,0.0047451165,0.0047451165,0.0047451165,0.005084048,0.005836269,0.0076910653,0.005836269,0.0076910653,0.0076910653,0.006699785,0.0076910653,0.0047451165,0.0076910653,0.006699785,0.0076910653,0.0047451165,0.0062531387,0.005836269,0.0062531387,0.0071783345,0.005836269,0.0054471893,0.006699785,0.0047451165,0.0062531387,0.0054471893,0.0047451165,0.0054471893,0.006699785,0.0076910653,0.005084048,0.005836269,0.006699785,0.005084048,0.0076910653,0.0062531387,0.0062531387,0.005084048,0.0062531387,0.006699785,0.0076910653,0.0076910653,0.0054471893,0.0062531387,0.006699785,0.005836269,0.006699785,0.0062531387,0.0071783345,0.0062531387,0.0047451165,0.0062531387,0.005836269,0.006699785,0.005836269,0.0054471893,0.006699785,0.005836269,0.0054471893,0.006699785,0.005836269,0.0054471893,0.0062531387,0.0047451165,0.0076910653,0.0076910653,0.0076910653,0.0047451165,0.0047451165,0.0054471893,0.0076910653,0.0076910653,0.0047451165,0.0071783345,0.0062531387,0.0062531387,0.005836269,0.0047451165,2,1
0.006256184,0.006703048,0.007694811,0.007694811,0.004747427,0.005449842,0.007694811,0.006703048,0.007694811,0.007694811,0.0058391113,0.006256184,0.006256184,0.004747427,0.006703048,0.0071818307,0.005449842,0.005449842,0.006256184,0.0058391113,0.006703048,0.0071818307,0.005449842,0.006703048,0.004747427,0.004747427,0.006256184,0.0058391113,0.0058391113,0.0058391113,0.0050865244,0.0058391113,0.006256184,0.0071818307,0.006256184,0.005449842,0.0058391113,0.007694811,0.004747427,0.005449842,0.004747427,0.007694811,0.007694811,0.0058391113,0.007694811,0.005449842,0.005449842,0.007694811,0.007694811,0.006703048,0.005449842,0.006703048,0.006703048,0.0058391113,0.005449842,0.0050865244,0.004747427,0.007694811,0.005449842,0.0050865244,0.0071818307,0.0058391113,0.006703048,0.004747427,0.007694811,0.0050865244,0.006256184,0.004747427,0.005449842,0.0058391113,0.0050865244,0.007694811,0.005449842,0.0050865244,0.007694811,0.005449842,0.0058391113,0.007694811,0.0071818307,0.0058391113,0.004747427,0.0058391113,0.007694811,0.0071818307,0.006703048,0.004747427,0.005449842,0.007694811,0.007694811,0.004747427,0.006256184,0.006703048,0.007694811,0.004747427,0.007694811,0.0050865244,0.0071818307,0.006703048,0.006256184,0.0058391113,0.0071818307,0.007694811,0.0071818307,0.005449842,0.005449842,0.004747427,0.005449842,0.0058391113,0.004747427,0.007694811,0.0058391113,0.007694811,0.006256184,0.007694811,0.006256184,0.0058391113,0.006703048,0.007694811,0.007694811,0.006256184,0.0058391113,0.006256184,0.007694811,0.007694811,0.0050865244,0.007694811,0.0071818307,0.0058391113,0.006703048,0.006256184,0.005449842,0.005449842,0.006256184,0.0071818307,0.0058391113,0.0058391113,0.0058391113,0.005449842,0.006703048,0.0058391113,0.0058391113,0.0071818307,0.006256184,0.0050865244,0.005449842,0.0050865244,0.007694811,0.007694811,0.007694811,0.0050865244,0.004747427,0.0058391113,0.006256184,0.006703048,0.004747427,0.007694811,0.006256184,0.006703048,0.006256184,0.004747427,2,1
0.0049189334,0.005646724,0.0049189334,0.007972795,0.005646724,0.005646724,0.006050056,0.006945203,0.0074412823,0.007972795,0.0074412823,0.0052702804,0.005646724,0.007972795,0.0074412823,0.005646724,0.0074412823,0.006482196,0.007972795,0.0049189334,0.006050056,0.0074412823,0.006050056,0.006945203,0.0049189334,0.0049189334,0.005646724,0.006482196,0.006945203,0.0049189334,0.0049189334,0.005646724,0.006482196,0.006945203,0.0052702804,0.006050056,0.006482196,0.0049189334,0.007972795,0.006050056,0.006482196,0.0074412823,0.0074412823,0.005646724,0.007972795,0.007972795,0.006945203,0.0074412823,0.007972795,0.006050056,0.006482196,0.006050056,0.006945203,0.007972795,0.006945203,0.0052702804,0.006050056,0.0049189334,0.007972795,0.0052702804,0.0052702804,0.006050056,0.0052702804,0.006050056,0.0049189334,0.0052702804,0.006050056,0.0052702804,0.007972795,0.0049189334,0.0049189334,0.005646724,0.005646724,0.0052702804,0.007972795,0.0049189334,0.006050056,0.0049189334,0.0049189334,0.0049189334,0.0049189334,0.0049189334,0.007972795,0.007972795,0.006945203,0.0049189334,0.0049189334,0.007972795,0.007972795,0.0052702804,0.006050056,0.0052702804,0.0049189334,0.007972795,0.0052702804,0.0049189334,0.0049189334,0.006482196,0.007972795,0.007972795,0.0074412823,0.007972795,0.0049189334,0.0052702804,0.005646724,0.0049189334,0.005646724,0.0049189334,0.007972795,0.006482196,0.0049189334,0.0049189334,0.006945203,0.006482196,0.0052702804,0.005646724,0.006050056,0.006945203,0.006482196,0.0049189334,0.005646724,0.0052702804,0.007972795,0.007972795,0.0052702804,0.0049189334,0.007972795,0.006945203,0.007972795,0.006945203,0.0052702804,0.005646724,0.0074412823,0.0074412823,0.0049189334,0.006050056,0.0052702804,0.0052702804,0.006945203,0.006482196,0.0049189334,0.0052702804,0.0074412823,0.0074412823,0.006482196,0.0052702804,0.007972795,0.007972795,0.007972795,0.007972795,0.006945203,0.005646724,0.006945203,0.0074412823,0.0049189334,0.0052702804,0.0052702804,0.005646724,0.0074412823,0.0049189334,3,3
0.004779879,0.006298949,0.004779879,0.00774741,0.004779879,0.007230923,0.00774741,0.0067488677,0.0067488677,0.005121294,0.0067488677,0.0058790254,0.005121294,0.00774741,0.0067488677,0.007230923,0.007230923,0.006298949,0.00774741,0.0058790254,0.0067488677,0.007230923,0.005487095,0.005121294,0.004779879,0.007230923,0.007230923,0.005487095,0.004779879,0.00774741,0.00774741,0.005487095,0.004779879,0.005487095,0.00774741,0.005121294,0.005487095,0.005121294,0.006298949,0.0058790254,0.004779879,0.006298949,0.00774741,0.0067488677,0.00774741,0.004779879,0.005487095,0.0058790254,0.00774741,0.006298949,0.005487095,0.004779879,0.006298949,0.00774741,0.0067488677,0.005121294,0.006298949,0.005487095,0.0067488677,0.005121294,0.00774741,0.0058790254,0.006298949,0.006298949,0.00774741,0.005121294,0.0058790254,0.004779879,0.00774741,0.007230923,0.0058790254,0.00774741,0.005487095,0.005487095,0.0058790254,0.004779879,0.005121294,0.005121294,0.00774741,0.0067488677,0.004779879,0.0058790254,0.00774741,0.00774741,0.005121294,0.004779879,0.005121294,0.005121294,0.0067488677,0.0058790254,0.0058790254,0.0067488677,0.005487095,0.007230923,0.00774741,0.005121294,0.004779879,0.006298949,0.0067488677,0.0067488677,0.007230923,0.007230923,0.007230923,0.006298949,0.0058790254,0.004779879,0.005487095,0.005121294,0.00774741,0.00774741,0.006298949,0.00774741,0.005487095,0.00774741,0.0058790254,0.006298949,0.0067488677,0.004779879,0.006298949,0.004779879,0.004779879,0.005121294,0.0067488677,0.00774741,0.005121294,0.006298949,0.00774741,0.006298949,0.00774741,0.0067488677,0.006298949,0.005487095,0.0058790254,0.007230923,0.007230923,0.0067488677,0.006298949,0.004779879,0.0067488677,0.006298949,0.0058790254,0.006298949,0.006298949,0.007230923,0.005487095,0.005121294,0.00774741,0.00774741,0.00774741,0.004779879,0.004779879,0.005487095,0.007230923,0.007230923,0.0067488677,0.00774741,0.006298949,0.0058790254,0.0058790254,0.004779879,3,3
0.006201493,0.006201493,0.0076275435,0.0076275435,0.0047059255,0.0071190475,0.0076275435,0.0066444506,0.0071190475,0.0054022,0.0071190475,0.0066444506,0.0047059255,0.0047059255,0.0071190475,0.0076275435,0.0071190475,0.0057880664,0.0076275435,0.006201493,0.0076275435,0.0071190475,0.0047059255,0.0047059255,0.0047059255,0.0076275435,0.0054022,0.0047059255,0.0047059255,0.0066444506,0.0076275435,0.006201493,0.0057880664,0.006201493,0.006201493,0.0047059255,0.006201493,0.0076275435,0.0047059255,0.0054022,0.0047059255,0.006201493,0.0076275435,0.0066444506,0.0076275435,0.0057880664,0.0050420584,0.0071190475,0.0054022,0.0054022,0.0054022,0.0054022,0.0071190475,0.0050420584,0.0054022,0.0047059255,0.0047059255,0.0076275435,0.006201493,0.0057880664,0.0066444506,0.0054022,0.0066444506,0.0047059255,0.0076275435,0.0050420584,0.0057880664,0.0054022,0.006201493,0.0071190475,0.0076275435,0.0076275435,0.0054022,0.0054022,0.0047059255,0.0057880664,0.0050420584,0.0071190475,0.0066444506,0.006201493,0.006201493,0.0047059255,0.0076275435,0.0076275435,0.0071190475,0.0066444506,0.0054022,0.0076275435,0.0071190475,0.0057880664,0.0057880664,0.0066444506,0.0076275435,0.0047059255,0.0076275435,0.0076275435,0.0047059255,0.006201493,0.0066444506,0.0066444506,0.0076275435,0.0066444506,0.0050420584,0.0050420584,0.0050420584,0.0057880664,0.0054022,0.0076275435,0.0047059255,0.0076275435,0.0071190475,0.0076275435,0.0057880664,0.0076275435,0.006201493,0.0066444506,0.0071190475,0.0076275435,0.006201493,0.0047059255,0.0057880664,0.0054022,0.0076275435,0.0076275435,0.0054022,0.006201493,0.0071190475,0.006201493,0.0076275435,0.006201493,0.0071190475,0.0054022,0.0057880664,0.0066444506,0.006201493,0.0066444506,0.006201493,0.0047059255,0.0066444506,0.006201493,0.0076275435,0.0057880664,0.006201493,0.0054022,0.0057880664,0.006201493,0.0076275435,0.0076275435,0.0076275435,0.0047059255,0.0047059255,0.0054022,0.0071190475,0.0071190475,0.0066444506,0.0076275435,0.006201493,0.0057880664,0.0054022,0.0047059255,2,2
0.006290221,0.006739516,0.0077366745,0.0077366745,0.0047732554,0.006290221,0.0077366745,0.006739516,0.0077366745,0.006290221,0.007220903,0.006739516,0.0047732554,0.0047732554,0.006739516,0.0077366745,0.006290221,0.0058708787,0.0077366745,0.005479492,0.007220903,0.007220903,0.0051141973,0.0047732554,0.0047732554,0.0077366745,0.0058708787,0.005479492,0.0047732554,0.0077366745,0.0077366745,0.005479492,0.0051141973,0.0051141973,0.0077366745,0.0047732554,0.0051141973,0.0077366745,0.0058708787,0.005479492,0.0047732554,0.0058708787,0.0077366745,0.0058708787,0.0077366745,0.0058708787,0.0058708787,0.006739516,0.0077366745,0.006739516,0.005479492,0.0077366745,0.0058708787,0.006290221,0.005479492,0.0058708787,0.005479492,0.0058708787,0.0051141973,0.007220903,0.0077366745,0.006290221,0.0051141973,0.0047732554,0.0077366745,0.0051141973,0.005479492,0.0051141973,0.005479492,0.0077366745,0.006290221,0.0077366745,0.005479492,0.005479492,0.0047732554,0.006739516,0.0058708787,0.0077366745,0.006290221,0.0058708787,0.006739516,0.0058708787,0.0058708787,0.005479492,0.0077366745,0.0077366745,0.0058708787,0.0047732554,0.0047732554,0.006290221,0.0058708787,0.006739516,0.0077366745,0.0047732554,0.0077366745,0.0047732554,0.0051141973,0.0047732554,0.006290221,0.006739516,0.007220903,0.007220903,0.006739516,0.005479492,0.007220903,0.0047732554,0.005479492,0.0047732554,0.0047732554,0.0077366745,0.0058708787,0.0077366745,0.0051141973,0.006290221,0.0077366745,0.0047732554,0.007220903,0.006290221,0.0051141973,0.0077366745,0.005479492,0.0058708787,0.0077366745,0.0077366745,0.005479492,0.006290221,0.006739516,0.006290221,0.0077366745,0.006290221,0.007220903,0.006290221,0.006290221,0.006739516,0.0051141973,0.006739516,0.0051141973,0.0058708787,0.006739516,0.005479492,0.005479492,0.006739516,0.0051141973,0.0047732554,0.0077366745,0.006290221,0.0077366745,0.0077366745,0.0077366745,0.0047732554,0.0051141973,0.005479492,0.006739516,0.007220903,0.0047732554,0.0077366745,0.006290221,0.006739516,0.006290221,0.0047732554,2,4
0.007566848,0.007566848,0.007566848,0.007566848,0.0053592124,0.007062398,0.007566848,0.005742008,0.007062398,0.0046684784,0.005742008,0.0053592124,0.0046684784,0.0046684784,0.0046684784,0.006152145,0.0065915775,0.0065915775,0.007566848,0.005742008,0.007062398,0.007062398,0.005742008,0.005742008,0.0046684784,0.0046684784,0.0053592124,0.006152145,0.006152145,0.0053592124,0.005742008,0.005742008,0.007566848,0.0065915775,0.0046684784,0.007062398,0.0053592124,0.0065915775,0.0050019366,0.007062398,0.0046684784,0.007566848,0.007566848,0.007566848,0.0065915775,0.006152145,0.005742008,0.007566848,0.007566848,0.006152145,0.0053592124,0.007566848,0.007566848,0.007566848,0.0046684784,0.007566848,0.0065915775,0.007566848,0.007566848,0.005742008,0.006152145,0.0050019366,0.0046684784,0.0046684784,0.007566848,0.005742008,0.006152145,0.0046684784,0.0053592124,0.0050019366,0.005742008,0.007566848,0.0046684784,0.0053592124,0.0046684784,0.0065915775,0.006152145,0.007566848,0.007566848,0.007566848,0.007566848,0.0046684784,0.0046684784,0.0046684784,0.0046684784,0.0065915775,0.007566848,0.007566848,0.005742008,0.007566848,0.007566848,0.0065915775,0.007566848,0.0046684784,0.007566848,0.007566848,0.007566848,0.0046684784,0.006152145,0.0046684784,0.0053592124,0.007566848,0.0065915775,0.0050019366,0.0053592124,0.0046684784,0.005742008,0.006152145,0.0046684784,0.0053592124,0.007062398,0.007566848,0.005742008,0.007566848,0.007062398,0.0046684784,0.0065915775,0.007566848,0.007566848,0.0053592124,0.007566848,0.006152145,0.007566848,0.007566848,0.0065915775,0.007566848,0.0065915775,0.0046684784,0.0046684784,0.0065915775,0.006152145,0.0053592124,0.0065915775,0.007062398,0.006152145,0.0065915775,0.0050019366,0.0046684784,0.006152145,0.005742008,0.0053592124,0.0065915775,0.005742008,0.0046684784,0.007062398,0.0065915775,0.007566848,0.007566848,0.007566848,0.0046684784,0.0046684784,0.0053592124,0.007566848,0.007566848,0.0065915775,0.0046684784,0.007062398,0.007566848,0.007566848,0.005742008,0,0
0.00493941,0.00567023,0.00493941,0.00493941,0.006974115,0.00529222,0.00493941,0.00493941,0.00493941,0.008005984,0.007472259,0.00650918,0.00493941,0.00529222,0.006974115,0.00567023,0.00650918,0.00650918,0.00529222,0.00650918,0.00567023,0.007472259,0.00567023,0.00493941,0.008005984,0.006974115,0.00567023,0.00567023,0.00493941,0.008005984,0.008005984,0.00567023,0.00493941,0.006974115,0.008005984,0.006075241,0.00650918,0.007472259,0.006974115,0.007472259,0.00493941,0.006075241,0.008005984,0.006974115,0.008005984,0.00650918,0.00650918,0.00493941,0.00493941,0.007472259,0.006075241,0.006974115,0.00529222,0.00493941,0.008005984,0.00493941,0.006974115,0.00493941,0.00493941,0.007472259,0.008005984,0.006075241,0.00650918,0.00493941,0.008005984,0.00529222,0.006075241,0.006075241,0.00529222,0.00650918,0.00493941,0.00529222,0.00493941,0.00529222,0.007472259,0.00650918,0.00650918,0.00493941,0.00650918,0.00493941,0.00493941,0.006075241,0.006075241,0.008005984,0.008005984,0.00493941,0.00493941,0.00529222,0.006974115,0.006075241,0.006075241,0.006974115,0.00493941,0.008005984,0.008005984,0.006974115,0.00493941,0.006974115,0.00493941,0.008005984,0.006974115,0.006974115,0.00567023,0.00529222,0.007472259,0.008005984,0.006974115,0.00529222,0.00493941,0.008005984,0.008005984,0.008005984,0.00650918,0.00567023,0.007472259,0.008005984,0.00650918,0.00493941,0.00529222,0.00493941,0.00493941,0.00567023,0.00493941,0.00493941,0.00529222,0.00493941,0.00567023,0.00567023,0.008005984,0.00493941,0.008005984,0.00567023,0.007472259,0.006974115,0.007472259,0.006974115,0.00567023,0.006075241,0.006075241,0.008005984,0.00493941,0.00529222,0.007472259,0.00567023,0.006075241,0.00650918,0.008005984,0.00493941,0.00493941,0.008005984,0.006075241,0.00567023,0.00493941,0.00493941,0.008005984,0.008005984,0.006974115,0.00493941,0.00567023,0.008005984,9,4
0.00558853,0.0052159666,0.006873628,0.00789063,0.0048682406,0.00558853,0.00789063,0.006873628,0.00789063,0.006873628,0.0059877057,0.0059877057,0.006873628,0.0048682406,0.00789063,0.0048682406,0.0048682406,0.0064153923,0.00789063,0.0048682406,0.0064153923,0.007364595,0.0048682406,0.0064153923,0.0048682406,0.0059877057,0.00558853,0.00558853,0.0064153923,0.00558853,0.0052159666,0.0064153923,0.006873628,0.0064153923,0.00789063,0.00558853,0.00558853,0.0052159666,0.0048682406,0.00558853,0.0052159666,0.00789063,0.006873628,0.0052159666,0.00789063,0.0064153923,0.00558853,0.00789063,0.007364595,0.0064153923,0.00558853,0.00558853,0.00789063,0.00558853,0.006873628,0.0052159666,0.0048682406,0.00789063,0.00558853,0.0059877057,0.0059877057,0.0059877057,0.007364595,0.0048682406,0.006873628,0.00558853,0.00558853,0.0052159666,0.00558853,0.006873628,0.00558853,0.00789063,0.0052159666,0.0052159666,0.007364595,0.0048682406,0.0052159666,0.007364595,0.006873628,0.0048682406,0.0052159666,0.0052159666,0.007364595,0.00789063,0.00789063,0.0048682406,0.0048682406,0.0064153923,0.006873628,0.0048682406,0.0059877057,0.006873628,0.00789063,0.0048682406,0.00789063,0.00558853,0.0048682406,0.00789063,0.0059877057,0.006873628,0.007364595,0.00789063,0.00789063,0.0064153923,0.006873628,0.0048682406,0.00558853,0.006873628,0.0048682406,0.00789063,0.0048682406,0.0048682406,0.006873628,0.007364595,0.007364595,0.0059877057,0.0064153923,0.00789063,0.00558853,0.0048682406,0.00558853,0.0064153923,0.00789063,0.00789063,0.0059877057,0.0059877057,0.00789063,0.0059877057,0.006873628,0.0064153923,0.0048682406,0.00558853,0.007364595,0.007364595,0.0048682406,0.006873628,0.0052159666,0.0052159666,0.0064153923,0.006873628,0.007364595,0.0059877057,0.0064153923,0.00558853,0.0059877057,0.0052159666,0.00789063,0.00789063,0.00789063,0.0059877057,0.0048682406,0.0059877057,0.0064153923,0.006873628,0.0048682406,0.00558853,0.0059877057,0.006873628,0.0059877057,0.0048682406,3,2
0.0049263574,0.0060591875,0.0049263574,0.0049263574,0.0064919796,0.0056552463,0.0049263574,0.0049263574,0.0049263574,0.0074525136,0.0069556856,0.0064919796,0.0049263574,0.0060591875,0.007984828,0.0069556856,0.0060591875,0.0069556856,0.0049263574,0.0069556856,0.0052782353,0.0074525136,0.0052782353,0.0052782353,0.0060591875,0.0069556856,0.0060591875,0.0060591875,0.0049263574,0.007984828,0.007984828,0.0052782353,0.0049263574,0.0064919796,0.007984828,0.0060591875,0.0060591875,0.0069556856,0.0056552463,0.007984828,0.0052782353,0.0064919796,0.007984828,0.0064919796,0.007984828,0.007984828,0.0069556856,0.0052782353,0.0049263574,0.0064919796,0.007984828,0.0060591875,0.0052782353,0.0049263574,0.007984828,0.0052782353,0.0064919796,0.0049263574,0.0049263574,0.0049263574,0.007984828,0.0060591875,0.0056552463,0.0060591875,0.007984828,0.0069556856,0.0074525136,0.0060591875,0.0049263574,0.0052782353,0.0049263574,0.007984828,0.0049263574,0.0052782353,0.0064919796,0.0074525136,0.0064919796,0.0049263574,0.0049263574,0.0049263574,0.0056552463,0.007984828,0.0074525136,0.0052782353,0.007984828,0.0049263574,0.0049263574,0.0049263574,0.0069556856,0.0060591875,0.0060591875,0.0069556856,0.0049263574,0.007984828,0.007984828,0.0069556856,0.0049263574,0.0060591875,0.0049263574,0.007984828,0.007984828,0.0074525136,0.0056552463,0.0049263574,0.0074525136,0.007984828,0.007984828,0.0049263574,0.0049263574,0.007984828,0.007984828,0.0074525136,0.0060591875,0.0049263574,0.0069556856,0.0074525136,0.0069556856,0.0049263574,0.0052782353,0.0049263574,0.0069556856,0.0064919796,0.0049263574,0.0049263574,0.0049263574,0.0056552463,0.0064919796,0.0060591875,0.007984828,0.0049263574,0.007984828,0.0056552463,0.0049263574,0.0049263574,0.0074525136,0.0060591875,0.0052782353,0.007984828,0.0064919796,0.007984828,0.0052782353,0.0069556856,0.0064919796,0.0052782353,0.0060591875,0.0074525136,0.0074525136,0.0049263574,0.0049263574,0.0074525136,0.0069556856,0.0056552463,0.0049263574,0.0060591875,0.007984828,0.007984828,0.0060591875,0.0049263574,0.0049263574,0.0074525136,14,4
0.0071231956,0.007631988,0.007631988,0.007631988,0.0057914387,0.0062051066,0.007631988,0.006648322,0.0071231956,0.0047086673,0.0062051066,0.0062051066,0.0047086673,0.0047086673,0.0047086673,0.006648322,0.0071231956,0.006648322,0.007631988,0.0062051066,0.0071231956,0.0071231956,0.0057914387,0.0062051066,0.0050449963,0.0047086673,0.0054053473,0.0062051066,0.006648322,0.0047086673,0.0047086673,0.0062051066,0.007631988,0.006648322,0.0047086673,0.006648322,0.0062051066,0.0057914387,0.0047086673,0.007631988,0.0054053473,0.007631988,0.007631988,0.007631988,0.0047086673,0.007631988,0.0071231956,0.007631988,0.007631988,0.0062051066,0.0054053473,0.007631988,0.007631988,0.007631988,0.0047086673,0.007631988,0.006648322,0.007631988,0.007631988,0.0062051066,0.0047086673,0.006648322,0.0054053473,0.0050449963,0.0050449963,0.0050449963,0.0062051066,0.0047086673,0.0054053473,0.0054053473,0.0047086673,0.007631988,0.0047086673,0.0050449963,0.0047086673,0.007631988,0.0062051066,0.007631988,0.007631988,0.007631988,0.007631988,0.0062051066,0.0047086673,0.0047086673,0.0054053473,0.0047086673,0.007631988,0.007631988,0.0057914387,0.0047086673,0.007631988,0.006648322,0.007631988,0.0047086673,0.007631988,0.007631988,0.007631988,0.0047086673,0.0062051066,0.0047086673,0.0050449963,0.007631988,0.006648322,0.0050449963,0.0047086673,0.0047086673,0.0062051066,0.0062051066,0.0047086673,0.0047086673,0.0071231956,0.007631988,0.0050449963,0.007631988,0.0062051066,0.0050449963,0.006648322,0.007631988,0.007631988,0.0047086673,0.007631988,0.006648322,0.007631988,0.007631988,0.0054053473,0.007631988,0.0071231956,0.0047086673,0.0047086673,0.0062051066,0.006648322,0.0057914387,0.006648322,0.0071231956,0.0054053473,0.0057914387,0.0050449963,0.0047086673,0.0071231956,0.0054053473,0.0062051066,0.006648322,0.0057914387,0.0047086673,0.0062051066,0.0057914387,0.007631988,0.007631988,0.007631988,0.0047086673,0.0047086673,0.0054053473,0.007631988,0.007631988,0.0062051066,0.0047086673,0.006648322,0.007631988,0.007631988,0.0047086673,1,1
0.0076241167,0.0076241167,0.0076241167,0.0076241167,0.0057854657,0.0071158493,0.0076241167,0.0057854657,0.0071158493,0.005399773,0.006198707,0.006198707,0.0047038114,0.0047038114,0.0047038114,0.006198707,0.006198707,0.006198707,0.0076241167,0.0057854657,0.0071158493,0.0071158493,0.006198707,0.0057854657,0.0047038114,0.0047038114,0.005399773,0.006198707,0.006198707,0.005399773,0.0047038114,0.0057854657,0.0076241167,0.0066414652,0.0047038114,0.0066414652,0.005399773,0.006198707,0.005039793,0.006198707,0.0047038114,0.0076241167,0.0076241167,0.0076241167,0.0071158493,0.0071158493,0.006198707,0.0076241167,0.0076241167,0.0066414652,0.005399773,0.0076241167,0.0076241167,0.0076241167,0.0047038114,0.0076241167,0.0066414652,0.0076241167,0.0076241167,0.006198707,0.0057854657,0.006198707,0.0047038114,0.0047038114,0.006198707,0.0057854657,0.0057854657,0.0047038114,0.005399773,0.006198707,0.0047038114,0.0076241167,0.0047038114,0.005399773,0.0047038114,0.0071158493,0.006198707,0.0076241167,0.0076241167,0.0071158493,0.0076241167,0.005039793,0.0047038114,0.0047038114,0.0047038114,0.0071158493,0.0076241167,0.0076241167,0.0057854657,0.0076241167,0.0076241167,0.0066414652,0.0076241167,0.0047038114,0.0076241167,0.0076241167,0.0076241167,0.0047038114,0.006198707,0.0047038114,0.005039793,0.0076241167,0.0066414652,0.005039793,0.005399773,0.0047038114,0.0057854657,0.006198707,0.0047038114,0.005399773,0.0066414652,0.0076241167,0.0057854657,0.0076241167,0.0066414652,0.0047038114,0.0066414652,0.0076241167,0.0076241167,0.0047038114,0.0076241167,0.0057854657,0.0076241167,0.0076241167,0.005399773,0.0076241167,0.0066414652,0.0047038114,0.0047038114,0.0066414652,0.0066414652,0.005399773,0.0057854657,0.0071158493,0.005399773,0.005399773,0.005039793,0.0047038114,0.006198707,0.005399773,0.005399773,0.0066414652,0.0057854657,0.0047038114,0.0066414652,0.005399773,0.0076241167,0.0076241167,0.0076241167,0.0047038114,0.0047038114,0.005399773,0.0076241167,0.0076241167,0.006198707,0.0047038114,0.0076241167,0.0076241167,0.0076241167,0.005039793,0,1
0.006247057,0.007171353,0.007683585,0.007683585,0.0047405013,0.0058305925,0.007683585,0.006247057,0.006693269,0.006247057,0.007683585,0.006693269,0.0047405013,0.0047405013,0.006247057,0.007171353,0.006247057,0.0058305925,0.007683585,0.0058305925,0.007683585,0.007171353,0.0047405013,0.0047405013,0.0047405013,0.007683585,0.005441891,0.0047405013,0.0050791036,0.0058305925,0.007683585,0.006693269,0.007683585,0.0058305925,0.0047405013,0.005441891,0.006247057,0.006247057,0.0047405013,0.006693269,0.0047405013,0.006247057,0.006693269,0.005441891,0.007683585,0.007171353,0.006693269,0.007683585,0.007683585,0.007683585,0.005441891,0.007171353,0.005441891,0.0050791036,0.005441891,0.007683585,0.006247057,0.007683585,0.006693269,0.006247057,0.006693269,0.005441891,0.006247057,0.006247057,0.007683585,0.0050791036,0.0058305925,0.0047405013,0.005441891,0.005441891,0.007171353,0.007683585,0.0050791036,0.0050791036,0.0047405013,0.007683585,0.006247057,0.007683585,0.007683585,0.007683585,0.0047405013,0.0047405013,0.007683585,0.007683585,0.005441891,0.005441891,0.0058305925,0.007683585,0.0058305925,0.0058305925,0.007683585,0.006693269,0.007683585,0.0047405013,0.007683585,0.0050791036,0.0058305925,0.0050791036,0.006247057,0.0047405013,0.007171353,0.006693269,0.005441891,0.0047405013,0.006247057,0.0047405013,0.0058305925,0.0058305925,0.0047405013,0.006247057,0.006247057,0.007683585,0.0047405013,0.0058305925,0.006693269,0.0058305925,0.006693269,0.007683585,0.007683585,0.006247057,0.006693269,0.006693269,0.007683585,0.007683585,0.006247057,0.006693269,0.006247057,0.0047405013,0.006247057,0.006693269,0.006247057,0.006247057,0.005441891,0.007171353,0.0047405013,0.007683585,0.006247057,0.0047405013,0.006247057,0.006693269,0.0058305925,0.006247057,0.0047405013,0.0047405013,0.007171353,0.0050791036,0.007683585,0.007683585,0.007683585,0.0047405013,0.005441891,0.005441891,0.006693269,0.007171353,0.005441891,0.007683585,0.006247057,0.006247057,0.005441891,0.0047405013,2,0
0.004900593,0.00525063,0.006027498,0.007943068,0.00525063,0.00525063,0.006027498,0.0069193076,0.007413537,0.007943068,0.007943068,0.00525063,0.004900593,0.007943068,0.007943068,0.006027498,0.0069193076,0.006458027,0.007943068,0.004900593,0.0069193076,0.007413537,0.0056256694,0.00525063,0.004900593,0.0069193076,0.0056256694,0.006027498,0.006027498,0.004900593,0.0069193076,0.006027498,0.004900593,0.00525063,0.007943068,0.006458027,0.0056256694,0.004900593,0.007413537,0.006458027,0.004900593,0.007943068,0.0069193076,0.00525063,0.007943068,0.007943068,0.006458027,0.007943068,0.007943068,0.006027498,0.006027498,0.006027498,0.0069193076,0.007943068,0.006458027,0.00525063,0.006027498,0.00525063,0.006458027,0.004900593,0.0069193076,0.006027498,0.0056256694,0.006458027,0.006027498,0.00525063,0.0056256694,0.00525063,0.007413537,0.006458027,0.00525063,0.006458027,0.0056256694,0.0056256694,0.007943068,0.004900593,0.00525063,0.004900593,0.006458027,0.004900593,0.004900593,0.0056256694,0.007943068,0.007943068,0.0069193076,0.004900593,0.006027498,0.0069193076,0.006458027,0.006027498,0.006027498,0.004900593,0.004900593,0.007943068,0.004900593,0.004900593,0.004900593,0.0056256694,0.007413537,0.007943068,0.007413537,0.007943068,0.004900593,0.0056256694,0.00525063,0.004900593,0.0056256694,0.004900593,0.007943068,0.006027498,0.0056256694,0.006458027,0.006027498,0.007943068,0.0056256694,0.006027498,0.006458027,0.007413537,0.006458027,0.004900593,0.004900593,0.0056256694,0.007943068,0.007943068,0.00525063,0.004900593,0.007943068,0.006458027,0.007943068,0.007413537,0.0056256694,0.0056256694,0.007413537,0.007413537,0.004900593,0.006458027,0.00525063,0.00525063,0.007413537,0.006027498,0.004900593,0.0056256694,0.007413537,0.007943068,0.0056256694,0.00525063,0.007943068,0.007943068,0.007943068,0.006458027,0.00525063,0.0056256694,0.0069193076,0.007413537,0.004900593,0.0056256694,0.0056256694,0.006027498,0.006458027,0.00525063,3,3
0.007412435,0.007412435,0.007412435,0.007412435,0.004573211,0.0069182795,0.0064570666,0.0069182795,0.007412435,0.005624834,0.007412435,0.0064570666,0.004573211,0.004573211,0.004573211,0.007412435,0.0060266014,0.0052498495,0.007412435,0.005624834,0.0069182795,0.0069182795,0.0052498495,0.0052498495,0.004573211,0.0069182795,0.0052498495,0.005624834,0.0048998646,0.007412435,0.007412435,0.005624834,0.007412435,0.005624834,0.004573211,0.007412435,0.0060266014,0.0060266014,0.004573211,0.007412435,0.0060266014,0.007412435,0.007412435,0.007412435,0.0052498495,0.007412435,0.0064570666,0.007412435,0.007412435,0.007412435,0.0069182795,0.007412435,0.007412435,0.007412435,0.0069182795,0.007412435,0.0064570666,0.007412435,0.007412435,0.0060266014,0.007412435,0.0048998646,0.004573211,0.004573211,0.007412435,0.0060266014,0.0060266014,0.0048998646,0.005624834,0.0060266014,0.0064570666,0.007412435,0.004573211,0.0052498495,0.004573211,0.007412435,0.0052498495,0.0060266014,0.0064570666,0.007412435,0.007412435,0.004573211,0.004573211,0.004573211,0.004573211,0.007412435,0.0069182795,0.007412435,0.0052498495,0.007412435,0.007412435,0.0064570666,0.007412435,0.004573211,0.007412435,0.007412435,0.007412435,0.004573211,0.0052498495,0.004573211,0.0052498495,0.0060266014,0.0060266014,0.0060266014,0.0069182795,0.004573211,0.0052498495,0.0052498495,0.004573211,0.0069182795,0.007412435,0.007412435,0.004573211,0.0069182795,0.0069182795,0.0052498495,0.0069182795,0.0069182795,0.007412435,0.0048998646,0.007412435,0.0069182795,0.007412435,0.007412435,0.007412435,0.007412435,0.005624834,0.004573211,0.0048998646,0.0064570666,0.007412435,0.0052498495,0.0064570666,0.0069182795,0.0069182795,0.0069182795,0.0048998646,0.004573211,0.0060266014,0.0052498495,0.0060266014,0.0064570666,0.005624834,0.0048998646,0.0052498495,0.0064570666,0.007412435,0.007412435,0.007412435,0.004573211,0.0060266014,0.0052498495,0.0060266014,0.0064570666,0.0069182795,0.004573211,0.0060266014,0.0064570666,0.0069182795,0.0069182795,0,0
0.0064760586,0.0069386275,0.0069386275,0.0064760586,0.007965246,0.0056413775,0.0049142763,0.0056413775,0.0049142763,0.007965246,0.0069386275,0.0060443277,0.0049142763,0.005265291,0.0069386275,0.0056413775,0.0064760586,0.0060443277,0.005265291,0.0064760586,0.0060443277,0.0049142763,0.0056413775,0.0060443277,0.0049142763,0.0069386275,0.0064760586,0.0064760586,0.005265291,0.007965246,0.007965246,0.0056413775,0.005265291,0.0069386275,0.007965246,0.0060443277,0.0064760586,0.0069386275,0.0060443277,0.007965246,0.0049142763,0.0064760586,0.007965246,0.0069386275,0.007965246,0.007965246,0.007434237,0.0049142763,0.0049142763,0.007434237,0.0069386275,0.0064760586,0.0049142763,0.0060443277,0.007965246,0.0049142763,0.0069386275,0.0049142763,0.0049142763,0.0060443277,0.007965246,0.005265291,0.0060443277,0.0056413775,0.007965246,0.005265291,0.0064760586,0.0060443277,0.0060443277,0.007965246,0.0049142763,0.005265291,0.005265291,0.005265291,0.007965246,0.007434237,0.0064760586,0.0049142763,0.0049142763,0.0049142763,0.005265291,0.0064760586,0.005265291,0.0069386275,0.007965246,0.0049142763,0.0049142763,0.005265291,0.0064760586,0.0060443277,0.0060443277,0.0069386275,0.0049142763,0.007965246,0.007965246,0.0069386275,0.0049142763,0.0069386275,0.0049142763,0.007965246,0.0069386275,0.007434237,0.0056413775,0.0060443277,0.007434237,0.007965246,0.0069386275,0.0069386275,0.0049142763,0.007965246,0.007965246,0.0069386275,0.0060443277,0.0049142763,0.0069386275,0.007965246,0.0069386275,0.0049142763,0.005265291,0.0049142763,0.0060443277,0.0060443277,0.0049142763,0.0049142763,0.0064760586,0.0060443277,0.0056413775,0.0056413775,0.007965246,0.0049142763,0.007434237,0.0056413775,0.007434237,0.007434237,0.0069386275,0.007965246,0.005265291,0.0049142763,0.0056413775,0.007965246,0.0049142763,0.0056413775,0.007434237,0.005265291,0.0056413775,0.005265291,0.0060443277,0.0049142763,0.0049142763,0.007965246,0.0060443277,0.0056413775,0.0049142763,0.0056413775,0.007965246,0.0056413775,0.0064760586,0.0049142763,0.005265291,0.007434237,4,4
0.0052767163,0.00492494,0.0060574436,0.007982531,0.00492494,0.00492494,0.006490112,0.007450369,0.007982531,0.007982531,0.006953684,0.0060574436,0.0052767163,0.007982531,0.007982531,0.0056536193,0.006953684,0.006490112,0.007982531,0.00492494,0.006490112,0.007450369,0.0060574436,0.006490112,0.0056536193,0.00492494,0.0060574436,0.006490112,0.0060574436,0.00492494,0.00492494,0.0060574436,0.007982531,0.006953684,0.0056536193,0.0056536193,0.0056536193,0.0052767163,0.0060574436,0.0056536193,0.00492494,0.006490112,0.007450369,0.0056536193,0.007982531,0.007450369,0.0056536193,0.007982531,0.007982531,0.006490112,0.007982531,0.0060574436,0.007982531,0.007982531,0.0056536193,0.00492494,0.0056536193,0.006490112,0.006953684,0.0052767163,0.00492494,0.0060574436,0.0052767163,0.006953684,0.00492494,0.0052767163,0.006490112,0.00492494,0.007982531,0.00492494,0.00492494,0.0052767163,0.0056536193,0.0056536193,0.007982531,0.00492494,0.0052767163,0.00492494,0.0060574436,0.00492494,0.007982531,0.006953684,0.007982531,0.007982531,0.007982531,0.00492494,0.00492494,0.007982531,0.007982531,0.0052767163,0.0060574436,0.00492494,0.00492494,0.007982531,0.006953684,0.0056536193,0.00492494,0.006953684,0.007982531,0.007450369,0.0060574436,0.007982531,0.00492494,0.0052767163,0.0052767163,0.0056536193,0.0056536193,0.00492494,0.007982531,0.007982531,0.00492494,0.00492494,0.006490112,0.006953684,0.0052767163,0.0060574436,0.006490112,0.006953684,0.006490112,0.00492494,0.006490112,0.0052767163,0.007982531,0.007982531,0.0052767163,0.00492494,0.007450369,0.006953684,0.007982531,0.006953684,0.0060574436,0.0056536193,0.0060574436,0.006953684,0.00492494,0.0060574436,0.00492494,0.0052767163,0.006953684,0.006490112,0.006953684,0.006490112,0.007450369,0.0056536193,0.0056536193,0.0056536193,0.007982531,0.0052767163,0.0056536193,0.0056536193,0.0052767163,0.0056536193,0.006953684,0.007450369,0.00492494,0.0052767163,0.00492494,0.0060574436,0.007450369,0.00492494,3,3
0.004871795,0.0052197753,0.0059920778,0.007896391,0.0055926107,0.0052197753,0.0059920778,0.007369972,0.007369972,0.007896391,0.0064200764,0.0052197753,0.0052197753,0.007896391,0.007896391,0.0055926107,0.0064200764,0.0064200764,0.007896391,0.004871795,0.0064200764,0.007369972,0.0059920778,0.0064200764,0.0055926107,0.004871795,0.0055926107,0.0064200764,0.007369972,0.004871795,0.0068786466,0.0055926107,0.0052197753,0.0059920778,0.007896391,0.0055926107,0.0055926107,0.004871795,0.004871795,0.0059920778,0.0052197753,0.007896391,0.0068786466,0.0052197753,0.007896391,0.004871795,0.0052197753,0.007896391,0.0068786466,0.0068786466,0.0059920778,0.0059920778,0.007896391,0.007896391,0.0055926107,0.0052197753,0.0064200764,0.0052197753,0.0068786466,0.0055926107,0.007369972,0.0052197753,0.0059920778,0.0064200764,0.0064200764,0.0052197753,0.0064200764,0.0052197753,0.007896391,0.0064200764,0.0059920778,0.0055926107,0.0055926107,0.0052197753,0.007896391,0.004871795,0.0052197753,0.004871795,0.0068786466,0.004871795,0.004871795,0.004871795,0.007896391,0.007896391,0.0068786466,0.004871795,0.0055926107,0.0068786466,0.007896391,0.0055926107,0.0059920778,0.004871795,0.004871795,0.007369972,0.007369972,0.004871795,0.004871795,0.0068786466,0.007896391,0.007369972,0.007369972,0.007896391,0.0055926107,0.0059920778,0.0068786466,0.004871795,0.0055926107,0.0059920778,0.0068786466,0.007896391,0.0052197753,0.004871795,0.007369972,0.007369972,0.0059920778,0.0059920778,0.0068786466,0.007896391,0.0064200764,0.004871795,0.004871795,0.0052197753,0.007896391,0.007896391,0.0052197753,0.0059920778,0.0068786466,0.0064200764,0.007896391,0.007369972,0.0052197753,0.0055926107,0.007369972,0.007369972,0.004871795,0.0059920778,0.004871795,0.004871795,0.0068786466,0.0064200764,0.0052197753,0.0059920778,0.007369972,0.0064200764,0.0055926107,0.0052197753,0.007896391,0.007896391,0.007896391,0.007896391,0.0059920778,0.0055926107,0.0068786466,0.007369972,0.004871795,0.0064200764,0.004871795,0.0064200764,0.0068786466,0.004871795,3,3
0.006050426,0.005270603,0.006482593,0.007973283,0.004919234,0.005270603,0.006482593,0.0074417377,0.007973283,0.007973283,0.006050426,0.005270603,0.004919234,0.007973283,0.006945628,0.004919234,0.006482593,0.0056470693,0.007973283,0.004919234,0.006050426,0.006482593,0.006482593,0.006482593,0.004919234,0.004919234,0.0056470693,0.006482593,0.006482593,0.004919234,0.006050426,0.006945628,0.0074417377,0.0074417377,0.007973283,0.005270603,0.0056470693,0.006050426,0.0056470693,0.0056470693,0.004919234,0.006482593,0.006945628,0.006050426,0.007973283,0.0056470693,0.004919234,0.0074417377,0.007973283,0.006482593,0.006945628,0.0056470693,0.0074417377,0.007973283,0.0056470693,0.004919234,0.005270603,0.007973283,0.007973283,0.005270603,0.004919234,0.005270603,0.006482593,0.006945628,0.006050426,0.005270603,0.0056470693,0.0056470693,0.007973283,0.006945628,0.0056470693,0.004919234,0.0056470693,0.005270603,0.007973283,0.004919234,0.005270603,0.005270603,0.006050426,0.004919234,0.006945628,0.004919234,0.007973283,0.007973283,0.006945628,0.004919234,0.005270603,0.0074417377,0.006482593,0.006050426,0.006050426,0.004919234,0.004919234,0.006482593,0.006482593,0.004919234,0.004919234,0.006945628,0.007973283,0.0074417377,0.006050426,0.006482593,0.004919234,0.006050426,0.006482593,0.0056470693,0.0056470693,0.006945628,0.006945628,0.007973283,0.004919234,0.004919234,0.0074417377,0.007973283,0.006050426,0.006050426,0.006482593,0.006482593,0.006482593,0.004919234,0.004919234,0.005270603,0.006945628,0.007973283,0.0056470693,0.004919234,0.007973283,0.006945628,0.007973283,0.0074417377,0.004919234,0.006050426,0.0074417377,0.0074417377,0.005270603,0.0056470693,0.004919234,0.004919234,0.006945628,0.0056470693,0.004919234,0.005270603,0.0074417377,0.006482593,0.0056470693,0.0056470693,0.006482593,0.007973283,0.007973283,0.007973283,0.006050426,0.0056470693,0.006945628,0.0074417377,0.004919234,0.004919234,0.004919234,0.0074417377,0.006945628,0.006050426,3,3
0.0049335565,0.0060680415,0.0052859485,0.0049335565,0.007996497,0.0065014665,0.0049335565,0.0056635104,0.0049335565,0.007996497,0.0065014665,0.0065014665,0.0049335565,0.0052859485,0.0069658505,0.0056635104,0.0065014665,0.0065014665,0.0052859485,0.0065014665,0.0056635104,0.0065014665,0.0056635104,0.0056635104,0.0060680415,0.0065014665,0.0056635104,0.0049335565,0.0049335565,0.007996497,0.007996497,0.0056635104,0.0049335565,0.0069658505,0.007996497,0.0060680415,0.0065014665,0.0069658505,0.0060680415,0.007463404,0.0049335565,0.0065014665,0.007996497,0.0069658505,0.007996497,0.007996497,0.0065014665,0.0049335565,0.0049335565,0.0065014665,0.007463404,0.0060680415,0.0056635104,0.0049335565,0.007996497,0.0049335565,0.0069658505,0.0049335565,0.0049335565,0.0065014665,0.007996497,0.0060680415,0.0056635104,0.0049335565,0.007996497,0.0052859485,0.0060680415,0.0056635104,0.0052859485,0.007463404,0.0052859485,0.007463404,0.0052859485,0.0052859485,0.007996497,0.007996497,0.0065014665,0.0049335565,0.0049335565,0.0049335565,0.0049335565,0.0052859485,0.0065014665,0.007996497,0.007996497,0.0049335565,0.0049335565,0.0052859485,0.007463404,0.0060680415,0.0060680415,0.0069658505,0.0049335565,0.007996497,0.007996497,0.0069658505,0.0049335565,0.0056635104,0.0049335565,0.007996497,0.007463404,0.0065014665,0.007996497,0.0060680415,0.0065014665,0.007996497,0.0069658505,0.0065014665,0.0049335565,0.007996497,0.007996497,0.007996497,0.0065014665,0.007463404,0.007463404,0.007996497,0.0069658505,0.0049335565,0.0056635104,0.0049335565,0.0049335565,0.0056635104,0.0049335565,0.0049335565,0.0056635104,0.0056635104,0.0060680415,0.0049335565,0.007996497,0.0049335565,0.007996497,0.0056635104,0.0069658505,0.0065014665,0.007463404,0.007996497,0.0049335565,0.0049335565,0.0056635104,0.007996497,0.0049335565,0.0052859485,0.007463404,0.0056635104,0.0065014665,0.0049335565,0.0049335565,0.0052859485,0.0049335565,0.007996497,0.0056635104,0.0056635104,0.0049335565,0.0049335565,0.007996497,0.007996497,0.0069658505,0.0049335565,0.0056635104,0.007996497,4,4
0.00649788,0.0069620074,0.006064694,0.007992085,0.00649788,0.006064694,0.005283032,0.0049308348,0.0049308348,0.007992085,0.00649788,0.006064694,0.0049308348,0.007992085,0.007992085,0.0074592866,0.0074592866,0.0049308348,0.0049308348,0.0074592866,0.005660386,0.0049308348,0.0049308348,0.005283032,0.005283032,0.007992085,0.005660386,0.006064694,0.005283032,0.007992085,0.007992085,0.00649788,0.0049308348,0.0049308348,0.007992085,0.0069620074,0.00649788,0.006064694,0.00649788,0.007992085,0.0049308348,0.00649788,0.007992085,0.006064694,0.007992085,0.005660386,0.006064694,0.005283032,0.0049308348,0.006064694,0.005660386,0.006064694,0.0069620074,0.0049308348,0.00649788,0.0049308348,0.006064694,0.0049308348,0.0049308348,0.0049308348,0.007992085,0.006064694,0.0049308348,0.005660386,0.006064694,0.00649788,0.0074592866,0.005283032,0.0049308348,0.0049308348,0.0049308348,0.005660386,0.005283032,0.005660386,0.007992085,0.005660386,0.00649788,0.0049308348,0.005660386,0.005283032,0.005283032,0.005660386,0.007992085,0.005660386,0.006064694,0.0049308348,0.0049308348,0.005283032,0.006064694,0.0069620074,0.00649788,0.0069620074,0.0049308348,0.007992085,0.007992085,0.0069620074,0.0049308348,0.0069620074,0.005283032,0.007992085,0.006064694,0.00649788,0.0049308348,0.0049308348,0.007992085,0.007992085,0.007992085,0.0049308348,0.0049308348,0.007992085,0.007992085,0.007992085,0.005283032,0.0049308348,0.0069620074,0.006064694,0.0069620074,0.00649788,0.005283032,0.005283032,0.007992085,0.005660386,0.007992085,0.0049308348,0.00649788,0.005283032,0.0049308348,0.005660386,0.0049308348,0.00649788,0.007992085,0.007992085,0.0049308348,0.006064694,0.005660386,0.006064694,0.0049308348,0.007992085,0.006064694,0.005660386,0.007992085,0.0069620074,0.005660386,0.0074592866,0.005660386,0.006064694,0.007992085,0.007992085,0.007992085,0.007992085,0.0069620074,0.005660386,0.0049308348,0.007992085,0.007992085,0.0074592866,0.005660386,0.005283032,0.005660386,0.0049308348,3,4
0.0052337623,0.0052337623,0.00791755,0.00791755,0.00488485,0.005607597,0.00791755,0.0068970793,0.00791755,0.00791755,0.005607597,0.006008134,0.006008134,0.00488485,0.00791755,0.00488485,0.006008134,0.00643728,0.00791755,0.00488485,0.00488485,0.005607597,0.006008134,0.006008134,0.00488485,0.00791755,0.005607597,0.006008134,0.005607597,0.0068970793,0.005607597,0.0068970793,0.006008134,0.00643728,0.007389721,0.00643728,0.006008134,0.00791755,0.00488485,0.006008134,0.0052337623,0.0068970793,0.00643728,0.0052337623,0.00791755,0.00643728,0.005607597,0.00791755,0.00791755,0.0068970793,0.006008134,0.007389721,0.00643728,0.00488485,0.00488485,0.0052337623,0.00488485,0.00791755,0.005607597,0.005607597,0.007389721,0.005607597,0.007389721,0.0052337623,0.00791755,0.00643728,0.006008134,0.0052337623,0.00488485,0.005607597,0.0052337623,0.0052337623,0.005607597,0.005607597,0.00643728,0.00488485,0.0052337623,0.00791755,0.0052337623,0.00488485,0.00488485,0.00488485,0.00791755,0.00791755,0.00791755,0.00488485,0.006008134,0.00791755,0.0068970793,0.005607597,0.007389721,0.0068970793,0.00791755,0.00488485,0.00791755,0.006008134,0.00643728,0.00791755,0.006008134,0.00791755,0.0068970793,0.00643728,0.007389721,0.0052337623,0.007389721,0.00488485,0.006008134,0.0068970793,0.00488485,0.00791755,0.0052337623,0.00488485,0.00643728,0.005607597,0.006008134,0.006008134,0.005607597,0.00791755,0.00488485,0.00488485,0.005607597,0.005607597,0.00791755,0.00791755,0.0052337623,0.0052337623,0.00791755,0.0068970793,0.00791755,0.0068970793,0.0068970793,0.005607597,0.007389721,0.007389721,0.0052337623,0.005607597,0.00488485,0.00488485,0.00643728,0.005607597,0.00488485,0.005607597,0.0068970793,0.0052337623,0.005607597,0.0052337623,0.00791755,0.00791755,0.00791755,0.0068970793,0.006008134,0.005607597,0.0068970793,0.007389721,0.0052337623,0.0052337623,0.0052337623,0.00643728,0.005607597,0.0052337623,2,2
0.0048081507,0.005913798,0.0067887856,0.0077932337,0.0048081507,0.005913798,0.0077932337,0.0067887856,0.0077932337,0.0067887856,0.005913798,0.0051515847,0.0048081507,0.0067887856,0.0072736917,0.00551955,0.00551955,0.0063362056,0.0077932337,0.00551955,0.0077932337,0.00551955,0.0063362056,0.0051515847,0.0048081507,0.0077932337,0.00551955,0.00551955,0.0051515847,0.0072736917,0.0077932337,0.005913798,0.005913798,0.0063362056,0.0077932337,0.0048081507,0.0051515847,0.00551955,0.0051515847,0.00551955,0.0048081507,0.005913798,0.0077932337,0.005913798,0.0077932337,0.0077932337,0.005913798,0.005913798,0.0077932337,0.0063362056,0.0063362056,0.0048081507,0.0048081507,0.0063362056,0.0063362056,0.0051515847,0.00551955,0.0048081507,0.00551955,0.0051515847,0.0077932337,0.0072736917,0.0051515847,0.0051515847,0.0067887856,0.0063362056,0.005913798,0.0051515847,0.0077932337,0.0067887856,0.0067887856,0.0077932337,0.00551955,0.00551955,0.0051515847,0.0063362056,0.005913798,0.0051515847,0.00551955,0.005913798,0.0051515847,0.0063362056,0.0077932337,0.0077932337,0.0072736917,0.0048081507,0.0048081507,0.00551955,0.0067887856,0.005913798,0.005913798,0.005913798,0.0048081507,0.0077932337,0.0063362056,0.005913798,0.0048081507,0.0077932337,0.0063362056,0.0067887856,0.0067887856,0.0063362056,0.0077932337,0.0063362056,0.0072736917,0.0067887856,0.0063362056,0.00551955,0.0077932337,0.0072736917,0.0072736917,0.0072736917,0.005913798,0.0072736917,0.0067887856,0.005913798,0.005913798,0.0063362056,0.0051515847,0.0048081507,0.0077932337,0.0051515847,0.0048081507,0.0077932337,0.0048081507,0.0063362056,0.0067887856,0.005913798,0.0077932337,0.0063362056,0.0063362056,0.00551955,0.0072736917,0.0072736917,0.0067887856,0.0067887856,0.0051515847,0.0051515847,0.0072736917,0.0063362056,0.0077932337,0.005913798,0.0063362056,0.0067887856,0.00551955,0.0051515847,0.0077932337,0.0077932337,0.0077932337,0.0048081507,0.0051515847,0.00551955,0.0067887856,0.0072736917,0.00551955,0.0077932337,0.0063362056,0.0048081507,0.0063362056,0.0048081507,3,3
0.0058429185,0.0062602633,0.007699828,0.007699828,0.004750523,0.0058429185,0.004750523,0.0067074187,0.0071865134,0.007699828,0.0058429185,0.0062602633,0.004750523,0.004750523,0.0062602633,0.005453395,0.0062602633,0.0067074187,0.007699828,0.004750523,0.0058429185,0.0071865134,0.0058429185,0.0062602633,0.0058429185,0.0067074187,0.0058429185,0.0058429185,0.005453395,0.0067074187,0.005453395,0.0062602633,0.0062602633,0.005089841,0.007699828,0.0058429185,0.005089841,0.007699828,0.005453395,0.0067074187,0.004750523,0.0062602633,0.0062602633,0.005453395,0.007699828,0.007699828,0.0071865134,0.007699828,0.007699828,0.007699828,0.0062602633,0.0071865134,0.004750523,0.004750523,0.004750523,0.007699828,0.0067074187,0.007699828,0.007699828,0.0067074187,0.007699828,0.0058429185,0.0058429185,0.004750523,0.007699828,0.0062602633,0.0062602633,0.004750523,0.005089841,0.0067074187,0.0071865134,0.0058429185,0.005453395,0.005089841,0.0071865134,0.007699828,0.0062602633,0.007699828,0.0067074187,0.0067074187,0.0062602633,0.004750523,0.0062602633,0.0067074187,0.005089841,0.005089841,0.005089841,0.0062602633,0.005089841,0.007699828,0.0071865134,0.0067074187,0.007699828,0.004750523,0.007699828,0.005089841,0.0062602633,0.004750523,0.0062602633,0.007699828,0.0071865134,0.007699828,0.0071865134,0.005089841,0.007699828,0.004750523,0.0062602633,0.0062602633,0.004750523,0.005089841,0.0062602633,0.007699828,0.004750523,0.0067074187,0.0067074187,0.005453395,0.0067074187,0.007699828,0.007699828,0.005089841,0.005089841,0.0058429185,0.007699828,0.007699828,0.005089841,0.004750523,0.007699828,0.0058429185,0.0067074187,0.0071865134,0.007699828,0.005453395,0.004750523,0.0062602633,0.0058429185,0.0062602633,0.004750523,0.004750523,0.0062602633,0.0058429185,0.0058429185,0.0058429185,0.005089841,0.005089841,0.0067074187,0.005453395,0.007699828,0.007699828,0.007699828,0.0071865134,0.004750523,0.005453395,0.0067074187,0.0071865134,0.005453395,0.0062602633,0.005453395,0.0067074187,0.0067074187,0.004750523,2,4
0.005153934,0.0077967877,0.004810343,0.006339095,0.005916495,0.005153934,0.0072770086,0.0067918813,0.0072770086,0.0077967877,0.006339095,0.005153934,0.004810343,0.0077967877,0.0077967877,0.006339095,0.005153934,0.005916495,0.0077967877,0.005916495,0.0077967877,0.0072770086,0.004810343,0.004810343,0.004810343,0.0077967877,0.005916495,0.0055220667,0.005916495,0.0077967877,0.0072770086,0.005153934,0.004810343,0.005916495,0.0077967877,0.005916495,0.006339095,0.004810343,0.005916495,0.0055220667,0.004810343,0.0067918813,0.0077967877,0.005916495,0.0077967877,0.0055220667,0.005153934,0.0055220667,0.0077967877,0.0077967877,0.006339095,0.004810343,0.005916495,0.0077967877,0.0067918813,0.005916495,0.0067918813,0.0055220667,0.0055220667,0.005916495,0.0055220667,0.005153934,0.006339095,0.005153934,0.005916495,0.005153934,0.005916495,0.005153934,0.0077967877,0.005916495,0.005916495,0.006339095,0.0055220667,0.0055220667,0.0077967877,0.0055220667,0.006339095,0.004810343,0.004810343,0.006339095,0.004810343,0.005916495,0.0077967877,0.0077967877,0.0077967877,0.004810343,0.004810343,0.0055220667,0.0077967877,0.005916495,0.006339095,0.006339095,0.005153934,0.0067918813,0.0077967877,0.005916495,0.004810343,0.006339095,0.006339095,0.0072770086,0.0077967877,0.0072770086,0.0055220667,0.005916495,0.0055220667,0.004810343,0.0055220667,0.004810343,0.0077967877,0.0067918813,0.006339095,0.0077967877,0.0055220667,0.0077967877,0.0072770086,0.005916495,0.0067918813,0.0067918813,0.006339095,0.004810343,0.004810343,0.005153934,0.0067918813,0.0077967877,0.005153934,0.0067918813,0.0077967877,0.006339095,0.0077967877,0.006339095,0.004810343,0.0055220667,0.0072770086,0.0072770086,0.0055220667,0.0067918813,0.005916495,0.0055220667,0.0067918813,0.0072770086,0.005916495,0.0067918813,0.005916495,0.0077967877,0.0055220667,0.005153934,0.0077967877,0.0077967877,0.0077967877,0.005153934,0.005153934,0.0055220667,0.006339095,0.0067918813,0.0055220667,0.0077967877,0.006339095,0.0055220667,0.006339095,0.005916495,1,3
0.0050726337,0.005434959,0.0050726337,0.0050726337,0.006684743,0.0050726337,0.0058231647,0.0050726337,0.0050726337,0.008221918,0.006684743,0.0058231647,0.0050726337,0.006684743,0.008221918,0.005434959,0.007673797,0.0050726337,0.0050726337,0.007673797,0.005434959,0.0071622175,0.0058231647,0.0050726337,0.008221918,0.008221918,0.0058231647,0.006684743,0.0050726337,0.008221918,0.008221918,0.0062391,0.0050726337,0.0050726337,0.008221918,0.0062391,0.006684743,0.0062391,0.006684743,0.0058231647,0.0050726337,0.007673797,0.0062391,0.0058231647,0.008221918,0.0062391,0.0058231647,0.0050726337,0.0050726337,0.007673797,0.006684743,0.0062391,0.0058231647,0.0050726337,0.008221918,0.0050726337,0.006684743,0.005434959,0.0050726337,0.0050726337,0.008221918,0.0062391,0.0050726337,0.005434959,0.008221918,0.007673797,0.008221918,0.0050726337,0.0050726337,0.0050726337,0.0050726337,0.0062391,0.0050726337,0.0058231647,0.008221918,0.0050726337,0.006684743,0.0050726337,0.0050726337,0.0050726337,0.0050726337,0.007673797,0.0050726337,0.0050726337,0.008221918,0.0050726337,0.005434959,0.0050726337,0.006684743,0.0062391,0.0062391,0.0071622175,0.0050726337,0.008221918,0.008221918,0.0062391,0.0050726337,0.0058231647,0.0050726337,0.008221918,0.0071622175,0.006684743,0.005434959,0.0050726337,0.0071622175,0.008221918,0.008221918,0.0050726337,0.0050726337,0.008221918,0.008221918,0.007673797,0.0062391,0.0050726337,0.0071622175,0.0058231647,0.0071622175,0.006684743,0.0058231647,0.005434959,0.0050726337,0.005434959,0.0050726337,0.0050726337,0.0050726337,0.005434959,0.008221918,0.0050726337,0.0050726337,0.008221918,0.008221918,0.006684743,0.0062391,0.0058231647,0.0062391,0.007673797,0.0050726337,0.0050726337,0.0050726337,0.008221918,0.007673797,0.0062391,0.0062391,0.0058231647,0.007673797,0.005434959,0.0058231647,0.0050726337,0.0050726337,0.008221918,0.006684743,0.0058231647,0.0050726337,0.0050726337,0.008221918,0.008221918,0.0062391,0.0071622175,0.0062391,0.0050726337,9,4
0.006098874,0.006534501,0.0049586245,0.006534501,0.008037128,0.0056922873,0.006098874,0.0049586245,0.005312807,0.008037128,0.006098874,0.005312807,0.0049586245,0.007501326,0.0070012445,0.005312807,0.0049586245,0.006098874,0.0049586245,0.008037128,0.0056922873,0.007501326,0.006534501,0.005312807,0.008037128,0.0070012445,0.0056922873,0.0056922873,0.0049586245,0.008037128,0.0070012445,0.0049586245,0.0056922873,0.007501326,0.008037128,0.0049586245,0.006534501,0.0056922873,0.0056922873,0.0070012445,0.0049586245,0.006534501,0.008037128,0.0070012445,0.008037128,0.008037128,0.006534501,0.0049586245,0.0049586245,0.008037128,0.006098874,0.005312807,0.0070012445,0.0049586245,0.008037128,0.006534501,0.0070012445,0.0049586245,0.0049586245,0.006534501,0.007501326,0.005312807,0.006098874,0.0049586245,0.008037128,0.006534501,0.0070012445,0.006098874,0.006098874,0.008037128,0.0049586245,0.0049586245,0.005312807,0.005312807,0.008037128,0.0049586245,0.0056922873,0.0049586245,0.0056922873,0.006534501,0.0049586245,0.0056922873,0.0049586245,0.007501326,0.008037128,0.0049586245,0.005312807,0.0056922873,0.007501326,0.006098874,0.006098874,0.0070012445,0.0049586245,0.008037128,0.008037128,0.006098874,0.0049586245,0.006534501,0.006534501,0.008037128,0.0070012445,0.006098874,0.0070012445,0.005312807,0.0070012445,0.008037128,0.008037128,0.0049586245,0.0049586245,0.007501326,0.0070012445,0.0056922873,0.006098874,0.008037128,0.007501326,0.006098874,0.0070012445,0.005312807,0.006534501,0.0049586245,0.0056922873,0.0070012445,0.0049586245,0.0070012445,0.0056922873,0.0049586245,0.0070012445,0.005312807,0.0070012445,0.006098874,0.0049586245,0.006534501,0.007501326,0.0070012445,0.006534501,0.006098874,0.0049586245,0.005312807,0.0049586245,0.0070012445,0.005312807,0.006098874,0.006534501,0.0056922873,0.0070012445,0.0049586245,0.0049586245,0.0049586245,0.0049586245,0.008037128,0.0049586245,0.006098874,0.007501326,0.006098874,0.0070012445,0.0049586245,0.0056922873,0.006098874,0.0056922873,0.008037128,4,4
0.0063338387,0.006786249,0.0077903224,0.0077903224,0.004806354,0.0063338387,0.0077903224,0.006786249,0.0077903224,0.0063338387,0.005911589,0.005517488,0.004806354,0.0072709746,0.004806354,0.0051496606,0.005911589,0.006786249,0.0077903224,0.005517488,0.0077903224,0.005517488,0.004806354,0.0051496606,0.004806354,0.005911589,0.005517488,0.0063338387,0.004806354,0.0063338387,0.0077903224,0.005911589,0.0063338387,0.0063338387,0.0077903224,0.004806354,0.004806354,0.0077903224,0.005517488,0.005517488,0.004806354,0.005911589,0.0077903224,0.005911589,0.0077903224,0.005911589,0.0051496606,0.006786249,0.0077903224,0.0063338387,0.005911589,0.004806354,0.0051496606,0.0077903224,0.005517488,0.0063338387,0.004806354,0.004806354,0.0077903224,0.005517488,0.004806354,0.006786249,0.0051496606,0.0051496606,0.0063338387,0.0051496606,0.005911589,0.0051496606,0.0077903224,0.006786249,0.0072709746,0.0077903224,0.005517488,0.0051496606,0.005517488,0.0063338387,0.0063338387,0.004806354,0.0072709746,0.0063338387,0.0077903224,0.004806354,0.0077903224,0.0077903224,0.006786249,0.006786249,0.005911589,0.0077903224,0.0077903224,0.005911589,0.0063338387,0.004806354,0.004806354,0.0077903224,0.0051496606,0.005911589,0.004806354,0.0072709746,0.006786249,0.0072709746,0.0063338387,0.005911589,0.0072709746,0.0063338387,0.0063338387,0.0063338387,0.005517488,0.005911589,0.0077903224,0.0077903224,0.005911589,0.005911589,0.0063338387,0.0077903224,0.0063338387,0.0051496606,0.006786249,0.005911589,0.005911589,0.005517488,0.005911589,0.005517488,0.0063338387,0.0077903224,0.0051496606,0.0072709746,0.0077903224,0.004806354,0.005517488,0.006786249,0.0063338387,0.005911589,0.0072709746,0.0072709746,0.005911589,0.0063338387,0.005911589,0.0051496606,0.0077903224,0.005517488,0.0077903224,0.0051496606,0.0063338387,0.005911589,0.005911589,0.0051496606,0.0077903224,0.0077903224,0.0077903224,0.004806354,0.0051496606,0.005517488,0.0072709746,0.0077903224,0.004806354,0.005911589,0.0063338387,0.0063338387,0.0063338387,0.0051496606,2,3
0.0062607266,0.007187045,0.007700398,0.007700398,0.0047508744,0.0062607266,0.007700398,0.006707915,0.007700398,0.007700398,0.007187045,0.006707915,0.0047508744,0.0047508744,0.007700398,0.007700398,0.007187045,0.005843351,0.007700398,0.005453799,0.007700398,0.007187045,0.0047508744,0.005453799,0.0047508744,0.007700398,0.0062607266,0.0047508744,0.0050902176,0.006707915,0.007187045,0.005843351,0.007700398,0.006707915,0.0062607266,0.0062607266,0.0050902176,0.007700398,0.0047508744,0.0062607266,0.0047508744,0.0062607266,0.007700398,0.005843351,0.007700398,0.005453799,0.0050902176,0.005843351,0.005453799,0.005453799,0.007187045,0.005843351,0.005453799,0.0047508744,0.005453799,0.0050902176,0.0047508744,0.005453799,0.0062607266,0.005453799,0.007187045,0.005843351,0.0062607266,0.0047508744,0.007700398,0.0050902176,0.005843351,0.0047508744,0.0047508744,0.005453799,0.007700398,0.007700398,0.0050902176,0.0050902176,0.0047508744,0.0062607266,0.005453799,0.0062607266,0.006707915,0.0050902176,0.0047508744,0.005843351,0.007700398,0.007187045,0.007700398,0.0047508744,0.005453799,0.007700398,0.007700398,0.005843351,0.005843351,0.006707915,0.007700398,0.0047508744,0.007700398,0.005843351,0.0047508744,0.0062607266,0.006707915,0.007700398,0.007700398,0.006707915,0.0047508744,0.0047508744,0.006707915,0.006707915,0.005453799,0.0050902176,0.0047508744,0.007700398,0.007700398,0.007700398,0.005843351,0.006707915,0.005843351,0.007700398,0.006707915,0.0047508744,0.005453799,0.0047508744,0.005843351,0.0050902176,0.0047508744,0.007700398,0.005453799,0.007187045,0.007700398,0.005843351,0.007700398,0.0062607266,0.007700398,0.005453799,0.0062607266,0.007187045,0.005843351,0.007700398,0.0062607266,0.0047508744,0.007700398,0.007700398,0.007187045,0.005843351,0.005843351,0.005453799,0.005843351,0.006707915,0.007700398,0.007700398,0.007700398,0.0050902176,0.0062607266,0.005453799,0.0062607266,0.006707915,0.006707915,0.007700398,0.0062607266,0.005453799,0.005453799,0.0047508744,2,0
0.0056993854,0.006106479,0.0056993854,0.0080471495,0.0075106802,0.0049648075,0.0049648075,0.0049648075,0.0049648075,0.0080471495,0.006542649,0.005319432,0.0049648075,0.005319432,0.0080471495,0.006106479,0.0070099747,0.0070099747,0.0049648075,0.006542649,0.0070099747,0.0056993854,0.006542649,0.006106479,0.0056993854,0.0075106802,0.0056993854,0.0056993854,0.0049648075,0.0080471495,0.0080471495,0.0056993854,0.0049648075,0.0070099747,0.0080471495,0.0049648075,0.006106479,0.006106479,0.005319432,0.0070099747,0.0049648075,0.006106479,0.0080471495,0.006106479,0.0080471495,0.0070099747,0.006106479,0.0049648075,0.0049648075,0.0080471495,0.006542649,0.005319432,0.006542649,0.0049648075,0.0080471495,0.0049648075,0.0070099747,0.0049648075,0.0049648075,0.0070099747,0.0080471495,0.005319432,0.006542649,0.005319432,0.0080471495,0.005319432,0.006542649,0.006106479,0.006106479,0.0080471495,0.0049648075,0.0049648075,0.0049648075,0.005319432,0.0080471495,0.005319432,0.0056993854,0.0049648075,0.0056993854,0.005319432,0.0049648075,0.005319432,0.0049648075,0.0080471495,0.0080471495,0.0049648075,0.0049648075,0.005319432,0.006542649,0.006106479,0.006106479,0.0070099747,0.0049648075,0.0080471495,0.0080471495,0.0056993854,0.0049648075,0.0056993854,0.0070099747,0.0080471495,0.0070099747,0.006106479,0.006542649,0.0056993854,0.0075106802,0.0080471495,0.0070099747,0.005319432,0.0049648075,0.0075106802,0.0075106802,0.0070099747,0.006106479,0.0075106802,0.0080471495,0.006106479,0.0070099747,0.0049648075,0.006542649,0.0056993854,0.006106479,0.006106479,0.0049648075,0.006542649,0.006106479,0.0049648075,0.005319432,0.0056993854,0.0075106802,0.005319432,0.006542649,0.0056993854,0.0075106802,0.0075106802,0.0080471495,0.0070099747,0.0049648075,0.0049648075,0.006542649,0.0080471495,0.0049648075,0.005319432,0.0075106802,0.0075106802,0.0075106802,0.0049648075,0.0049648075,0.0049648075,0.0049648075,0.0080471495,0.0049648075,0.006106479,0.0070099747,0.0056993854,0.0070099747,0.0070099747,0.006542649,0.0049648075,0.0049648075,0.0080471495,3,4
0.006558819,0.0075292424,0.0075292424,0.0075292424,0.0046452773,0.0070272996,0.0075292424,0.0057134717,0.006558819,0.0046452773,0.006558819,0.006558819,0.0046452773,0.0046452773,0.0046452773,0.0061215702,0.0061215702,0.0061215702,0.0075292424,0.0057134717,0.0070272996,0.0070272996,0.0057134717,0.0057134717,0.0046452773,0.0061215702,0.0053325784,0.0057134717,0.0070272996,0.0075292424,0.006558819,0.0061215702,0.0075292424,0.0061215702,0.0046452773,0.0070272996,0.0057134717,0.0057134717,0.0046452773,0.0070272996,0.0046452773,0.0075292424,0.0075292424,0.006558819,0.0046452773,0.0075292424,0.006558819,0.0075292424,0.0075292424,0.0070272996,0.0053325784,0.0075292424,0.0075292424,0.0075292424,0.0046452773,0.0075292424,0.006558819,0.0075292424,0.0075292424,0.0057134717,0.0061215702,0.0053325784,0.004977078,0.0046452773,0.0075292424,0.0061215702,0.0061215702,0.004977078,0.0057134717,0.0061215702,0.0057134717,0.0075292424,0.0046452773,0.0046452773,0.0046452773,0.0075292424,0.0061215702,0.0075292424,0.0075292424,0.0075292424,0.0075292424,0.0046452773,0.0046452773,0.0046452773,0.0046452773,0.006558819,0.0070272996,0.0075292424,0.0057134717,0.0075292424,0.0075292424,0.006558819,0.0075292424,0.0046452773,0.0075292424,0.0075292424,0.0075292424,0.0046452773,0.0061215702,0.0046452773,0.0053325784,0.0061215702,0.0061215702,0.0053325784,0.0070272996,0.0046452773,0.0057134717,0.0053325784,0.0046452773,0.0057134717,0.0057134717,0.0075292424,0.004977078,0.006558819,0.0061215702,0.0046452773,0.0070272996,0.0075292424,0.0075292424,0.0053325784,0.0075292424,0.006558819,0.0075292424,0.0075292424,0.0070272996,0.0075292424,0.0075292424,0.0046452773,0.0053325784,0.0070272996,0.0075292424,0.0053325784,0.0061215702,0.006558819,0.006558819,0.006558819,0.0053325784,0.0046452773,0.0061215702,0.0061215702,0.0057134717,0.0057134717,0.0057134717,0.0046452773,0.006558819,0.006558819,0.0075292424,0.0075292424,0.0075292424,0.0046452773,0.0046452773,0.0053325784,0.0075292424,0.0075292424,0.0070272996,0.0046452773,0.0057134717,0.0070272996,0.0070272996,0.0061215702,1,4
0.004879789,0.0064306115,0.004879789,0.007909348,0.004879789,0.0064306115,0.007909348,0.006889934,0.007909348,0.007909348,0.00600191,0.0064306115,0.004879789,0.006889934,0.0064306115,0.00600191,0.006889934,0.00600191,0.0073820655,0.004879789,0.0064306115,0.0073820655,0.0064306115,0.00600191,0.004879789,0.0073820655,0.005601788,0.0064306115,0.004879789,0.007909348,0.007909348,0.00600191,0.004879789,0.006889934,0.007909348,0.005601788,0.0064306115,0.004879789,0.007909348,0.00600191,0.004879789,0.0064306115,0.007909348,0.00600191,0.007909348,0.004879789,0.0052283406,0.004879789,0.007909348,0.0064306115,0.00600191,0.0064306115,0.004879789,0.007909348,0.0064306115,0.00600191,0.00600191,0.005601788,0.0064306115,0.006889934,0.0064306115,0.0073820655,0.004879789,0.006889934,0.004879789,0.0052283406,0.00600191,0.004879789,0.007909348,0.00600191,0.004879789,0.00600191,0.005601788,0.005601788,0.0064306115,0.0052283406,0.0052283406,0.004879789,0.007909348,0.00600191,0.004879789,0.0064306115,0.0073820655,0.007909348,0.007909348,0.004879789,0.0052283406,0.004879789,0.0064306115,0.0064306115,0.00600191,0.006889934,0.0052283406,0.007909348,0.006889934,0.005601788,0.004879789,0.0052283406,0.0064306115,0.007909348,0.005601788,0.0064306115,0.004879789,0.004879789,0.00600191,0.004879789,0.005601788,0.004879789,0.007909348,0.00600191,0.0064306115,0.007909348,0.005601788,0.007909348,0.0064306115,0.00600191,0.006889934,0.0064306115,0.00600191,0.0052283406,0.004879789,0.0052283406,0.004879789,0.007909348,0.0064306115,0.0052283406,0.007909348,0.00600191,0.007909348,0.0073820655,0.006889934,0.00600191,0.0073820655,0.0073820655,0.0052283406,0.00600191,0.0052283406,0.0052283406,0.007909348,0.00600191,0.0052283406,0.00600191,0.0064306115,0.0073820655,0.005601788,0.005601788,0.007909348,0.007909348,0.007909348,0.006889934,0.0052283406,0.005601788,0.0064306115,0.006889934,0.005601788,0.0073820655,0.00600191,0.005601788,0.0064306115,0.004879789,3,3
0.0076231332,0.0076231332,0.0076231332,0.0076231332,0.0047032046,0.0053990763,0.0076231332,0.007114931,0.0076231332,0.0076231332,0.0076231332,0.006640609,0.0047032046,0.0047032046,0.0057847197,0.0057847197,0.007114931,0.0053990763,0.007114931,0.006640609,0.006640609,0.007114931,0.0057847197,0.0061979075,0.0047032046,0.0061979075,0.0057847197,0.005039143,0.0053990763,0.007114931,0.0047032046,0.0057847197,0.0076231332,0.006640609,0.0047032046,0.005039143,0.0061979075,0.0057847197,0.0047032046,0.0061979075,0.0047032046,0.007114931,0.0076231332,0.0057847197,0.006640609,0.0061979075,0.006640609,0.0076231332,0.0076231332,0.0057847197,0.0053990763,0.006640609,0.0076231332,0.0076231332,0.0047032046,0.0076231332,0.006640609,0.0076231332,0.0076231332,0.0057847197,0.006640609,0.007114931,0.0053990763,0.0047032046,0.0061979075,0.005039143,0.0061979075,0.0047032046,0.0053990763,0.006640609,0.0057847197,0.0076231332,0.0047032046,0.0047032046,0.0047032046,0.0076231332,0.0061979075,0.0076231332,0.0076231332,0.007114931,0.0061979075,0.0053990763,0.0047032046,0.0047032046,0.006640609,0.0047032046,0.0076231332,0.0076231332,0.0053990763,0.0047032046,0.007114931,0.006640609,0.0076231332,0.0047032046,0.0076231332,0.0053990763,0.0076231332,0.0047032046,0.0061979075,0.006640609,0.007114931,0.0076231332,0.006640609,0.005039143,0.0061979075,0.0047032046,0.0057847197,0.0061979075,0.0047032046,0.005039143,0.007114931,0.0076231332,0.005039143,0.0076231332,0.007114931,0.005039143,0.006640609,0.0076231332,0.0076231332,0.0047032046,0.006640609,0.006640609,0.0076231332,0.0076231332,0.0057847197,0.006640609,0.0076231332,0.005039143,0.0053990763,0.007114931,0.007114931,0.0061979075,0.0061979075,0.007114931,0.0061979075,0.0053990763,0.0057847197,0.0053990763,0.007114931,0.0053990763,0.0057847197,0.007114931,0.0047032046,0.0047032046,0.0076231332,0.005039143,0.0076231332,0.0076231332,0.0076231332,0.0047032046,0.0047032046,0.0057847197,0.006640609,0.007114931,0.0047032046,0.0057847197,0.0061979075,0.006640609,0.0057847197,0.0047032046,0,1
0.0074729766,0.0074729766,0.0074729766,0.0074729766,0.004610563,0.0069747847,0.0074729766,0.006509805,0.0074729766,0.004610563,0.0069747847,0.006509805,0.004610563,0.004610563,0.004610563,0.006075824,0.006075824,0.006075824,0.0074729766,0.005670775,0.0074729766,0.0069747847,0.004610563,0.0049398844,0.004610563,0.0074729766,0.005292728,0.005292728,0.0049398844,0.006075824,0.0074729766,0.006075824,0.0074729766,0.005670775,0.004610563,0.006509805,0.005292728,0.005670775,0.004610563,0.0074729766,0.005670775,0.0074729766,0.0074729766,0.0074729766,0.004610563,0.0074729766,0.0069747847,0.0074729766,0.0074729766,0.0074729766,0.005670775,0.0074729766,0.0069747847,0.0074729766,0.005670775,0.0074729766,0.006509805,0.0074729766,0.0074729766,0.005670775,0.0069747847,0.0049398844,0.004610563,0.0049398844,0.0074729766,0.006075824,0.006075824,0.0049398844,0.005670775,0.006075824,0.006509805,0.0074729766,0.0049398844,0.005292728,0.004610563,0.0069747847,0.005292728,0.0074729766,0.0074729766,0.0069747847,0.0074729766,0.004610563,0.004610563,0.004610563,0.004610563,0.0074729766,0.0069747847,0.0074729766,0.005292728,0.0074729766,0.0074729766,0.006509805,0.0074729766,0.004610563,0.0074729766,0.0074729766,0.0074729766,0.005292728,0.006075824,0.004610563,0.006509805,0.0069747847,0.006509805,0.005670775,0.006509805,0.004610563,0.005670775,0.006075824,0.004610563,0.006075824,0.0069747847,0.0074729766,0.005292728,0.006509805,0.0069747847,0.006509805,0.006509805,0.0074729766,0.0074729766,0.004610563,0.0074729766,0.006509805,0.0074729766,0.0074729766,0.006509805,0.0069747847,0.006509805,0.005292728,0.005292728,0.006075824,0.0074729766,0.005292728,0.005670775,0.006509805,0.006509805,0.0069747847,0.0049398844,0.004610563,0.006075824,0.005292728,0.006075824,0.006509805,0.005292728,0.004610563,0.005292728,0.006509805,0.0074729766,0.0074729766,0.0074729766,0.004610563,0.004610563,0.005292728,0.0074729766,0.0074729766,0.006075824,0.005670775,0.005292728,0.0069747847,0.006509805,0.005292728,0,1
0.007468125,0.0065055788,0.007468125,0.007468125,0.00460757,0.007468125,0.007468125,0.0069702566,0.007468125,0.007468125,0.0060718795,0.005667093,0.00460757,0.00460757,0.005289292,0.0069702566,0.0060718795,0.005667093,0.007468125,0.005667093,0.0069702566,0.0069702566,0.005667093,0.0049366774,0.0049366774,0.0065055788,0.005667093,0.005667093,0.005667093,0.007468125,0.0065055788,0.005667093,0.0069702566,0.0065055788,0.00460757,0.0069702566,0.0060718795,0.0060718795,0.0049366774,0.007468125,0.0049366774,0.007468125,0.007468125,0.007468125,0.0069702566,0.007468125,0.005667093,0.007468125,0.007468125,0.007468125,0.005667093,0.007468125,0.0065055788,0.007468125,0.00460757,0.007468125,0.0065055788,0.007468125,0.007468125,0.0060718795,0.0069702566,0.0049366774,0.0049366774,0.0060718795,0.007468125,0.005667093,0.0060718795,0.0049366774,0.005667093,0.005667093,0.0060718795,0.007468125,0.0049366774,0.005289292,0.00460757,0.007468125,0.005667093,0.007468125,0.007468125,0.007468125,0.0065055788,0.00460757,0.00460757,0.00460757,0.00460757,0.0065055788,0.0065055788,0.007468125,0.005289292,0.007468125,0.007468125,0.0065055788,0.007468125,0.00460757,0.007468125,0.0069702566,0.007468125,0.0049366774,0.0060718795,0.00460757,0.005289292,0.0065055788,0.005667093,0.005289292,0.0069702566,0.00460757,0.005667093,0.005667093,0.00460757,0.005667093,0.007468125,0.007468125,0.00460757,0.0069702566,0.0060718795,0.0049366774,0.0069702566,0.0069702566,0.0065055788,0.00460757,0.007468125,0.0060718795,0.007468125,0.007468125,0.0065055788,0.007468125,0.0060718795,0.00460757,0.00460757,0.0065055788,0.007468125,0.005289292,0.0060718795,0.0069702566,0.005667093,0.0069702566,0.0049366774,0.00460757,0.0060718795,0.005289292,0.0060718795,0.0060718795,0.0049366774,0.00460757,0.005289292,0.005289292,0.007468125,0.007468125,0.007468125,0.00460757,0.005667093,0.005289292,0.0069702566,0.007468125,0.007468125,0.00460757,0.007468125,0.007468125,0.007468125,0.007468125,0,1
0.0065869633,0.007561551,0.007561551,0.007561551,0.0061478387,0.0070574544,0.007561551,0.0057379887,0.0065869633,0.0046652104,0.0057379887,0.0061478387,0.0046652104,0.0046652104,0.0046652104,0.0061478387,0.0070574544,0.0065869633,0.007561551,0.0061478387,0.0070574544,0.0070574544,0.0061478387,0.0061478387,0.0046652104,0.0046652104,0.0053554606,0.0061478387,0.0065869633,0.0046652104,0.0046652104,0.0057379887,0.007561551,0.0065869633,0.0046652104,0.0070574544,0.0061478387,0.0057379887,0.0046652104,0.007561551,0.0046652104,0.007561551,0.007561551,0.007561551,0.0061478387,0.007561551,0.0065869633,0.007561551,0.007561551,0.0070574544,0.0053554606,0.007561551,0.007561551,0.007561551,0.0046652104,0.007561551,0.0065869633,0.007561551,0.007561551,0.0061478387,0.0046652104,0.0070574544,0.0046652104,0.0046652104,0.0061478387,0.0057379887,0.0061478387,0.0046652104,0.0053554606,0.0057379887,0.0053554606,0.007561551,0.0046652104,0.004998435,0.0046652104,0.007561551,0.0061478387,0.007561551,0.007561551,0.007561551,0.007561551,0.0057379887,0.0046652104,0.0046652104,0.0053554606,0.0061478387,0.007561551,0.007561551,0.0057379887,0.0065869633,0.007561551,0.0065869633,0.007561551,0.0046652104,0.007561551,0.007561551,0.007561551,0.004998435,0.0061478387,0.0046652104,0.0053554606,0.007561551,0.0065869633,0.004998435,0.0053554606,0.0046652104,0.0061478387,0.0061478387,0.0046652104,0.0046652104,0.0070574544,0.007561551,0.0057379887,0.007561551,0.0070574544,0.0046652104,0.0065869633,0.007561551,0.007561551,0.0053554606,0.007561551,0.0070574544,0.007561551,0.007561551,0.0065869633,0.007561551,0.0070574544,0.0046652104,0.0046652104,0.0065869633,0.0057379887,0.0053554606,0.0061478387,0.0070574544,0.0065869633,0.0057379887,0.004998435,0.0046652104,0.0061478387,0.0053554606,0.0053554606,0.0065869633,0.0057379887,0.0046652104,0.0065869633,0.0053554606,0.007561551,0.007561551,0.007561551,0.0046652104,0.0046652104,0.0053554606,0.007561551,0.007561551,0.0061478387,0.0046652104,0.0065869633,0.007561551,0.007561551,0.004998435,1,1
0.006196629,0.0071134637,0.0076215607,0.0076215607,0.004702234,0.0050381036,0.006196629,0.006639239,0.0071134637,0.0076215607,0.0071134637,0.006639239,0.004702234,0.004702234,0.0076215607,0.0071134637,0.0071134637,0.005783526,0.006639239,0.0050381036,0.0071134637,0.0071134637,0.005783526,0.006196629,0.004702234,0.0076215607,0.006639239,0.0050381036,0.005783526,0.005783526,0.004702234,0.004702234,0.0076215607,0.0071134637,0.004702234,0.0053979624,0.0053979624,0.0076215607,0.0053979624,0.0053979624,0.004702234,0.006196629,0.0076215607,0.005783526,0.0076215607,0.006196629,0.0053979624,0.006639239,0.0076215607,0.0071134637,0.0053979624,0.0053979624,0.0071134637,0.0076215607,0.0050381036,0.0076215607,0.006196629,0.0076215607,0.0076215607,0.006639239,0.006639239,0.005783526,0.004702234,0.004702234,0.0076215607,0.0050381036,0.0053979624,0.0050381036,0.0053979624,0.006639239,0.0076215607,0.0050381036,0.0053979624,0.004702234,0.0076215607,0.0076215607,0.006196629,0.0076215607,0.0071134637,0.0071134637,0.004702234,0.005783526,0.0076215607,0.0076215607,0.006639239,0.004702234,0.006196629,0.0076215607,0.0071134637,0.004702234,0.0071134637,0.006639239,0.0076215607,0.004702234,0.0076215607,0.004702234,0.0053979624,0.005783526,0.006639239,0.0053979624,0.006639239,0.0076215607,0.006639239,0.0050381036,0.0071134637,0.004702234,0.0053979624,0.0053979624,0.004702234,0.0071134637,0.006639239,0.006639239,0.004702234,0.0071134637,0.006196629,0.005783526,0.006639239,0.0076215607,0.0071134637,0.0050381036,0.005783526,0.006196629,0.0076215607,0.0076215607,0.0053979624,0.006639239,0.006196629,0.005783526,0.0076215607,0.006639239,0.006196629,0.005783526,0.006639239,0.0071134637,0.0053979624,0.006639239,0.005783526,0.004702234,0.006196629,0.0071134637,0.0076215607,0.006639239,0.005783526,0.004702234,0.006196629,0.0050381036,0.0076215607,0.0076215607,0.0076215607,0.0050381036,0.0053979624,0.0053979624,0.006639239,0.0071134637,0.004702234,0.0076215607,0.005783526,0.005783526,0.0053979624,0.004702234,2,4
0.006034564,0.00795238,0.004906338,0.006465598,0.00692742,0.004906338,0.005256786,0.006465598,0.00795238,0.00795238,0.005632265,0.005256786,0.004906338,0.00795238,0.00795238,0.005632265,0.006465598,0.005256786,0.00795238,0.004906338,0.004906338,0.006034564,0.006034564,0.006465598,0.004906338,0.00692742,0.006465598,0.006465598,0.006034564,0.0074222283,0.00795238,0.006465598,0.004906338,0.006465598,0.00795238,0.005256786,0.006465598,0.004906338,0.006465598,0.005632265,0.004906338,0.00692742,0.0074222283,0.006034564,0.00795238,0.004906338,0.005256786,0.004906338,0.00692742,0.006465598,0.005632265,0.006034564,0.006465598,0.00795238,0.006465598,0.005256786,0.006465598,0.005256786,0.006465598,0.006465598,0.00692742,0.006034564,0.005256786,0.00692742,0.005632265,0.006034564,0.006465598,0.004906338,0.00795238,0.005256786,0.005256786,0.004906338,0.005632265,0.005632265,0.00795238,0.005632265,0.005256786,0.004906338,0.005256786,0.006034564,0.004906338,0.005256786,0.00795238,0.00795238,0.006465598,0.004906338,0.006034564,0.006465598,0.00692742,0.006034564,0.006034564,0.006465598,0.005256786,0.00795238,0.00795238,0.004906338,0.004906338,0.005632265,0.00795238,0.00795238,0.006034564,0.00692742,0.004906338,0.005256786,0.006465598,0.004906338,0.005632265,0.004906338,0.00795238,0.00795238,0.006034564,0.005256786,0.005256786,0.0074222283,0.00692742,0.006034564,0.00692742,0.006465598,0.006465598,0.004906338,0.005256786,0.005256786,0.004906338,0.0074222283,0.0074222283,0.004906338,0.00795238,0.005632265,0.00795238,0.0074222283,0.00795238,0.006034564,0.0074222283,0.0074222283,0.00692742,0.005632265,0.004906338,0.004906338,0.006465598,0.005632265,0.004906338,0.006034564,0.0074222283,0.00795238,0.00692742,0.005256786,0.00795238,0.00795238,0.00795238,0.00795238,0.005256786,0.005632265,0.00692742,0.0074222283,0.004906338,0.006034564,0.005632265,0.006465598,0.005632265,0.004906338,1,3
0.0069939825,0.0069939825,0.0074935453,0.0074935453,0.0046232534,0.0074935453,0.0074935453,0.0069939825,0.0074935453,0.005686383,0.0074935453,0.005686383,0.0046232534,0.0046232534,0.005307296,0.006527723,0.0069939825,0.005686383,0.0074935453,0.0060925474,0.0069939825,0.0069939825,0.005686383,0.005307296,0.0046232534,0.006527723,0.005307296,0.005686383,0.005307296,0.006527723,0.0074935453,0.0060925474,0.0074935453,0.0060925474,0.0046232534,0.0069939825,0.0060925474,0.005686383,0.0046232534,0.0069939825,0.0046232534,0.0074935453,0.0074935453,0.0074935453,0.0060925474,0.0074935453,0.0060925474,0.0074935453,0.0074935453,0.0069939825,0.005307296,0.0074935453,0.0074935453,0.0074935453,0.0046232534,0.0074935453,0.006527723,0.0074935453,0.0074935453,0.005686383,0.006527723,0.005686383,0.0046232534,0.004953481,0.0074935453,0.004953481,0.0060925474,0.004953481,0.005686383,0.0060925474,0.0060925474,0.0074935453,0.0046232534,0.005307296,0.0046232534,0.0074935453,0.0060925474,0.0074935453,0.0074935453,0.0074935453,0.0074935453,0.0046232534,0.0046232534,0.0046232534,0.0046232534,0.0074935453,0.0074935453,0.0074935453,0.0046232534,0.0074935453,0.0074935453,0.006527723,0.0074935453,0.0046232534,0.0074935453,0.0074935453,0.0074935453,0.0046232534,0.0060925474,0.0046232534,0.005686383,0.0074935453,0.0060925474,0.004953481,0.006527723,0.0046232534,0.0060925474,0.005686383,0.0046232534,0.005307296,0.0074935453,0.0074935453,0.0046232534,0.0069939825,0.0069939825,0.004953481,0.0069939825,0.0074935453,0.0074935453,0.005307296,0.0074935453,0.006527723,0.0074935453,0.0074935453,0.0074935453,0.0074935453,0.0060925474,0.0046232534,0.0046232534,0.0060925474,0.006527723,0.005307296,0.006527723,0.0069939825,0.0060925474,0.006527723,0.004953481,0.0046232534,0.0060925474,0.005686383,0.006527723,0.0060925474,0.005307296,0.0046232534,0.005686383,0.005686383,0.0074935453,0.0074935453,0.0074935453,0.0046232534,0.005307296,0.005307296,0.006527723,0.0074935453,0.0074935453,0.0060925474,0.004953481,0.005686383,0.005686383,0.0046232534,2,0
0.006628335,0.0076090437,0.0076090437,0.0076090437,0.0046945116,0.007101781,0.0076090437,0.0057740277,0.006628335,0.0046945116,0.0053890976,0.006186452,0.0046945116,0.0046945116,0.0046945116,0.006186452,0.007101781,0.006628335,0.0076090437,0.006186452,0.007101781,0.007101781,0.0057740277,0.006186452,0.0046945116,0.0046945116,0.0053890976,0.006186452,0.006186452,0.0046945116,0.0046945116,0.006186452,0.0076090437,0.006628335,0.0046945116,0.007101781,0.006186452,0.0057740277,0.0046945116,0.0076090437,0.0046945116,0.0076090437,0.0076090437,0.0076090437,0.006186452,0.0076090437,0.007101781,0.0076090437,0.0076090437,0.0076090437,0.0053890976,0.0076090437,0.0076090437,0.0076090437,0.0046945116,0.0076090437,0.006628335,0.0076090437,0.0076090437,0.006186452,0.0046945116,0.006186452,0.0046945116,0.0046945116,0.0053890976,0.006186452,0.006186452,0.0053890976,0.006186452,0.006186452,0.0053890976,0.0076090437,0.0046945116,0.005029829,0.0046945116,0.0076090437,0.006186452,0.0076090437,0.0076090437,0.0076090437,0.0076090437,0.0053890976,0.0046945116,0.0046945116,0.0046945116,0.0046945116,0.0076090437,0.0076090437,0.0057740277,0.0046945116,0.0076090437,0.006628335,0.0076090437,0.0046945116,0.0076090437,0.0076090437,0.0076090437,0.0046945116,0.006186452,0.0046945116,0.0053890976,0.0076090437,0.006628335,0.005029829,0.0053890976,0.0046945116,0.006186452,0.0057740277,0.0046945116,0.0046945116,0.006628335,0.0076090437,0.0053890976,0.0076090437,0.0057740277,0.0046945116,0.006628335,0.0076090437,0.0076090437,0.006628335,0.0076090437,0.007101781,0.0076090437,0.007101781,0.0076090437,0.0076090437,0.0076090437,0.0046945116,0.0046945116,0.006186452,0.006186452,0.0053890976,0.005029829,0.006186452,0.005029829,0.0057740277,0.005029829,0.0046945116,0.006186452,0.0053890976,0.0053890976,0.006628335,0.0057740277,0.0046945116,0.007101781,0.006628335,0.0076090437,0.0076090437,0.0076090437,0.0046945116,0.0046945116,0.0053890976,0.0076090437,0.0076090437,0.006628335,0.0046945116,0.007101781,0.0076090437,0.0076090437,0.0057740277,1,1
0.0047947597,0.0063185594,0.0067698783,0.0077715293,0.0047947597,0.0072534345,0.0077715293,0.0067698783,0.0077715293,0.005897328,0.0072534345,0.0067698783,0.0051372377,0.0047947597,0.0077715293,0.0072534345,0.0072534345,0.0055041774,0.0077715293,0.005897328,0.0077715293,0.0072534345,0.0051372377,0.0051372377,0.0047947597,0.0077715293,0.0055041774,0.0047947597,0.0047947597,0.0077715293,0.0067698783,0.005897328,0.005897328,0.0067698783,0.0077715293,0.005897328,0.0055041774,0.0077715293,0.0055041774,0.0072534345,0.0047947597,0.005897328,0.0077715293,0.0055041774,0.0077715293,0.0051372377,0.0047947597,0.005897328,0.0047947597,0.005897328,0.005897328,0.005897328,0.0047947597,0.0051372377,0.0055041774,0.0063185594,0.0047947597,0.0047947597,0.0051372377,0.0077715293,0.0077715293,0.005897328,0.0047947597,0.0047947597,0.0077715293,0.0051372377,0.005897328,0.0055041774,0.005897328,0.0067698783,0.0077715293,0.0077715293,0.0055041774,0.0051372377,0.0047947597,0.0077715293,0.005897328,0.0072534345,0.0047947597,0.005897328,0.0047947597,0.0051372377,0.0077715293,0.0077715293,0.0067698783,0.0047947597,0.0051372377,0.0063185594,0.0072534345,0.005897328,0.0063185594,0.0067698783,0.0077715293,0.0047947597,0.0077715293,0.005897328,0.0047947597,0.0055041774,0.0063185594,0.0077715293,0.0077715293,0.0067698783,0.005897328,0.0047947597,0.005897328,0.0051372377,0.0055041774,0.0055041774,0.0047947597,0.0077715293,0.0077715293,0.0077715293,0.0047947597,0.0051372377,0.0067698783,0.0063185594,0.0067698783,0.0077715293,0.0051372377,0.0055041774,0.0055041774,0.0051372377,0.0077715293,0.0077715293,0.0055041774,0.0063185594,0.0072534345,0.0063185594,0.0077715293,0.0063185594,0.0077715293,0.0055041774,0.0063185594,0.0067698783,0.0072534345,0.0077715293,0.0063185594,0.0047947597,0.0077715293,0.0067698783,0.0055041774,0.005897328,0.005897328,0.0055041774,0.005897328,0.0063185594,0.0077715293,0.0077715293,0.0077715293,0.0047947597,0.0047947597,0.0055041774,0.0067698783,0.0072534345,0.0067698783,0.0077715293,0.0063185594,0.0055041774,0.0055041774,0.0047947597,3,1
0.00552474,0.00552474,0.006795169,0.007800562,0.004812672,0.006795169,0.006342164,0.006795169,0.006795169,0.006342164,0.007800562,0.006795169,0.005156429,0.006795169,0.007800562,0.006342164,0.0072805313,0.005919359,0.007800562,0.005156429,0.007800562,0.0072805313,0.005156429,0.006342164,0.004812672,0.005919359,0.00552474,0.00552474,0.006342164,0.00552474,0.006795169,0.00552474,0.004812672,0.005156429,0.006795169,0.005919359,0.006342164,0.007800562,0.004812672,0.00552474,0.005156429,0.007800562,0.006795169,0.005156429,0.007800562,0.0072805313,0.005919359,0.0072805313,0.007800562,0.005919359,0.005919359,0.005919359,0.00552474,0.007800562,0.00552474,0.004812672,0.005919359,0.005919359,0.006342164,0.004812672,0.006342164,0.006342164,0.005919359,0.00552474,0.006342164,0.005156429,0.005919359,0.005156429,0.006795169,0.00552474,0.00552474,0.007800562,0.005156429,0.004812672,0.006342164,0.004812672,0.005919359,0.00552474,0.006795169,0.004812672,0.006342164,0.006342164,0.007800562,0.007800562,0.005919359,0.004812672,0.005919359,0.007800562,0.0072805313,0.005919359,0.005919359,0.005919359,0.004812672,0.005919359,0.006795169,0.006342164,0.004812672,0.006795169,0.006342164,0.006795169,0.007800562,0.007800562,0.006795169,0.005156429,0.00552474,0.006342164,0.00552474,0.006342164,0.007800562,0.007800562,0.006795169,0.007800562,0.00552474,0.007800562,0.006342164,0.005919359,0.006795169,0.007800562,0.006342164,0.006342164,0.004812672,0.00552474,0.007800562,0.007800562,0.005156429,0.006342164,0.0072805313,0.005919359,0.006795169,0.0072805313,0.005919359,0.00552474,0.006342164,0.00552474,0.004812672,0.006795169,0.005919359,0.004812672,0.006342164,0.0072805313,0.006795169,0.0072805313,0.006342164,0.005919359,0.00552474,0.005156429,0.007800562,0.007800562,0.007800562,0.005156429,0.004812672,0.005919359,0.006342164,0.006795169,0.004812672,0.00552474,0.00552474,0.006795169,0.006342164,0.004812672,3,1
0.00618466,0.0066264146,0.0076068393,0.0076068393,0.004693152,0.0053875363,0.0076068393,0.0066264146,0.0076068393,0.0076068393,0.00618466,0.00618466,0.004693152,0.004693152,0.0076068393,0.0076068393,0.0053875363,0.005028372,0.0076068393,0.00618466,0.0076068393,0.0070997234,0.005028372,0.005028372,0.004693152,0.0076068393,0.0053875363,0.004693152,0.005028372,0.0066264146,0.005028372,0.00618466,0.0076068393,0.0070997234,0.004693152,0.0066264146,0.005772355,0.0066264146,0.004693152,0.00618466,0.004693152,0.00618466,0.0076068393,0.0053875363,0.0076068393,0.0070997234,0.00618466,0.0076068393,0.0076068393,0.0076068393,0.005772355,0.005772355,0.00618466,0.00618466,0.0053875363,0.0076068393,0.00618466,0.0076068393,0.0066264146,0.00618466,0.00618466,0.0053875363,0.0053875363,0.005028372,0.0076068393,0.005028372,0.005772355,0.004693152,0.0053875363,0.0066264146,0.0070997234,0.0076068393,0.0053875363,0.005028372,0.00618466,0.0076068393,0.00618466,0.0076068393,0.0076068393,0.0070997234,0.004693152,0.004693152,0.0076068393,0.0070997234,0.0066264146,0.0066264146,0.0070997234,0.0076068393,0.005772355,0.004693152,0.005772355,0.0066264146,0.0076068393,0.004693152,0.0076068393,0.0070997234,0.0066264146,0.005772355,0.00618466,0.004693152,0.0076068393,0.0066264146,0.0053875363,0.005028372,0.005028372,0.0066264146,0.0053875363,0.00618466,0.004693152,0.0076068393,0.00618466,0.0076068393,0.004693152,0.0066264146,0.0066264146,0.005772355,0.0066264146,0.0076068393,0.0076068393,0.005028372,0.005772355,0.005772355,0.0076068393,0.0076068393,0.0053875363,0.00618466,0.0076068393,0.0053875363,0.0066264146,0.00618466,0.0076068393,0.0053875363,0.005772355,0.0070997234,0.005028372,0.005772355,0.00618466,0.0053875363,0.0070997234,0.0053875363,0.00618466,0.0066264146,0.005028372,0.004693152,0.005772355,0.005028372,0.0076068393,0.0076068393,0.0076068393,0.005028372,0.005772355,0.0053875363,0.00618466,0.0066264146,0.00618466,0.0076068393,0.00618466,0.00618466,0.0053875363,0.005028372,2,1
0.006870702,0.00788727,0.006412661,0.0059851566,0.0059851566,0.006870702,0.0073614595,0.004866168,0.004866168,0.00788727,0.00788727,0.006870702,0.004866168,0.0052137463,0.00788727,0.006870702,0.0073614595,0.0052137463,0.0052137463,0.0052137463,0.00788727,0.006412661,0.0052137463,0.004866168,0.005586151,0.00788727,0.005586151,0.004866168,0.005586151,0.00788727,0.006870702,0.004866168,0.004866168,0.006870702,0.00788727,0.006412661,0.0059851566,0.006412661,0.0052137463,0.0073614595,0.004866168,0.0059851566,0.00788727,0.0059851566,0.00788727,0.0073614595,0.006412661,0.0059851566,0.004866168,0.006412661,0.00788727,0.0059851566,0.00788727,0.004866168,0.00788727,0.0052137463,0.006412661,0.004866168,0.004866168,0.0052137463,0.0073614595,0.006412661,0.006412661,0.004866168,0.0073614595,0.0052137463,0.0059851566,0.0059851566,0.004866168,0.0052137463,0.0073614595,0.00788727,0.005586151,0.005586151,0.0059851566,0.0073614595,0.006412661,0.004866168,0.0052137463,0.004866168,0.0052137463,0.006412661,0.0073614595,0.005586151,0.005586151,0.004866168,0.004866168,0.0052137463,0.006870702,0.0059851566,0.0059851566,0.006870702,0.004866168,0.00788727,0.00788727,0.006870702,0.004866168,0.006870702,0.004866168,0.00788727,0.0073614595,0.006412661,0.0059851566,0.005586151,0.0073614595,0.00788727,0.0073614595,0.006412661,0.004866168,0.00788727,0.00788727,0.0073614595,0.0059851566,0.0052137463,0.006870702,0.00788727,0.006412661,0.004866168,0.0052137463,0.004866168,0.004866168,0.0052137463,0.004866168,0.004866168,0.0052137463,0.0052137463,0.00788727,0.004866168,0.006870702,0.0059851566,0.0073614595,0.005586151,0.006412661,0.006412661,0.006412661,0.006870702,0.0059851566,0.00788727,0.0059851566,0.006412661,0.006412661,0.006870702,0.0059851566,0.0073614595,0.005586151,0.006870702,0.00788727,0.00788727,0.00788727,0.0059851566,0.0059851566,0.005586151,0.004866168,0.0059851566,0.00788727,0.00788727,0.006412661,0.004866168,0.005586151,0.004866168,1,0
0.007526974,0.007526974,0.007526974,0.007526974,0.004643878,0.0070251827,0.007526974,0.0065568434,0.007526974,0.004643878,0.0070251827,0.0065568434,0.004643878,0.004643878,0.004643878,0.0057117506,0.006119726,0.0065568434,0.007526974,0.0057117506,0.0070251827,0.0070251827,0.006119726,0.0065568434,0.004643878,0.005330972,0.006119726,0.006119726,0.0057117506,0.004643878,0.0057117506,0.0057117506,0.007526974,0.0065568434,0.004643878,0.0070251827,0.005330972,0.0065568434,0.005330972,0.0065568434,0.0057117506,0.007526974,0.007526974,0.007526974,0.006119726,0.0070251827,0.0065568434,0.007526974,0.007526974,0.0070251827,0.005330972,0.007526974,0.0070251827,0.007526974,0.0049755787,0.007526974,0.0065568434,0.007526974,0.007526974,0.0057117506,0.0057117506,0.0049755787,0.004643878,0.004643878,0.007526974,0.006119726,0.006119726,0.0049755787,0.0057117506,0.006119726,0.0065568434,0.007526974,0.005330972,0.005330972,0.004643878,0.007526974,0.006119726,0.007526974,0.007526974,0.007526974,0.007526974,0.0049755787,0.004643878,0.004643878,0.004643878,0.0065568434,0.006119726,0.007526974,0.0057117506,0.0070251827,0.007526974,0.0065568434,0.007526974,0.004643878,0.007526974,0.0065568434,0.007526974,0.005330972,0.006119726,0.004643878,0.0049755787,0.006119726,0.0057117506,0.005330972,0.005330972,0.004643878,0.0057117506,0.006119726,0.004643878,0.0057117506,0.0070251827,0.007526974,0.005330972,0.007526974,0.0065568434,0.0049755787,0.0065568434,0.007526974,0.007526974,0.005330972,0.007526974,0.0070251827,0.007526974,0.007526974,0.007526974,0.0070251827,0.0065568434,0.0049755787,0.0049755787,0.006119726,0.0070251827,0.005330972,0.005330972,0.006119726,0.005330972,0.005330972,0.0049755787,0.004643878,0.0065568434,0.005330972,0.0057117506,0.0065568434,0.005330972,0.004643878,0.006119726,0.0065568434,0.007526974,0.007526974,0.007526974,0.004643878,0.005330972,0.005330972,0.007526974,0.007526974,0.006119726,0.004643878,0.0070251827,0.007526974,0.007526974,0.006119726,0,3
0.007462103,0.007462103,0.007462103,0.007462103,0.0049326965,0.006964636,0.007462103,0.006500333,0.006964636,0.0046038544,0.007462103,0.006500333,0.0046038544,0.0046038544,0.0046038544,0.007462103,0.006500333,0.0049326965,0.007462103,0.0060669836,0.007462103,0.006964636,0.0052850265,0.0052850265,0.0046038544,0.007462103,0.0052850265,0.0046038544,0.0056625237,0.007462103,0.007462103,0.0060669836,0.007462103,0.0056625237,0.0046038544,0.006500333,0.0052850265,0.006500333,0.0052850265,0.007462103,0.0049326965,0.007462103,0.007462103,0.007462103,0.0046038544,0.007462103,0.006500333,0.007462103,0.007462103,0.007462103,0.0056625237,0.007462103,0.006964636,0.007462103,0.0049326965,0.007462103,0.006500333,0.007462103,0.007462103,0.0060669836,0.007462103,0.0049326965,0.0046038544,0.0049326965,0.007462103,0.0060669836,0.0060669836,0.0049326965,0.0056625237,0.0060669836,0.006500333,0.007462103,0.0046038544,0.0052850265,0.0046038544,0.007462103,0.0056625237,0.0060669836,0.006500333,0.007462103,0.007462103,0.0046038544,0.0046038544,0.0046038544,0.0046038544,0.007462103,0.006500333,0.007462103,0.0046038544,0.006964636,0.007462103,0.006500333,0.007462103,0.0046038544,0.007462103,0.007462103,0.007462103,0.0046038544,0.0060669836,0.0046038544,0.0052850265,0.0056625237,0.0060669836,0.0056625237,0.006964636,0.0046038544,0.0052850265,0.0052850265,0.0046038544,0.006964636,0.006964636,0.007462103,0.0046038544,0.006964636,0.006500333,0.0049326965,0.006964636,0.007462103,0.007462103,0.0060669836,0.006964636,0.0060669836,0.007462103,0.007462103,0.006964636,0.006500333,0.006500333,0.0056625237,0.0060669836,0.0060669836,0.007462103,0.0052850265,0.006500333,0.006500333,0.006964636,0.006500333,0.0052850265,0.0046038544,0.0060669836,0.0052850265,0.006500333,0.006500333,0.0052850265,0.0046038544,0.0056625237,0.006500333,0.007462103,0.007462103,0.007462103,0.0046038544,0.0056625237,0.0052850265,0.006964636,0.007462103,0.006964636,0.0046038544,0.0060669836,0.0060669836,0.0060669836,0.006964636,0,0
0.006179316,0.0066206898,0.007600267,0.007600267,0.004689097,0.006179316,0.007600267,0.0066206898,0.007600267,0.005382881,0.0066206898,0.0066206898,0.005382881,0.004689097,0.005767368,0.0070935893,0.005767368,0.005767368,0.007600267,0.005382881,0.007600267,0.0070935893,0.0050240275,0.005382881,0.004689097,0.007600267,0.005382881,0.0050240275,0.004689097,0.007600267,0.007600267,0.006179316,0.0070935893,0.006179316,0.006179316,0.004689097,0.004689097,0.007600267,0.0050240275,0.005382881,0.004689097,0.006179316,0.007600267,0.005382881,0.007600267,0.005767368,0.004689097,0.007600267,0.004689097,0.005382881,0.005767368,0.006179316,0.007600267,0.004689097,0.005382881,0.006179316,0.004689097,0.007600267,0.006179316,0.0050240275,0.007600267,0.005382881,0.0066206898,0.004689097,0.007600267,0.0050240275,0.005382881,0.005767368,0.006179316,0.0066206898,0.007600267,0.007600267,0.005382881,0.0050240275,0.0050240275,0.006179316,0.005382881,0.007600267,0.006179316,0.005767368,0.005382881,0.0050240275,0.007600267,0.007600267,0.0066206898,0.0066206898,0.005382881,0.007600267,0.0070935893,0.005767368,0.005767368,0.0066206898,0.007600267,0.004689097,0.007600267,0.0070935893,0.0050240275,0.0066206898,0.006179316,0.0070935893,0.007600267,0.0066206898,0.006179316,0.006179316,0.0050240275,0.0066206898,0.005382881,0.007600267,0.004689097,0.007600267,0.005767368,0.0070935893,0.0066206898,0.0070935893,0.005767368,0.005767368,0.0066206898,0.007600267,0.007600267,0.005382881,0.005767368,0.0050240275,0.007600267,0.007600267,0.005382881,0.006179316,0.0066206898,0.006179316,0.007600267,0.006179316,0.007600267,0.005382881,0.006179316,0.0070935893,0.0066206898,0.0066206898,0.006179316,0.005767368,0.007600267,0.005767368,0.007600267,0.005767368,0.006179316,0.005382881,0.006179316,0.0050240275,0.007600267,0.007600267,0.007600267,0.004689097,0.005382881,0.005382881,0.0066206898,0.0070935893,0.006179316,0.007600267,0.006179316,0.006179316,0.005382881,0.004689097,2,2
0.0049210605,0.0056491653,0.0049210605,0.0049210605,0.007976242,0.007976242,0.0074445,0.00527256,0.007976242,0.007976242,0.0074445,0.0069482066,0.0056491653,0.0049210605,0.0056491653,0.0074445,0.0074445,0.00527256,0.0056491653,0.00527256,0.00527256,0.0056491653,0.0056491653,0.0049210605,0.0049210605,0.007976242,0.0056491653,0.0049210605,0.0049210605,0.007976242,0.007976242,0.0056491653,0.0049210605,0.006484999,0.007976242,0.0056491653,0.006484999,0.006484999,0.00527256,0.0074445,0.0049210605,0.00527256,0.0056491653,0.00527256,0.0069482066,0.007976242,0.006052672,0.0049210605,0.0049210605,0.006484999,0.006484999,0.006052672,0.0049210605,0.0049210605,0.007976242,0.0049210605,0.006484999,0.00527256,0.0049210605,0.00527256,0.007976242,0.0056491653,0.006484999,0.00527256,0.0069482066,0.00527256,0.006052672,0.0056491653,0.00527256,0.0074445,0.007976242,0.007976242,0.0056491653,0.0056491653,0.00527256,0.007976242,0.006484999,0.0049210605,0.0049210605,0.0049210605,0.0049210605,0.006052672,0.0056491653,0.0069482066,0.007976242,0.0049210605,0.0049210605,0.00527256,0.0074445,0.006052672,0.006052672,0.0069482066,0.0049210605,0.007976242,0.007976242,0.0069482066,0.0049210605,0.0069482066,0.0056491653,0.007976242,0.0069482066,0.0069482066,0.0074445,0.006052672,0.0074445,0.007976242,0.0069482066,0.006484999,0.0049210605,0.007976242,0.007976242,0.007976242,0.006484999,0.0049210605,0.006484999,0.007976242,0.006484999,0.0049210605,0.0056491653,0.0049210605,0.0056491653,0.00527256,0.0049210605,0.0049210605,0.0056491653,0.006052672,0.006484999,0.0049210605,0.006484999,0.007976242,0.007976242,0.0056491653,0.0074445,0.0069482066,0.0069482066,0.007976242,0.006052672,0.0056491653,0.006052672,0.007976242,0.0049210605,0.0056491653,0.0074445,0.0056491653,0.006052672,0.0069482066,0.0074445,0.006484999,0.007976242,0.0049210605,0.006052672,0.0056491653,0.006052672,0.006052672,0.007976242,0.007976242,0.006484999,0.0049210605,0.0056491653,0.0049210605,4,0
0.006146144,0.007559467,0.007559467,0.007559467,0.0046639247,0.0070555094,0.007559467,0.006585148,0.0070555094,0.0046639247,0.006146144,0.005353985,0.0046639247,0.0046639247,0.0046639247,0.0057364074,0.006146144,0.006585148,0.007559467,0.006146144,0.007559467,0.0070555094,0.0046639247,0.0049970574,0.0046639247,0.005353985,0.005353985,0.006146144,0.006146144,0.006585148,0.006146144,0.006146144,0.007559467,0.006146144,0.0046639247,0.005353985,0.005353985,0.0057364074,0.0046639247,0.007559467,0.006585148,0.007559467,0.007559467,0.007559467,0.0046639247,0.007559467,0.0070555094,0.007559467,0.007559467,0.0070555094,0.005353985,0.007559467,0.0070555094,0.007559467,0.0046639247,0.007559467,0.006585148,0.007559467,0.007559467,0.0057364074,0.006585148,0.005353985,0.0049970574,0.0046639247,0.007559467,0.0049970574,0.006146144,0.005353985,0.0057364074,0.0070555094,0.006146144,0.007559467,0.0046639247,0.0049970574,0.0046639247,0.007559467,0.006146144,0.007559467,0.007559467,0.007559467,0.007559467,0.0046639247,0.0046639247,0.0046639247,0.0046639247,0.0070555094,0.007559467,0.007559467,0.0057364074,0.007559467,0.007559467,0.006585148,0.007559467,0.0046639247,0.007559467,0.007559467,0.007559467,0.0049970574,0.006146144,0.0046639247,0.0057364074,0.006585148,0.0070555094,0.0057364074,0.0070555094,0.0046639247,0.0057364074,0.006146144,0.0046639247,0.005353985,0.006585148,0.007559467,0.0049970574,0.007559467,0.0057364074,0.005353985,0.006585148,0.007559467,0.007559467,0.0046639247,0.006585148,0.006585148,0.007559467,0.007559467,0.006585148,0.007559467,0.007559467,0.0046639247,0.005353985,0.006585148,0.007559467,0.005353985,0.0049970574,0.0057364074,0.005353985,0.0070555094,0.005353985,0.0049970574,0.006585148,0.005353985,0.005353985,0.006585148,0.006146144,0.0046639247,0.006585148,0.005353985,0.007559467,0.007559467,0.007559467,0.0046639247,0.0046639247,0.005353985,0.007559467,0.007559467,0.006146144,0.0057364074,0.006146144,0.006585148,0.006146144,0.0049970574,1,1
0.006973711,0.006508803,0.00800552,0.00800552,0.006508803,0.005291913,0.005291913,0.004939124,0.004939124,0.00800552,0.006508803,0.005291913,0.004939124,0.006508803,0.00800552,0.005291913,0.006508803,0.006508803,0.004939124,0.006508803,0.0056699016,0.006508803,0.006508803,0.005291913,0.006508803,0.0074718264,0.006074889,0.006508803,0.004939124,0.00800552,0.00800552,0.0056699016,0.004939124,0.006973711,0.00800552,0.005291913,0.006508803,0.0056699016,0.0056699016,0.006973711,0.004939124,0.006074889,0.00800552,0.006973711,0.00800552,0.00800552,0.0074718264,0.004939124,0.004939124,0.00800552,0.006074889,0.005291913,0.0074718264,0.004939124,0.00800552,0.004939124,0.006973711,0.004939124,0.004939124,0.0074718264,0.00800552,0.006074889,0.0056699016,0.0056699016,0.00800552,0.006508803,0.0074718264,0.006074889,0.004939124,0.004939124,0.006508803,0.005291913,0.004939124,0.005291913,0.006508803,0.004939124,0.006508803,0.004939124,0.005291913,0.005291913,0.004939124,0.005291913,0.0074718264,0.0074718264,0.00800552,0.004939124,0.004939124,0.004939124,0.006074889,0.006074889,0.006074889,0.006973711,0.004939124,0.00800552,0.00800552,0.006074889,0.004939124,0.006508803,0.006508803,0.00800552,0.006508803,0.006973711,0.006973711,0.004939124,0.0074718264,0.00800552,0.0074718264,0.0056699016,0.004939124,0.00800552,0.00800552,0.0056699016,0.006074889,0.004939124,0.006973711,0.006074889,0.006973711,0.005291913,0.006074889,0.004939124,0.006074889,0.0056699016,0.005291913,0.006074889,0.004939124,0.004939124,0.005291913,0.006973711,0.00800552,0.004939124,0.006508803,0.006074889,0.0074718264,0.0074718264,0.006973711,0.006973711,0.006074889,0.006508803,0.004939124,0.00800552,0.006074889,0.006508803,0.006074889,0.006508803,0.0074718264,0.004939124,0.004939124,0.004939124,0.004939124,0.006508803,0.005291913,0.0056699016,0.006973711,0.006973711,0.00800552,0.004939124,0.006074889,0.0056699016,0.0056699016,0.006508803,2,4
0.004921992,0.0052735577,0.0069495216,0.007977752,0.004921992,0.0052735577,0.004921992,0.0069495216,0.007445909,0.007977752,0.005650235,0.0052735577,0.0064862263,0.004921992,0.007977752,0.007445909,0.0052735577,0.0069495216,0.007977752,0.004921992,0.004921992,0.007445909,0.0064862263,0.0064862263,0.004921992,0.0060538175,0.005650235,0.0064862263,0.007445909,0.005650235,0.0064862263,0.0064862263,0.007977752,0.0069495216,0.007977752,0.005650235,0.004921992,0.0060538175,0.004921992,0.005650235,0.004921992,0.0064862263,0.007445909,0.0060538175,0.007977752,0.004921992,0.004921992,0.007977752,0.0052735577,0.0069495216,0.005650235,0.005650235,0.0064862263,0.004921992,0.005650235,0.0052735577,0.004921992,0.007977752,0.0060538175,0.0069495216,0.0060538175,0.0060538175,0.007445909,0.004921992,0.007977752,0.0064862263,0.005650235,0.005650235,0.004921992,0.005650235,0.004921992,0.004921992,0.005650235,0.0052735577,0.007977752,0.004921992,0.0052735577,0.007977752,0.005650235,0.004921992,0.004921992,0.004921992,0.007977752,0.007977752,0.007977752,0.004921992,0.004921992,0.007445909,0.0069495216,0.0060538175,0.0060538175,0.0069495216,0.007977752,0.004921992,0.007977752,0.004921992,0.004921992,0.007977752,0.0060538175,0.007445909,0.0060538175,0.0060538175,0.0069495216,0.005650235,0.007977752,0.004921992,0.005650235,0.0069495216,0.005650235,0.007977752,0.0052735577,0.005650235,0.005650235,0.0060538175,0.0069495216,0.005650235,0.0069495216,0.007977752,0.005650235,0.004921992,0.0052735577,0.0052735577,0.007977752,0.007977752,0.0052735577,0.004921992,0.007445909,0.0069495216,0.007977752,0.0069495216,0.0060538175,0.005650235,0.007445909,0.007445909,0.0052735577,0.005650235,0.005650235,0.004921992,0.0064862263,0.005650235,0.004921992,0.005650235,0.007445909,0.005650235,0.0069495216,0.0052735577,0.007977752,0.007977752,0.007977752,0.007977752,0.0052735577,0.005650235,0.007445909,0.007977752,0.004921992,0.004921992,0.004921992,0.007977752,0.0064862263,0.005650235,3,2
0.0048781615,0.0052265963,0.005999908,0.00790671,0.0048781615,0.0052265963,0.00790671,0.0068876357,0.007379603,0.00790671,0.0055999192,0.0052265963,0.0048781615,0.00790671,0.00790671,0.0052265963,0.005999908,0.0052265963,0.00790671,0.0055999192,0.0048781615,0.0068876357,0.005999908,0.0055999192,0.0048781615,0.0068876357,0.0055999192,0.006428466,0.005999908,0.00790671,0.00790671,0.005999908,0.0048781615,0.0068876357,0.00790671,0.005999908,0.006428466,0.0048781615,0.006428466,0.0055999192,0.0052265963,0.0068876357,0.00790671,0.005999908,0.00790671,0.007379603,0.005999908,0.0068876357,0.00790671,0.0055999192,0.005999908,0.0048781615,0.0052265963,0.00790671,0.0055999192,0.0052265963,0.005999908,0.0055999192,0.007379603,0.0048781615,0.006428466,0.0052265963,0.0052265963,0.0068876357,0.006428466,0.006428466,0.005999908,0.0048781615,0.007379603,0.0055999192,0.0048781615,0.006428466,0.0055999192,0.0055999192,0.00790671,0.0048781615,0.0052265963,0.0052265963,0.006428466,0.0052265963,0.006428466,0.006428466,0.00790671,0.00790671,0.00790671,0.0048781615,0.005999908,0.00790671,0.0068876357,0.005999908,0.005999908,0.0048781615,0.0048781615,0.00790671,0.0048781615,0.0052265963,0.0048781615,0.0052265963,0.00790671,0.005999908,0.0068876357,0.006428466,0.0055999192,0.0048781615,0.00790671,0.0052265963,0.0055999192,0.007379603,0.0068876357,0.00790671,0.007379603,0.006428466,0.0055999192,0.007379603,0.0068876357,0.005999908,0.0068876357,0.0068876357,0.005999908,0.0048781615,0.0052265963,0.0052265963,0.0048781615,0.00790671,0.0052265963,0.0055999192,0.00790671,0.0068876357,0.00790671,0.0068876357,0.0068876357,0.0055999192,0.007379603,0.007379603,0.0052265963,0.005999908,0.0048781615,0.0052265963,0.007379603,0.0055999192,0.0048781615,0.0052265963,0.007379603,0.00790671,0.0055999192,0.0048781615,0.00790671,0.00790671,0.00790671,0.007379603,0.0055999192,0.0055999192,0.0068876357,0.007379603,0.0052265963,0.006428466,0.005999908,0.0055999192,0.0048781615,0.0052265963,3,3
0.007894859,0.005990915,0.0048708497,0.0048708497,0.007894859,0.005990915,0.007368542,0.0064188307,0.007894859,0.007894859,0.007368542,0.005990915,0.0052187624,0.0052187624,0.0064188307,0.006877312,0.007368542,0.0052187624,0.0055915257,0.0052187624,0.0055915257,0.007368542,0.0052187624,0.0048708497,0.0064188307,0.006877312,0.0064188307,0.005990915,0.0048708497,0.007894859,0.007894859,0.0055915257,0.0048708497,0.0064188307,0.007894859,0.0048708497,0.0064188307,0.005990915,0.0055915257,0.006877312,0.0048708497,0.0064188307,0.007368542,0.0064188307,0.007894859,0.007894859,0.0064188307,0.0048708497,0.0048708497,0.007894859,0.005990915,0.0048708497,0.0064188307,0.0048708497,0.006877312,0.0048708497,0.006877312,0.0052187624,0.0048708497,0.007368542,0.007894859,0.0052187624,0.005990915,0.0048708497,0.0064188307,0.0052187624,0.005990915,0.005990915,0.0055915257,0.0064188307,0.006877312,0.007368542,0.0055915257,0.0052187624,0.007368542,0.0055915257,0.0055915257,0.0048708497,0.0055915257,0.005990915,0.0048708497,0.0048708497,0.0052187624,0.006877312,0.007894859,0.0048708497,0.0048708497,0.0052187624,0.006877312,0.005990915,0.005990915,0.006877312,0.0048708497,0.007894859,0.007894859,0.006877312,0.0048708497,0.006877312,0.0064188307,0.007894859,0.006877312,0.006877312,0.007368542,0.005990915,0.007368542,0.007894859,0.007368542,0.0064188307,0.0048708497,0.007894859,0.007894859,0.007368542,0.005990915,0.0048708497,0.0064188307,0.005990915,0.006877312,0.0048708497,0.0064188307,0.0048708497,0.0052187624,0.005990915,0.0055915257,0.007894859,0.0055915257,0.0055915257,0.0064188307,0.0048708497,0.0055915257,0.007368542,0.005990915,0.0055915257,0.007368542,0.006877312,0.0064188307,0.006877312,0.0055915257,0.007368542,0.0055915257,0.007894859,0.0048708497,0.0055915257,0.006877312,0.0055915257,0.007368542,0.005990915,0.007894859,0.0048708497,0.0048708497,0.006877312,0.005990915,0.0055915257,0.006877312,0.007894859,0.007894859,0.007894859,0.0064188307,0.0055915257,0.0055915257,0.0048708497,0,4
0.005022502,0.005022502,0.0061774403,0.008140663,0.005022502,0.005381247,0.005022502,0.007091435,0.007597959,0.008140663,0.005765616,0.0061774403,0.007091435,0.005022502,0.008140663,0.005022502,0.006618679,0.0061774403,0.008140663,0.005022502,0.005022502,0.0061774403,0.0061774403,0.006618679,0.005022502,0.005022502,0.005765616,0.006618679,0.006618679,0.005022502,0.006618679,0.006618679,0.0061774403,0.007597959,0.006618679,0.0061774403,0.006618679,0.005022502,0.008140663,0.005765616,0.005022502,0.006618679,0.007091435,0.0061774403,0.008140663,0.0061774403,0.005381247,0.0061774403,0.005381247,0.008140663,0.006618679,0.005022502,0.006618679,0.005765616,0.008140663,0.005022502,0.005022502,0.008140663,0.005765616,0.008140663,0.005022502,0.005765616,0.007091435,0.005022502,0.007091435,0.005381247,0.006618679,0.005022502,0.005022502,0.006618679,0.005381247,0.005022502,0.005765616,0.005765616,0.008140663,0.006618679,0.005381247,0.005381247,0.0061774403,0.0061774403,0.005022502,0.005022502,0.006618679,0.008140663,0.008140663,0.005022502,0.005022502,0.007091435,0.007597959,0.005022502,0.0061774403,0.006618679,0.006618679,0.005022502,0.008140663,0.005022502,0.005022502,0.005765616,0.007091435,0.007597959,0.005381247,0.007597959,0.005022502,0.005381247,0.005022502,0.005022502,0.0061774403,0.005381247,0.005765616,0.008140663,0.005022502,0.005022502,0.005765616,0.0061774403,0.007091435,0.006618679,0.006618679,0.005381247,0.006618679,0.005022502,0.006618679,0.005381247,0.007091435,0.008140663,0.007597959,0.005022502,0.008140663,0.007091435,0.008140663,0.007597959,0.005022502,0.005765616,0.007597959,0.007597959,0.005022502,0.005765616,0.005022502,0.005022502,0.006618679,0.005765616,0.005022502,0.005381247,0.007597959,0.005381247,0.007597959,0.005765616,0.006618679,0.008140663,0.008140663,0.008140663,0.006618679,0.005765616,0.007091435,0.007597959,0.005765616,0.005022502,0.005022502,0.0061774403,0.007091435,0.005765616,3,4
0.0061643138,0.0075818147,0.0075818147,0.0075818147,0.00501183,0.0070763673,0.0075818147,0.0066046156,0.0070763673,0.0046777125,0.0061643138,0.0057533653,0.0046777125,0.0046777125,0.0046777125,0.0057533653,0.0066046156,0.0066046156,0.0075818147,0.0061643138,0.0075818147,0.0070763673,0.0046777125,0.0046777125,0.00501183,0.0066046156,0.0053698123,0.0061643138,0.0070763673,0.0075818147,0.0061643138,0.0061643138,0.0075818147,0.0061643138,0.0046777125,0.0053698123,0.0053698123,0.0061643138,0.0046777125,0.0057533653,0.0046777125,0.0075818147,0.0075818147,0.0075818147,0.0053698123,0.0070763673,0.0066046156,0.0075818147,0.0075818147,0.0066046156,0.0053698123,0.0075818147,0.0075818147,0.0075818147,0.0046777125,0.0075818147,0.0066046156,0.0075818147,0.0075818147,0.0057533653,0.0066046156,0.0053698123,0.0053698123,0.00501183,0.0075818147,0.0057533653,0.0061643138,0.00501183,0.00501183,0.0061643138,0.0061643138,0.0075818147,0.0046777125,0.00501183,0.0057533653,0.0075818147,0.0057533653,0.0075818147,0.0075818147,0.0075818147,0.0061643138,0.00501183,0.0046777125,0.0046777125,0.0061643138,0.0057533653,0.0075818147,0.0075818147,0.0057533653,0.0075818147,0.0075818147,0.0066046156,0.0075818147,0.0046777125,0.0075818147,0.0070763673,0.0075818147,0.0046777125,0.0061643138,0.00501183,0.0053698123,0.0057533653,0.0075818147,0.0061643138,0.0070763673,0.0046777125,0.0057533653,0.0057533653,0.0046777125,0.0066046156,0.0070763673,0.0075818147,0.0053698123,0.0075818147,0.0075818147,0.0046777125,0.0066046156,0.0075818147,0.0075818147,0.0053698123,0.0053698123,0.0057533653,0.0075818147,0.0075818147,0.00501183,0.0061643138,0.0075818147,0.0046777125,0.0053698123,0.0066046156,0.0070763673,0.0053698123,0.0066046156,0.0070763673,0.0046777125,0.0066046156,0.0061643138,0.0046777125,0.0061643138,0.0053698123,0.0053698123,0.0057533653,0.0057533653,0.0053698123,0.0061643138,0.0053698123,0.0075818147,0.0075818147,0.0075818147,0.0046777125,0.0046777125,0.0053698123,0.0075818147,0.0075818147,0.0053698123,0.0057533653,0.0057533653,0.0070763673,0.0066046156,0.0046777125,1,1
0.004824308,0.004824308,0.006811599,0.0078194225,0.004824308,0.0051688966,0.006811599,0.006811599,0.0072981347,0.0078194225,0.0063574985,0.0063574985,0.005538098,0.004824308,0.0078194225,0.0078194225,0.005538098,0.0051688966,0.0078194225,0.0059336713,0.0063574985,0.0072981347,0.005538098,0.004824308,0.004824308,0.0078194225,0.0059336713,0.005538098,0.004824308,0.006811599,0.006811599,0.0059336713,0.0063574985,0.0063574985,0.0078194225,0.0063574985,0.005538098,0.0063574985,0.004824308,0.0059336713,0.005538098,0.006811599,0.0078194225,0.0059336713,0.0078194225,0.0059336713,0.005538098,0.0059336713,0.0059336713,0.0072981347,0.0063574985,0.0063574985,0.0063574985,0.0051688966,0.006811599,0.0051688966,0.0051688966,0.006811599,0.0059336713,0.0078194225,0.006811599,0.0059336713,0.006811599,0.004824308,0.0078194225,0.005538098,0.0059336713,0.004824308,0.005538098,0.0078194225,0.004824308,0.005538098,0.005538098,0.0051688966,0.0078194225,0.0051688966,0.0051688966,0.0059336713,0.0078194225,0.006811599,0.004824308,0.0072981347,0.0078194225,0.0078194225,0.0078194225,0.004824308,0.005538098,0.0063574985,0.0063574985,0.006811599,0.0059336713,0.006811599,0.0078194225,0.004824308,0.0078194225,0.0059336713,0.0051688966,0.0051688966,0.0059336713,0.0078194225,0.0059336713,0.0063574985,0.0063574985,0.004824308,0.006811599,0.004824308,0.005538098,0.004824308,0.004824308,0.0078194225,0.0072981347,0.0078194225,0.0051688966,0.0078194225,0.0063574985,0.0059336713,0.006811599,0.0063574985,0.0059336713,0.004824308,0.005538098,0.0051688966,0.0078194225,0.0078194225,0.0051688966,0.0059336713,0.0063574985,0.006811599,0.0078194225,0.0072981347,0.006811599,0.0059336713,0.0072981347,0.0072981347,0.0059336713,0.0063574985,0.0051688966,0.004824308,0.0063574985,0.0063574985,0.0059336713,0.0059336713,0.0059336713,0.005538098,0.0059336713,0.0051688966,0.0078194225,0.0078194225,0.0078194225,0.0078194225,0.0051688966,0.005538098,0.0063574985,0.006811599,0.005538098,0.0072981347,0.0059336713,0.0063574985,0.004824308,0.004824308,3,4
0.0066340202,0.00761557,0.00761557,0.00761557,0.004698538,0.007107872,0.00761557,0.0066340202,0.00761557,0.004698538,0.007107872,0.006191758,0.004698538,0.004698538,0.004698538,0.0066340202,0.006191758,0.006191758,0.00761557,0.0057789804,0.00761557,0.007107872,0.004698538,0.005034143,0.004698538,0.00761557,0.0057789804,0.005034143,0.004698538,0.00761557,0.0066340202,0.0057789804,0.00761557,0.006191758,0.004698538,0.006191758,0.0057789804,0.0057789804,0.004698538,0.00761557,0.007107872,0.0057789804,0.0066340202,0.007107872,0.004698538,0.00761557,0.007107872,0.00761557,0.00761557,0.007107872,0.0057789804,0.00761557,0.006191758,0.00761557,0.004698538,0.00761557,0.0066340202,0.00761557,0.00761557,0.0057789804,0.0066340202,0.005034143,0.005034143,0.0053937198,0.007107872,0.005034143,0.006191758,0.005034143,0.0057789804,0.007107872,0.0057789804,0.00761557,0.005034143,0.0053937198,0.005034143,0.00761557,0.0057789804,0.00761557,0.00761557,0.006191758,0.00761557,0.004698538,0.004698538,0.004698538,0.004698538,0.0066340202,0.00761557,0.00761557,0.0057789804,0.00761557,0.00761557,0.0066340202,0.00761557,0.004698538,0.00761557,0.00761557,0.00761557,0.004698538,0.006191758,0.004698538,0.007107872,0.007107872,0.006191758,0.0057789804,0.006191758,0.004698538,0.0057789804,0.0057789804,0.004698538,0.0057789804,0.006191758,0.00761557,0.004698538,0.0057789804,0.007107872,0.00761557,0.006191758,0.004698538,0.0053937198,0.005034143,0.00761557,0.0066340202,0.00761557,0.00761557,0.007107872,0.00761557,0.007107872,0.004698538,0.0053937198,0.0066340202,0.007107872,0.0053937198,0.004698538,0.0057789804,0.007107872,0.006191758,0.005034143,0.004698538,0.006191758,0.0053937198,0.0053937198,0.0066340202,0.004698538,0.004698538,0.0066340202,0.006191758,0.00761557,0.00761557,0.00761557,0.004698538,0.0066340202,0.006191758,0.006191758,0.0066340202,0.004698538,0.0057789804,0.0057789804,0.007107872,0.0066340202,0.004698538,1,0
0.0070364354,0.005339511,0.0080775255,0.0080775255,0.0049835485,0.005339511,0.005720899,0.007539031,0.007539031,0.0080775255,0.005720899,0.005339511,0.0061295293,0.0065673464,0.007539031,0.005339511,0.0061295293,0.005720899,0.0080775255,0.0049835485,0.005720899,0.0070364354,0.0065673464,0.0065673464,0.0049835485,0.0049835485,0.005720899,0.0065673464,0.0061295293,0.0049835485,0.0049835485,0.0061295293,0.007539031,0.007539031,0.0049835485,0.005720899,0.005339511,0.0061295293,0.0049835485,0.005720899,0.0049835485,0.0065673464,0.0070364354,0.0061295293,0.0080775255,0.0049835485,0.0049835485,0.007539031,0.005720899,0.007539031,0.0061295293,0.005720899,0.0070364354,0.0061295293,0.005720899,0.0049835485,0.0049835485,0.007539031,0.0065673464,0.005720899,0.0049835485,0.005720899,0.0065673464,0.005720899,0.0070364354,0.005339511,0.005720899,0.005720899,0.0070364354,0.005339511,0.0065673464,0.0061295293,0.005720899,0.0049835485,0.0080775255,0.0049835485,0.005339511,0.0065673464,0.0061295293,0.0049835485,0.0070364354,0.005339511,0.0080775255,0.0080775255,0.0070364354,0.0049835485,0.0049835485,0.0080775255,0.0080775255,0.0049835485,0.0061295293,0.005339511,0.005720899,0.0049835485,0.0080775255,0.005339511,0.0049835485,0.0070364354,0.0080775255,0.007539031,0.005339511,0.007539031,0.005339511,0.005720899,0.005339511,0.0049835485,0.005720899,0.0061295293,0.0070364354,0.0080775255,0.0049835485,0.0049835485,0.007539031,0.0070364354,0.0065673464,0.0065673464,0.0065673464,0.0080775255,0.005720899,0.0049835485,0.005720899,0.005339511,0.0080775255,0.0080775255,0.0061295293,0.005339511,0.0080775255,0.0070364354,0.0080775255,0.007539031,0.0049835485,0.005720899,0.007539031,0.007539031,0.005339511,0.005720899,0.0049835485,0.0049835485,0.0070364354,0.005720899,0.0049835485,0.005339511,0.007539031,0.0049835485,0.0061295293,0.0061295293,0.005720899,0.0080775255,0.0080775255,0.0080775255,0.0061295293,0.005720899,0.0070364354,0.007539031,0.0049835485,0.0049835485,0.0049835485,0.007539031,0.007539031,0.0049835485,2,2
0.0062019126,0.0066449,0.0076280595,0.0076280595,0.004706244,0.0066449,0.0076280595,0.0066449,0.0076280595,0.0076280595,0.0062019126,0.0057884576,0.004706244,0.004706244,0.0057884576,0.0076280595,0.0062019126,0.0054025655,0.0076280595,0.0057884576,0.007119529,0.007119529,0.0062019126,0.0054025655,0.004706244,0.0076280595,0.0054025655,0.0054025655,0.004706244,0.0076280595,0.0066449,0.0054025655,0.0076280595,0.0066449,0.0050423993,0.0054025655,0.0057884576,0.0066449,0.0050423993,0.0066449,0.004706244,0.0062019126,0.0076280595,0.0062019126,0.0062019126,0.0066449,0.0057884576,0.0076280595,0.0076280595,0.007119529,0.0054025655,0.007119529,0.0062019126,0.0076280595,0.0050423993,0.0076280595,0.0062019126,0.0076280595,0.0076280595,0.0076280595,0.0076280595,0.0057884576,0.004706244,0.004706244,0.0076280595,0.0050423993,0.0057884576,0.004706244,0.0054025655,0.0076280595,0.0076280595,0.0076280595,0.004706244,0.0050423993,0.0057884576,0.0076280595,0.0062019126,0.007119529,0.007119529,0.0062019126,0.0054025655,0.004706244,0.0050423993,0.0050423993,0.007119529,0.0062019126,0.0062019126,0.0076280595,0.0066449,0.004706244,0.0076280595,0.0066449,0.0076280595,0.004706244,0.0076280595,0.0057884576,0.007119529,0.0050423993,0.0062019126,0.004706244,0.0066449,0.0057884576,0.0066449,0.0054025655,0.0057884576,0.004706244,0.0057884576,0.0057884576,0.004706244,0.0057884576,0.0062019126,0.0076280595,0.004706244,0.007119529,0.007119529,0.004706244,0.0066449,0.0076280595,0.0066449,0.004706244,0.0057884576,0.0062019126,0.0076280595,0.0076280595,0.0054025655,0.0057884576,0.0066449,0.0062019126,0.007119529,0.0062019126,0.0076280595,0.0057884576,0.0057884576,0.0062019126,0.0054025655,0.007119529,0.0062019126,0.004706244,0.0062019126,0.0057884576,0.0076280595,0.0066449,0.0057884576,0.0054025655,0.0057884576,0.0062019126,0.0076280595,0.0076280595,0.0076280595,0.0050423993,0.0050423993,0.0062019126,0.0062019126,0.0062019126,0.0054025655,0.007119529,0.0062019126,0.0054025655,0.0057884576,0.004706244,2,0
0.0048906566,0.0064449324,0.0048906566,0.0048906566,0.007926962,0.007926962,0.005239984,0.0048906566,0.0048906566,0.007926962,0.007398505,0.0064449324,0.0048906566,0.0064449324,0.007926962,0.0064449324,0.007398505,0.005614263,0.005614263,0.007398505,0.005239984,0.006905278,0.005239984,0.0048906566,0.0060152765,0.007926962,0.006905278,0.0060152765,0.0048906566,0.007926962,0.006905278,0.0048906566,0.0048906566,0.006905278,0.007926962,0.0064449324,0.0064449324,0.005614263,0.006905278,0.007926962,0.005239984,0.0064449324,0.007926962,0.0060152765,0.007926962,0.0060152765,0.005614263,0.005239984,0.0048906566,0.007398505,0.006905278,0.0060152765,0.007398505,0.0048906566,0.007926962,0.0048906566,0.0064449324,0.0048906566,0.0048906566,0.005614263,0.007926962,0.0060152765,0.0064449324,0.005614263,0.007926962,0.006905278,0.006905278,0.005614263,0.0064449324,0.0060152765,0.007926962,0.0064449324,0.0048906566,0.005614263,0.007926962,0.006905278,0.0064449324,0.0048906566,0.005614263,0.005614263,0.0048906566,0.007398505,0.0064449324,0.0048906566,0.007926962,0.0048906566,0.0048906566,0.005239984,0.0060152765,0.0060152765,0.0060152765,0.006905278,0.0048906566,0.007926962,0.007926962,0.006905278,0.0048906566,0.006905278,0.0048906566,0.007926962,0.0064449324,0.006905278,0.0060152765,0.005239984,0.007398505,0.007926962,0.007926962,0.0048906566,0.0048906566,0.007926962,0.007926962,0.007398505,0.0060152765,0.0048906566,0.006905278,0.0060152765,0.006905278,0.0064449324,0.005614263,0.0048906566,0.0060152765,0.005614263,0.0048906566,0.0048906566,0.0048906566,0.0048906566,0.007926962,0.0064449324,0.007926962,0.0060152765,0.007398505,0.005614263,0.0064449324,0.005614263,0.0064449324,0.007398505,0.0064449324,0.0060152765,0.0048906566,0.007926962,0.005239984,0.0064449324,0.0064449324,0.005614263,0.0064449324,0.005239984,0.007926962,0.0048906566,0.0048906566,0.0064449324,0.0060152765,0.005614263,0.0048906566,0.0064449324,0.007926962,0.007926962,0.0064449324,0.005614263,0.005614263,0.0048906566,4,4
0.0075005977,0.0075005977,0.0075005977,0.0075005977,0.006098281,0.0070005646,0.0075005977,0.0070005646,0.0075005977,0.006098281,0.006098281,0.005691735,0.0046276045,0.0046276045,0.005691735,0.006098281,0.006098281,0.006098281,0.0075005977,0.005691735,0.0070005646,0.0070005646,0.005691735,0.0053122905,0.0046276045,0.006098281,0.005691735,0.006098281,0.006098281,0.0075005977,0.0075005977,0.006098281,0.0075005977,0.006098281,0.0046276045,0.0070005646,0.005691735,0.005691735,0.0046276045,0.0070005646,0.004958143,0.0075005977,0.0075005977,0.0075005977,0.006098281,0.0070005646,0.005691735,0.0075005977,0.0075005977,0.0075005977,0.0053122905,0.0075005977,0.0075005977,0.0075005977,0.0046276045,0.0075005977,0.0065338663,0.0075005977,0.0075005977,0.005691735,0.0070005646,0.004958143,0.0046276045,0.0053122905,0.0075005977,0.006098281,0.006098281,0.004958143,0.005691735,0.004958143,0.0065338663,0.0075005977,0.0046276045,0.004958143,0.0046276045,0.0075005977,0.006098281,0.0075005977,0.0075005977,0.0075005977,0.0075005977,0.0046276045,0.0046276045,0.0046276045,0.0046276045,0.0075005977,0.0065338663,0.0075005977,0.0046276045,0.0075005977,0.0075005977,0.0065338663,0.0075005977,0.0046276045,0.0075005977,0.0075005977,0.0075005977,0.0046276045,0.006098281,0.0046276045,0.0053122905,0.0065338663,0.006098281,0.005691735,0.0065338663,0.0046276045,0.005691735,0.0053122905,0.0046276045,0.006098281,0.0070005646,0.0075005977,0.0046276045,0.0075005977,0.0070005646,0.004958143,0.0070005646,0.0075005977,0.0075005977,0.0053122905,0.0065338663,0.0053122905,0.0075005977,0.0075005977,0.0070005646,0.0075005977,0.006098281,0.0046276045,0.0046276045,0.0065338663,0.0075005977,0.0053122905,0.006098281,0.0070005646,0.006098281,0.0070005646,0.004958143,0.0046276045,0.006098281,0.005691735,0.0065338663,0.005691735,0.004958143,0.0046276045,0.0053122905,0.0053122905,0.0075005977,0.0075005977,0.0075005977,0.0046276045,0.005691735,0.0053122905,0.0070005646,0.0075005977,0.0075005977,0.006098281,0.0053122905,0.005691735,0.006098281,0.0046276045,0,0
0.007087771,0.0061742477,0.0075940327,0.0075940327,0.0046852506,0.0075940327,0.0075940327,0.007087771,0.0075940327,0.0075940327,0.0061742477,0.005762637,0.0046852506,0.0046852506,0.0046852506,0.0053784656,0.0066152588,0.0061742477,0.0075940327,0.0046852506,0.0061742477,0.007087771,0.005762637,0.007087771,0.005762637,0.0050199064,0.0053784656,0.0061742477,0.0061742477,0.005762637,0.0050199064,0.0053784656,0.0075940327,0.0066152588,0.0046852506,0.007087771,0.0061742477,0.0061742477,0.0046852506,0.0061742477,0.0046852506,0.0066152588,0.0075940327,0.007087771,0.0061742477,0.007087771,0.0061742477,0.0075940327,0.0075940327,0.0053784656,0.005762637,0.0075940327,0.0075940327,0.0075940327,0.0046852506,0.0075940327,0.0066152588,0.0075940327,0.0075940327,0.0066152588,0.0046852506,0.005762637,0.0061742477,0.005762637,0.005762637,0.0061742477,0.0061742477,0.0046852506,0.005762637,0.007087771,0.0050199064,0.007087771,0.0050199064,0.0053784656,0.0046852506,0.0075940327,0.0061742477,0.0075940327,0.0075940327,0.007087771,0.007087771,0.0046852506,0.0046852506,0.0046852506,0.0046852506,0.0061742477,0.0075940327,0.0075940327,0.005762637,0.0075940327,0.0075940327,0.0066152588,0.0075940327,0.0046852506,0.0075940327,0.0075940327,0.0075940327,0.0046852506,0.0061742477,0.0046852506,0.0053784656,0.0075940327,0.0066152588,0.0050199064,0.0066152588,0.0046852506,0.005762637,0.0061742477,0.0046852506,0.0050199064,0.0075940327,0.0075940327,0.0046852506,0.0075940327,0.0061742477,0.0046852506,0.007087771,0.0075940327,0.007087771,0.0050199064,0.0075940327,0.007087771,0.0075940327,0.0075940327,0.0053784656,0.0075940327,0.007087771,0.0046852506,0.0046852506,0.0066152588,0.0061742477,0.0053784656,0.0066152588,0.007087771,0.0053784656,0.0053784656,0.0046852506,0.0046852506,0.0061742477,0.0053784656,0.005762637,0.0066152588,0.005762637,0.0046852506,0.0061742477,0.0053784656,0.0075940327,0.0075940327,0.0075940327,0.0046852506,0.0046852506,0.0053784656,0.0075940327,0.0075940327,0.0061742477,0.0046852506,0.007087771,0.0075940327,0.0075940327,0.0053784656,2,3
0.0048391717,0.005184822,0.007843514,0.007843514,0.0048391717,0.005184822,0.007843514,0.006832585,0.006832585,0.007843514,0.0059519527,0.0059519527,0.007843514,0.0048391717,0.007843514,0.0048391717,0.0063770856,0.0063770856,0.00732062,0.005555161,0.006832585,0.00732062,0.005555161,0.006832585,0.0048391717,0.0048391717,0.005555161,0.0063770856,0.0063770856,0.005184822,0.0048391717,0.0059519527,0.007843514,0.00732062,0.007843514,0.0048391717,0.005184822,0.007843514,0.0048391717,0.005555161,0.0048391717,0.006832585,0.007843514,0.0059519527,0.007843514,0.005555161,0.0048391717,0.007843514,0.0048391717,0.006832585,0.005555161,0.0048391717,0.007843514,0.0048391717,0.005555161,0.005184822,0.0048391717,0.007843514,0.005555161,0.0063770856,0.005555161,0.005184822,0.00732062,0.0048391717,0.007843514,0.005184822,0.0059519527,0.005184822,0.005555161,0.0063770856,0.005555161,0.00732062,0.005555161,0.0048391717,0.007843514,0.0048391717,0.005184822,0.007843514,0.005555161,0.0048391717,0.0048391717,0.005555161,0.007843514,0.007843514,0.007843514,0.0048391717,0.0059519527,0.007843514,0.007843514,0.0059519527,0.006832585,0.006832585,0.007843514,0.0048391717,0.007843514,0.0059519527,0.0048391717,0.007843514,0.0059519527,0.006832585,0.007843514,0.007843514,0.006832585,0.005184822,0.005184822,0.0048391717,0.005555161,0.007843514,0.005184822,0.007843514,0.0059519527,0.0059519527,0.006832585,0.00732062,0.0059519527,0.0059519527,0.006832585,0.007843514,0.005555161,0.0048391717,0.0048391717,0.005184822,0.007843514,0.007843514,0.005555161,0.0059519527,0.007843514,0.0063770856,0.006832585,0.0063770856,0.005184822,0.005555161,0.00732062,0.00732062,0.005184822,0.0059519527,0.0059519527,0.006832585,0.007843514,0.005555161,0.005555161,0.006832585,0.0059519527,0.005555161,0.005555161,0.005184822,0.007843514,0.007843514,0.007843514,0.0048391717,0.0048391717,0.005555161,0.006832585,0.00732062,0.0048391717,0.00732062,0.0063770856,0.006832585,0.0059519527,0.0048391717,2,2
0.006182659,0.007604378,0.0050267447,0.0050267447,0.00814754,0.0050267447,0.0050267447,0.0050267447,0.0050267447,0.00814754,0.00662427,0.0057704863,0.0050267447,0.007097426,0.00814754,0.0050267447,0.007604378,0.0050267447,0.0050267447,0.007604378,0.0050267447,0.007097426,0.0057704863,0.0050267447,0.007097426,0.00814754,0.0057704863,0.00662427,0.0050267447,0.00814754,0.00814754,0.0057704863,0.0050267447,0.0050267447,0.00814754,0.00662427,0.00662427,0.0057704863,0.00662427,0.00814754,0.005385793,0.007097426,0.007097426,0.006182659,0.00814754,0.005385793,0.005385793,0.0050267447,0.0050267447,0.00662427,0.00814754,0.006182659,0.007097426,0.0050267447,0.00814754,0.0050267447,0.00662427,0.005385793,0.0050267447,0.0050267447,0.00814754,0.006182659,0.0050267447,0.005385793,0.00814754,0.007604378,0.00814754,0.0050267447,0.0050267447,0.0050267447,0.0057704863,0.006182659,0.0050267447,0.005385793,0.00814754,0.005385793,0.00662427,0.0050267447,0.0057704863,0.0050267447,0.0050267447,0.007604378,0.006182659,0.0050267447,0.00814754,0.0050267447,0.0050267447,0.0050267447,0.006182659,0.006182659,0.006182659,0.007097426,0.0050267447,0.00814754,0.00814754,0.006182659,0.0050267447,0.006182659,0.0050267447,0.00814754,0.007604378,0.00662427,0.005385793,0.0050267447,0.007097426,0.00814754,0.00814754,0.0050267447,0.0050267447,0.00814754,0.00814754,0.007604378,0.006182659,0.0050267447,0.007097426,0.0057704863,0.007097426,0.00662427,0.0057704863,0.005385793,0.0050267447,0.005385793,0.0050267447,0.0050267447,0.005385793,0.005385793,0.00814754,0.0050267447,0.0050267447,0.00814754,0.00814754,0.007097426,0.0050267447,0.0050267447,0.00662427,0.007604378,0.005385793,0.0050267447,0.0050267447,0.00814754,0.00814754,0.007097426,0.0057704863,0.007097426,0.006182659,0.005385793,0.007097426,0.0050267447,0.0050267447,0.00814754,0.007097426,0.0057704863,0.0050267447,0.0050267447,0.00814754,0.00814754,0.0057704863,0.0050267447,0.0050267447,0.0057704863,4,4
0.005072992,0.0054353434,0.006239541,0.008222499,0.005072992,0.0054353434,0.0054353434,0.0071627237,0.0076743397,0.008222499,0.0058235764,0.0054353434,0.005072992,0.008222499,0.008222499,0.0058235764,0.0058235764,0.0066852155,0.008222499,0.005072992,0.005072992,0.0054353434,0.006239541,0.006239541,0.005072992,0.0058235764,0.0058235764,0.0066852155,0.0066852155,0.0071627237,0.0066852155,0.0054353434,0.006239541,0.0076743397,0.0076743397,0.0058235764,0.0066852155,0.005072992,0.008222499,0.0058235764,0.005072992,0.0066852155,0.0071627237,0.0058235764,0.008222499,0.005072992,0.0058235764,0.005072992,0.008222499,0.006239541,0.006239541,0.005072992,0.0058235764,0.008222499,0.0058235764,0.005072992,0.0054353434,0.005072992,0.0076743397,0.0058235764,0.0058235764,0.0054353434,0.0054353434,0.0071627237,0.005072992,0.0058235764,0.006239541,0.005072992,0.008222499,0.0054353434,0.005072992,0.005072992,0.0058235764,0.0058235764,0.008222499,0.005072992,0.0054353434,0.0054353434,0.008222499,0.0054353434,0.005072992,0.005072992,0.008222499,0.008222499,0.0071627237,0.005072992,0.005072992,0.0071627237,0.008222499,0.005072992,0.0066852155,0.005072992,0.0054353434,0.008222499,0.005072992,0.0054353434,0.005072992,0.005072992,0.008222499,0.0066852155,0.0058235764,0.0066852155,0.005072992,0.0054353434,0.0066852155,0.005072992,0.0058235764,0.0054353434,0.0071627237,0.006239541,0.005072992,0.005072992,0.0054353434,0.0071627237,0.006239541,0.006239541,0.0058235764,0.005072992,0.006239541,0.005072992,0.005072992,0.0054353434,0.006239541,0.008222499,0.0054353434,0.005072992,0.008222499,0.0071627237,0.008222499,0.0071627237,0.0058235764,0.0058235764,0.0076743397,0.0076743397,0.0054353434,0.0058235764,0.0054353434,0.005072992,0.0071627237,0.0058235764,0.005072992,0.006239541,0.0076743397,0.008222499,0.0058235764,0.0054353434,0.008222499,0.008222499,0.008222499,0.008222499,0.006239541,0.0058235764,0.0076743397,0.008222499,0.005072992,0.005072992,0.005072992,0.006239541,0.006239541,0.0058235764,3,3
0.0069928453,0.0069928453,0.007492327,0.007492327,0.004622502,0.0069928453,0.0065266616,0.0065266616,0.007492327,0.0049526757,0.006091557,0.0065266616,0.004622502,0.004622502,0.004622502,0.007492327,0.006091557,0.0049526757,0.007492327,0.005685459,0.007492327,0.0069928453,0.0049526757,0.0049526757,0.005685459,0.007492327,0.005306433,0.004622502,0.004622502,0.007492327,0.007492327,0.005306433,0.007492327,0.005685459,0.004622502,0.006091557,0.005306433,0.006091557,0.004622502,0.007492327,0.0065266616,0.0069928453,0.007492327,0.007492327,0.004622502,0.007492327,0.006091557,0.0065266616,0.007492327,0.007492327,0.007492327,0.0069928453,0.0065266616,0.007492327,0.005685459,0.007492327,0.0065266616,0.007492327,0.007492327,0.005685459,0.007492327,0.005685459,0.0049526757,0.005306433,0.007492327,0.005685459,0.006091557,0.0049526757,0.005685459,0.0065266616,0.0065266616,0.007492327,0.004622502,0.005306433,0.004622502,0.007492327,0.005306433,0.007492327,0.0069928453,0.0069928453,0.007492327,0.0049526757,0.004622502,0.004622502,0.004622502,0.007492327,0.0065266616,0.007492327,0.005306433,0.007492327,0.007492327,0.0065266616,0.007492327,0.004622502,0.007492327,0.007492327,0.007492327,0.004622502,0.005306433,0.004622502,0.0049526757,0.006091557,0.0069928453,0.006091557,0.0069928453,0.004622502,0.005306433,0.005685459,0.004622502,0.006091557,0.0069928453,0.007492327,0.0049526757,0.007492327,0.0069928453,0.004622502,0.0065266616,0.007492327,0.007492327,0.005306433,0.007492327,0.0065266616,0.007492327,0.007492327,0.0069928453,0.006091557,0.0065266616,0.005685459,0.0065266616,0.006091557,0.007492327,0.005306433,0.0049526757,0.005685459,0.007492327,0.0065266616,0.0049526757,0.0049526757,0.0065266616,0.006091557,0.0065266616,0.005685459,0.0049526757,0.004622502,0.0069928453,0.0065266616,0.007492327,0.007492327,0.007492327,0.004622502,0.0065266616,0.005306433,0.0069928453,0.0069928453,0.006091557,0.0069928453,0.005685459,0.005685459,0.0049526757,0.0049526757,2,0
0.0061161765,0.008059929,0.004972692,0.004972692,0.008059929,0.0070211072,0.0070211072,0.004972692,0.004972692,0.008059929,0.0065530394,0.0057084365,0.004972692,0.0070211072,0.008059929,0.0075226077,0.0075226077,0.004972692,0.004972692,0.0053278795,0.0061161765,0.0070211072,0.0053278795,0.004972692,0.0070211072,0.0075226077,0.0057084365,0.0065530394,0.004972692,0.008059929,0.008059929,0.0057084365,0.004972692,0.004972692,0.008059929,0.0061161765,0.0065530394,0.0057084365,0.0061161765,0.0065530394,0.0065530394,0.0070211072,0.0061161765,0.0057084365,0.008059929,0.0061161765,0.0061161765,0.004972692,0.004972692,0.0065530394,0.0075226077,0.0061161765,0.0070211072,0.004972692,0.008059929,0.004972692,0.0061161765,0.0053278795,0.004972692,0.004972692,0.008059929,0.0070211072,0.004972692,0.0057084365,0.008059929,0.0075226077,0.008059929,0.004972692,0.004972692,0.004972692,0.0057084365,0.0057084365,0.004972692,0.0057084365,0.008059929,0.0053278795,0.0065530394,0.004972692,0.0057084365,0.004972692,0.0057084365,0.0075226077,0.0075226077,0.004972692,0.0070211072,0.004972692,0.004972692,0.004972692,0.0065530394,0.0061161765,0.0061161765,0.0070211072,0.004972692,0.008059929,0.008059929,0.0061161765,0.004972692,0.0057084365,0.004972692,0.008059929,0.0070211072,0.0065530394,0.004972692,0.004972692,0.0061161765,0.008059929,0.008059929,0.004972692,0.004972692,0.008059929,0.008059929,0.008059929,0.0061161765,0.004972692,0.0070211072,0.0061161765,0.0070211072,0.0057084365,0.0053278795,0.0053278795,0.0057084365,0.0057084365,0.0057084365,0.004972692,0.004972692,0.0065530394,0.0070211072,0.004972692,0.008059929,0.0053278795,0.008059929,0.0061161765,0.004972692,0.004972692,0.0061161765,0.0075226077,0.0057084365,0.008059929,0.0065530394,0.0070211072,0.0075226077,0.0070211072,0.0057084365,0.0075226077,0.0065530394,0.0057084365,0.008059929,0.0053278795,0.004972692,0.0075226077,0.0070211072,0.0057084365,0.004972692,0.004972692,0.008059929,0.008059929,0.0057084365,0.0053278795,0.0057084365,0.0053278795,1,4
0.0071079032,0.0076156035,0.0076156035,0.0076156035,0.0061917854,0.0053937435,0.0076156035,0.0071079032,0.0076156035,0.0076156035,0.0071079032,0.0066340496,0.004698559,0.004698559,0.004698559,0.0061917854,0.0071079032,0.0061917854,0.0076156035,0.0053937435,0.0057790056,0.0071079032,0.0061917854,0.0061917854,0.004698559,0.0053937435,0.0053937435,0.0057790056,0.0061917854,0.0050341655,0.004698559,0.0057790056,0.0076156035,0.0066340496,0.004698559,0.0066340496,0.0061917854,0.0057790056,0.004698559,0.0066340496,0.004698559,0.0076156035,0.0076156035,0.0076156035,0.0076156035,0.0076156035,0.0066340496,0.0076156035,0.0076156035,0.0066340496,0.0053937435,0.0076156035,0.0076156035,0.0076156035,0.004698559,0.0076156035,0.0066340496,0.0076156035,0.0076156035,0.0061917854,0.004698559,0.0066340496,0.004698559,0.004698559,0.0053937435,0.0050341655,0.0061917854,0.004698559,0.0053937435,0.0057790056,0.004698559,0.0076156035,0.004698559,0.0050341655,0.004698559,0.0076156035,0.0061917854,0.0076156035,0.0076156035,0.0071079032,0.0076156035,0.0061917854,0.004698559,0.004698559,0.0053937435,0.004698559,0.0076156035,0.0076156035,0.0057790056,0.004698559,0.0076156035,0.0066340496,0.0076156035,0.004698559,0.0076156035,0.0076156035,0.0076156035,0.004698559,0.0061917854,0.004698559,0.0050341655,0.0076156035,0.0066340496,0.0050341655,0.004698559,0.004698559,0.0061917854,0.0061917854,0.004698559,0.004698559,0.0076156035,0.0071079032,0.0050341655,0.0076156035,0.0061917854,0.004698559,0.0066340496,0.0076156035,0.0076156035,0.0053937435,0.0076156035,0.0066340496,0.0076156035,0.0076156035,0.0061917854,0.0076156035,0.0071079032,0.004698559,0.004698559,0.0066340496,0.0053937435,0.0053937435,0.0066340496,0.0071079032,0.0050341655,0.0053937435,0.004698559,0.004698559,0.0071079032,0.0053937435,0.0057790056,0.0066340496,0.0057790056,0.004698559,0.0066340496,0.0053937435,0.0076156035,0.0076156035,0.0076156035,0.004698559,0.004698559,0.0053937435,0.0076156035,0.0076156035,0.0061917854,0.004698559,0.0066340496,0.0076156035,0.0076156035,0.0061917854,1,1
0.0075653866,0.0075653866,0.0075653866,0.0075653866,0.006150957,0.0070610344,0.0075653866,0.0070610344,0.0075653866,0.006590305,0.006150957,0.005740899,0.004667577,0.004667577,0.004667577,0.006150957,0.006150957,0.006150957,0.0075653866,0.005740899,0.0070610344,0.0070610344,0.006150957,0.005740899,0.004667577,0.006150957,0.0053581772,0.006150957,0.006150957,0.006150957,0.006150957,0.005740899,0.0075653866,0.006590305,0.004667577,0.006590305,0.0053581772,0.006150957,0.0050009703,0.006590305,0.0050009703,0.0075653866,0.0075653866,0.0075653866,0.004667577,0.006150957,0.005740899,0.0075653866,0.0075653866,0.006590305,0.0053581772,0.0075653866,0.0075653866,0.0075653866,0.004667577,0.0075653866,0.006590305,0.0075653866,0.0075653866,0.006150957,0.0053581772,0.0053581772,0.0050009703,0.005740899,0.006150957,0.005740899,0.005740899,0.004667577,0.0053581772,0.006590305,0.0050009703,0.0075653866,0.004667577,0.0053581772,0.004667577,0.0070610344,0.006150957,0.0075653866,0.0075653866,0.0070610344,0.0075653866,0.004667577,0.004667577,0.004667577,0.004667577,0.0075653866,0.0075653866,0.0075653866,0.005740899,0.0075653866,0.0075653866,0.006590305,0.0075653866,0.004667577,0.0075653866,0.0075653866,0.0075653866,0.004667577,0.006150957,0.004667577,0.0053581772,0.0075653866,0.006590305,0.0050009703,0.006590305,0.004667577,0.005740899,0.006150957,0.004667577,0.005740899,0.006150957,0.0075653866,0.005740899,0.0075653866,0.0070610344,0.0050009703,0.006150957,0.0075653866,0.0075653866,0.004667577,0.0075653866,0.005740899,0.0075653866,0.0075653866,0.0053581772,0.0075653866,0.005740899,0.004667577,0.004667577,0.006590305,0.006590305,0.0053581772,0.006590305,0.0070610344,0.006150957,0.0053581772,0.0053581772,0.004667577,0.006590305,0.0053581772,0.0053581772,0.006590305,0.005740899,0.004667577,0.006590305,0.006150957,0.0075653866,0.0075653866,0.0075653866,0.004667577,0.004667577,0.0053581772,0.0070610344,0.0075653866,0.006150957,0.004667577,0.006590305,0.0075653866,0.0070610344,0.0053581772,0,1
0.0061355694,0.00704337,0.0075464607,0.0075464607,0.0046559004,0.00498846,0.0075464607,0.006573818,0.00704337,0.0075464607,0.00704337,0.006573818,0.0046559004,0.0046559004,0.0075464607,0.0057265377,0.006573818,0.006573818,0.0075464607,0.005344773,0.0075464607,0.00704337,0.0046559004,0.0046559004,0.0046559004,0.0075464607,0.00704337,0.00498846,0.0057265377,0.005344773,0.005344773,0.006573818,0.0061355694,0.0061355694,0.0046559004,0.005344773,0.005344773,0.0075464607,0.0046559004,0.005344773,0.00498846,0.00704337,0.0075464607,0.0057265377,0.0061355694,0.0075464607,0.00704337,0.0075464607,0.0075464607,0.0075464607,0.005344773,0.0075464607,0.0061355694,0.005344773,0.0046559004,0.0075464607,0.0046559004,0.0075464607,0.0061355694,0.00498846,0.00704337,0.00704337,0.005344773,0.0046559004,0.0075464607,0.0057265377,0.0061355694,0.0046559004,0.005344773,0.00704337,0.0075464607,0.0061355694,0.005344773,0.0046559004,0.0075464607,0.0075464607,0.0061355694,0.0075464607,0.00704337,0.00704337,0.0046559004,0.005344773,0.0075464607,0.00704337,0.006573818,0.00704337,0.0075464607,0.0075464607,0.0061355694,0.0046559004,0.006573818,0.006573818,0.0075464607,0.0046559004,0.0075464607,0.0057265377,0.00704337,0.0046559004,0.0061355694,0.006573818,0.00704337,0.00704337,0.00704337,0.005344773,0.0075464607,0.005344773,0.0057265377,0.0057265377,0.0046559004,0.0061355694,0.006573818,0.0075464607,0.0046559004,0.00704337,0.006573818,0.00498846,0.006573818,0.0075464607,0.0075464607,0.00498846,0.006573818,0.006573818,0.0075464607,0.0075464607,0.0061355694,0.0061355694,0.0075464607,0.00498846,0.006573818,0.006573818,0.006573818,0.005344773,0.006573818,0.00704337,0.0061355694,0.0057265377,0.0057265377,0.00498846,0.006573818,0.005344773,0.0075464607,0.006573818,0.00498846,0.0046559004,0.0061355694,0.00498846,0.0075464607,0.0075464607,0.0075464607,0.00498846,0.0057265377,0.005344773,0.0061355694,0.006573818,0.0046559004,0.00704337,0.0057265377,0.0061355694,0.005344773,0.00498846,2,1
0.0074803717,0.0074803717,0.0074803717,0.0074803717,0.0046151257,0.0074803717,0.0074803717,0.0065162475,0.0074803717,0.0046151257,0.0074803717,0.0065162475,0.0046151257,0.0046151257,0.0046151257,0.0060818368,0.0060818368,0.0060818368,0.0074803717,0.005676387,0.006981687,0.006981687,0.005676387,0.005676387,0.0046151257,0.0065162475,0.005297966,0.0060818368,0.0060818368,0.005297966,0.0065162475,0.0060818368,0.0074803717,0.0060818368,0.0046151257,0.006981687,0.005297966,0.0060818368,0.0046151257,0.006981687,0.0046151257,0.0074803717,0.0074803717,0.0074803717,0.0046151257,0.006981687,0.0065162475,0.0074803717,0.0074803717,0.006981687,0.005297966,0.0074803717,0.0074803717,0.0074803717,0.0046151257,0.0074803717,0.0065162475,0.0074803717,0.0074803717,0.005676387,0.0065162475,0.004944773,0.0046151257,0.0046151257,0.0074803717,0.0060818368,0.0060818368,0.004944773,0.005676387,0.0060818368,0.0065162475,0.0074803717,0.0046151257,0.004944773,0.0046151257,0.0074803717,0.0060818368,0.0074803717,0.0074803717,0.0074803717,0.0074803717,0.0046151257,0.0046151257,0.0046151257,0.0046151257,0.0074803717,0.0074803717,0.0074803717,0.005676387,0.0074803717,0.0074803717,0.0065162475,0.0074803717,0.0046151257,0.0074803717,0.0074803717,0.0074803717,0.004944773,0.0060818368,0.0046151257,0.0065162475,0.0074803717,0.0065162475,0.005297966,0.005676387,0.0046151257,0.005676387,0.005297966,0.0046151257,0.005676387,0.006981687,0.0074803717,0.005297966,0.0074803717,0.0060818368,0.004944773,0.0065162475,0.0074803717,0.0074803717,0.005297966,0.0074803717,0.0060818368,0.0074803717,0.0074803717,0.0074803717,0.0074803717,0.0065162475,0.0046151257,0.004944773,0.0060818368,0.0074803717,0.005297966,0.0060818368,0.0065162475,0.0074803717,0.0065162475,0.005297966,0.0046151257,0.0060818368,0.0060818368,0.005297966,0.0065162475,0.005676387,0.0046151257,0.0065162475,0.0065162475,0.0074803717,0.0074803717,0.0074803717,0.0046151257,0.0046151257,0.005297966,0.0074803717,0.0074803717,0.0060818368,0.0060818368,0.005297966,0.0065162475,0.0065162475,0.0046151257,0,0
0.0057085366,0.006553155,0.0049727797,0.0049727797,0.008060071,0.005327973,0.005327973,0.0049727797,0.0049727797,0.008060071,0.0070212306,0.005327973,0.0049727797,0.006553155,0.008060071,0.0057085366,0.006116284,0.006553155,0.0049727797,0.0070212306,0.0049727797,0.00752274,0.006553155,0.005327973,0.008060071,0.0070212306,0.0057085366,0.006553155,0.0049727797,0.008060071,0.008060071,0.0057085366,0.0049727797,0.0070212306,0.008060071,0.0057085366,0.006553155,0.006553155,0.0057085366,0.006553155,0.0049727797,0.006116284,0.00752274,0.0070212306,0.008060071,0.008060071,0.006553155,0.0049727797,0.0049727797,0.00752274,0.006553155,0.006553155,0.0057085366,0.0049727797,0.008060071,0.0049727797,0.0070212306,0.0049727797,0.0049727797,0.006553155,0.008060071,0.006116284,0.0057085366,0.006116284,0.008060071,0.0057085366,0.006116284,0.0057085366,0.0049727797,0.0049727797,0.0049727797,0.0049727797,0.0049727797,0.005327973,0.008060071,0.0057085366,0.006553155,0.0049727797,0.0049727797,0.0049727797,0.005327973,0.0070212306,0.006553155,0.008060071,0.008060071,0.0049727797,0.0049727797,0.0049727797,0.006553155,0.006116284,0.006116284,0.0070212306,0.0049727797,0.008060071,0.008060071,0.006116284,0.0049727797,0.0049727797,0.0057085366,0.0070212306,0.006553155,0.006553155,0.0070212306,0.0049727797,0.00752274,0.008060071,0.00752274,0.0049727797,0.0049727797,0.008060071,0.008060071,0.00752274,0.006116284,0.0057085366,0.00752274,0.005327973,0.0070212306,0.005327973,0.0057085366,0.005327973,0.0057085366,0.006553155,0.0049727797,0.0049727797,0.0057085366,0.0049727797,0.005327973,0.006116284,0.008060071,0.0049727797,0.0070212306,0.006553155,0.006116284,0.006553155,0.00752274,0.006116284,0.005327973,0.008060071,0.006116284,0.00752274,0.0049727797,0.006116284,0.0070212306,0.0057085366,0.0070212306,0.006553155,0.008060071,0.0049727797,0.0049727797,0.008060071,0.006116284,0.0057085366,0.0049727797,0.006116284,0.008060071,0.008060071,0.008060071,0.0049727797,0.0057085366,0.0049727797,4,4
0.0057500987,0.0070723495,0.005008985,0.005008985,0.008118753,0.005008985,0.005008985,0.005008985,0.005008985,0.008118753,0.006600866,0.005366764,0.005008985,0.005366764,0.0075775106,0.005366764,0.005008985,0.006160815,0.005008985,0.0075775106,0.0057500987,0.0075775106,0.006600866,0.005366764,0.008118753,0.006600866,0.006600866,0.006160815,0.006160815,0.008118753,0.008118753,0.005366764,0.005008985,0.0075775106,0.008118753,0.005008985,0.006600866,0.006160815,0.0057500987,0.0070723495,0.005008985,0.006600866,0.008118753,0.0070723495,0.008118753,0.006600866,0.006160815,0.005366764,0.005008985,0.008118753,0.006160815,0.005366764,0.0070723495,0.005008985,0.008118753,0.005008985,0.0070723495,0.005008985,0.005008985,0.0075775106,0.008118753,0.005366764,0.006600866,0.0057500987,0.008118753,0.006600866,0.006160815,0.006160815,0.006160815,0.0070723495,0.005008985,0.005008985,0.005366764,0.005366764,0.008118753,0.005008985,0.0057500987,0.005008985,0.006160815,0.005366764,0.005366764,0.005366764,0.005008985,0.008118753,0.008118753,0.005008985,0.005008985,0.005366764,0.006600866,0.006160815,0.006160815,0.006160815,0.005008985,0.008118753,0.0070723495,0.006160815,0.005008985,0.006160815,0.006600866,0.008118753,0.006600866,0.006600866,0.006600866,0.0057500987,0.0075775106,0.008118753,0.0070723495,0.0057500987,0.005008985,0.008118753,0.0070723495,0.0057500987,0.006160815,0.0070723495,0.0075775106,0.005366764,0.0070723495,0.005008985,0.006600866,0.005008985,0.0057500987,0.0057500987,0.005008985,0.005008985,0.0057500987,0.005008985,0.005366764,0.0057500987,0.0075775106,0.005366764,0.0057500987,0.0057500987,0.0075775106,0.0075775106,0.0070723495,0.0070723495,0.005366764,0.005366764,0.006600866,0.008118753,0.005008985,0.005366764,0.0075775106,0.006600866,0.0070723495,0.005008985,0.005008985,0.005008985,0.005008985,0.008118753,0.005008985,0.0057500987,0.0070723495,0.006600866,0.0075775106,0.005366764,0.006160815,0.005366764,0.006160815,0.008118753,4,4
0.0047932398,0.006316556,0.0047932398,0.0055024326,0.0047932398,0.005895458,0.0077690654,0.006767732,0.0077690654,0.0055024326,0.0072511346,0.006767732,0.005135609,0.0077690654,0.006316556,0.0072511346,0.006316556,0.005895458,0.0077690654,0.0055024326,0.0077690654,0.0072511346,0.0055024326,0.005895458,0.0055024326,0.0077690654,0.0055024326,0.006316556,0.005135609,0.0077690654,0.0077690654,0.0055024326,0.0047932398,0.006767732,0.0077690654,0.0047932398,0.005135609,0.006767732,0.0077690654,0.005895458,0.0047932398,0.005895458,0.0077690654,0.006316556,0.0077690654,0.005895458,0.005895458,0.0047932398,0.0077690654,0.005895458,0.006767732,0.005895458,0.0047932398,0.0072511346,0.0077690654,0.0047932398,0.006316556,0.005135609,0.006316556,0.0047932398,0.0077690654,0.0072511346,0.005895458,0.0055024326,0.006767732,0.005135609,0.006316556,0.005135609,0.0077690654,0.006316556,0.0077690654,0.0077690654,0.0055024326,0.0055024326,0.0047932398,0.005135609,0.005895458,0.0047932398,0.0077690654,0.005135609,0.0047932398,0.006316556,0.0077690654,0.0077690654,0.0077690654,0.0047932398,0.0047932398,0.005135609,0.0072511346,0.005895458,0.005895458,0.006767732,0.0047932398,0.0077690654,0.0077690654,0.006767732,0.0047932398,0.0055024326,0.005135609,0.0077690654,0.006767732,0.005895458,0.006316556,0.005895458,0.0072511346,0.0055024326,0.0055024326,0.0047932398,0.0077690654,0.005895458,0.006767732,0.0077690654,0.005135609,0.0077690654,0.006316556,0.005895458,0.006767732,0.0047932398,0.0055024326,0.0047932398,0.0055024326,0.005135609,0.005895458,0.0077690654,0.0047932398,0.006767732,0.006767732,0.0055024326,0.0077690654,0.006316556,0.0077690654,0.0055024326,0.006316556,0.0072511346,0.006316556,0.0072511346,0.005895458,0.0047932398,0.006767732,0.006767732,0.0055024326,0.006767732,0.006316556,0.006767732,0.0055024326,0.005895458,0.0077690654,0.0077690654,0.0077690654,0.0047932398,0.0047932398,0.0055024326,0.006767732,0.0072511346,0.006316556,0.0077690654,0.006316556,0.005135609,0.0055024326,0.0047932398,6,1
0.006977875,0.0074762874,0.0074762874,0.0074762874,0.004612606,0.006977875,0.0074762874,0.0065126894,0.006977875,0.004612606,0.0074762874,0.0065126894,0.004612606,0.004612606,0.004612606,0.0065126894,0.006078516,0.006078516,0.0074762874,0.006078516,0.006977875,0.006977875,0.004942073,0.004942073,0.004612606,0.006977875,0.0052950727,0.006078516,0.0056732874,0.006078516,0.0065126894,0.006078516,0.0074762874,0.006078516,0.004612606,0.006977875,0.006078516,0.0056732874,0.004612606,0.006977875,0.0052950727,0.0074762874,0.0074762874,0.0074762874,0.006078516,0.0074762874,0.006977875,0.0074762874,0.0074762874,0.0074762874,0.0052950727,0.0074762874,0.0074762874,0.0074762874,0.004612606,0.0074762874,0.0065126894,0.0074762874,0.0074762874,0.0056732874,0.006977875,0.004942073,0.004612606,0.004612606,0.0074762874,0.006078516,0.006078516,0.004942073,0.0056732874,0.006078516,0.006078516,0.0074762874,0.004612606,0.004942073,0.004612606,0.0074762874,0.006078516,0.0074762874,0.0074762874,0.0074762874,0.0074762874,0.004612606,0.004612606,0.004612606,0.004612606,0.0074762874,0.0074762874,0.0074762874,0.0056732874,0.0074762874,0.0074762874,0.0065126894,0.0074762874,0.004612606,0.0074762874,0.0074762874,0.0074762874,0.004612606,0.006078516,0.004612606,0.0052950727,0.0065126894,0.0065126894,0.0052950727,0.006977875,0.004612606,0.0056732874,0.0052950727,0.004612606,0.006078516,0.006977875,0.0074762874,0.0052950727,0.0074762874,0.006977875,0.004942073,0.0065126894,0.0074762874,0.0074762874,0.0052950727,0.0074762874,0.0065126894,0.0074762874,0.0074762874,0.0074762874,0.0074762874,0.006078516,0.004612606,0.004612606,0.006078516,0.0074762874,0.0052950727,0.0056732874,0.0065126894,0.006977875,0.0065126894,0.0052950727,0.004612606,0.006078516,0.006078516,0.006078516,0.0065126894,0.0056732874,0.004612606,0.0056732874,0.0065126894,0.0074762874,0.0074762874,0.0074762874,0.004612606,0.004942073,0.0052950727,0.0065126894,0.006977875,0.0074762874,0.0056732874,0.0052950727,0.006078516,0.006078516,0.004612606,1,1
0.006208049,0.006208049,0.0076356074,0.0076356074,0.0047109006,0.0054079113,0.0076356074,0.006651475,0.0076356074,0.0076356074,0.006208049,0.005794185,0.0047109006,0.0047109006,0.006651475,0.0076356074,0.0054079113,0.005047389,0.0076356074,0.006208049,0.0076356074,0.007126574,0.005047389,0.005047389,0.0047109006,0.0076356074,0.0054079113,0.0054079113,0.005047389,0.0076356074,0.006651475,0.006208049,0.0076356074,0.006208049,0.0047109006,0.005794185,0.0054079113,0.006208049,0.0047109006,0.006651475,0.007126574,0.006651475,0.0076356074,0.006651475,0.0047109006,0.0076356074,0.006651475,0.006651475,0.0076356074,0.0076356074,0.007126574,0.006651475,0.006208049,0.0076356074,0.0054079113,0.0076356074,0.005794185,0.0076356074,0.007126574,0.006651475,0.006651475,0.0054079113,0.006208049,0.006208049,0.0076356074,0.005047389,0.005794185,0.0047109006,0.0054079113,0.005047389,0.0076356074,0.0076356074,0.0054079113,0.005047389,0.005794185,0.0076356074,0.005794185,0.006651475,0.006651475,0.0076356074,0.006208049,0.005047389,0.0047109006,0.0047109006,0.006208049,0.0047109006,0.0054079113,0.0076356074,0.0054079113,0.0076356074,0.0076356074,0.006651475,0.0076356074,0.0047109006,0.0076356074,0.0076356074,0.006651475,0.0047109006,0.005047389,0.006208049,0.005047389,0.005794185,0.005794185,0.005047389,0.007126574,0.0047109006,0.0054079113,0.0054079113,0.0047109006,0.007126574,0.0076356074,0.0076356074,0.0047109006,0.0076356074,0.0076356074,0.0047109006,0.006208049,0.0076356074,0.007126574,0.0047109006,0.005794185,0.005794185,0.0076356074,0.0076356074,0.005047389,0.006208049,0.006208049,0.005794185,0.006651475,0.006208049,0.0076356074,0.0054079113,0.0054079113,0.006208049,0.006651475,0.006651475,0.005794185,0.0047109006,0.006651475,0.0054079113,0.005794185,0.005794185,0.005794185,0.0054079113,0.0054079113,0.0054079113,0.0076356074,0.0076356074,0.0076356074,0.005794185,0.0054079113,0.0054079113,0.007126574,0.007126574,0.005794185,0.0076356074,0.006208049,0.006208049,0.0054079113,0.0047109006,2,4
0.006424464,0.005223342,0.0068833474,0.007901787,0.004875124,0.005223342,0.0059961723,0.007375008,0.007901787,0.007901787,0.0055964324,0.005223342,0.005223342,0.0055964324,0.007375008,0.004875124,0.006424464,0.006424464,0.007901787,0.004875124,0.006424464,0.007375008,0.0055964324,0.006424464,0.0059961723,0.0059961723,0.0055964324,0.006424464,0.007375008,0.005223342,0.0068833474,0.0059961723,0.006424464,0.0059961723,0.007901787,0.0055964324,0.0055964324,0.007901787,0.004875124,0.006424464,0.004875124,0.0068833474,0.0068833474,0.0059961723,0.007901787,0.004875124,0.004875124,0.007901787,0.004875124,0.007375008,0.0068833474,0.005223342,0.007901787,0.0059961723,0.0055964324,0.004875124,0.005223342,0.0068833474,0.006424464,0.005223342,0.0055964324,0.005223342,0.0059961723,0.0059961723,0.0059961723,0.0055964324,0.0055964324,0.005223342,0.007375008,0.006424464,0.005223342,0.004875124,0.0055964324,0.005223342,0.007901787,0.004875124,0.005223342,0.0055964324,0.0055964324,0.004875124,0.0068833474,0.005223342,0.007901787,0.007901787,0.007375008,0.0055964324,0.0055964324,0.007901787,0.007901787,0.007375008,0.0059961723,0.0055964324,0.0055964324,0.0055964324,0.007901787,0.004875124,0.004875124,0.007901787,0.007901787,0.007375008,0.007375008,0.007901787,0.004875124,0.005223342,0.0068833474,0.004875124,0.0055964324,0.0059961723,0.0068833474,0.007901787,0.005223342,0.0059961723,0.0068833474,0.007375008,0.0068833474,0.005223342,0.006424464,0.007375008,0.0059961723,0.004875124,0.005223342,0.005223342,0.007901787,0.007901787,0.0055964324,0.004875124,0.007375008,0.0068833474,0.007901787,0.0068833474,0.006424464,0.0055964324,0.007375008,0.007375008,0.0055964324,0.0059961723,0.004875124,0.004875124,0.0068833474,0.0055964324,0.004875124,0.0055964324,0.007375008,0.0055964324,0.0068833474,0.0055964324,0.0068833474,0.007901787,0.007901787,0.007901787,0.006424464,0.0055964324,0.0068833474,0.007375008,0.004875124,0.0055964324,0.004875124,0.006424464,0.0068833474,0.005223342,3,3
0.0074101696,0.006455093,0.00793946,0.00793946,0.004898367,0.0052482453,0.0056231143,0.0074101696,0.0074101696,0.00793946,0.0056231143,0.0056231143,0.004898367,0.0056231143,0.006455093,0.0060247597,0.0060247597,0.006916165,0.00793946,0.004898367,0.0060247597,0.0074101696,0.006455093,0.006455093,0.004898367,0.004898367,0.0056231143,0.006455093,0.0060247597,0.004898367,0.004898367,0.006455093,0.00793946,0.006916165,0.004898367,0.0074101696,0.0056231143,0.00793946,0.004898367,0.006916165,0.004898367,0.006455093,0.006916165,0.0056231143,0.00793946,0.0056231143,0.004898367,0.00793946,0.004898367,0.0074101696,0.006916165,0.0052482453,0.00793946,0.004898367,0.0056231143,0.004898367,0.004898367,0.00793946,0.0060247597,0.006455093,0.004898367,0.0052482453,0.006916165,0.0052482453,0.0060247597,0.0052482453,0.006455093,0.004898367,0.0060247597,0.006916165,0.0052482453,0.004898367,0.0056231143,0.0052482453,0.00793946,0.004898367,0.0052482453,0.00793946,0.0056231143,0.004898367,0.00793946,0.004898367,0.00793946,0.00793946,0.006455093,0.004898367,0.004898367,0.00793946,0.00793946,0.004898367,0.0060247597,0.0060247597,0.00793946,0.004898367,0.00793946,0.004898367,0.004898367,0.00793946,0.006916165,0.0074101696,0.0056231143,0.00793946,0.006916165,0.0052482453,0.006455093,0.0056231143,0.0060247597,0.00793946,0.004898367,0.00793946,0.004898367,0.004898367,0.006916165,0.006916165,0.006455093,0.0056231143,0.006455093,0.00793946,0.0074101696,0.004898367,0.0052482453,0.0052482453,0.00793946,0.00793946,0.0060247597,0.004898367,0.00793946,0.006916165,0.0074101696,0.006916165,0.004898367,0.0056231143,0.0074101696,0.0074101696,0.0056231143,0.0056231143,0.004898367,0.004898367,0.006455093,0.0056231143,0.004898367,0.0060247597,0.0074101696,0.0052482453,0.0056231143,0.0056231143,0.006916165,0.00793946,0.00793946,0.00793946,0.0060247597,0.0056231143,0.006916165,0.0074101696,0.004898367,0.0052482453,0.004898367,0.00793946,0.0074101696,0.0052482453,2,2
0.006272944,0.0072010704,0.007715425,0.007715425,0.004760145,0.0072010704,0.007715425,0.0067210053,0.007715425,0.004760145,0.006272944,0.005854754,0.004760145,0.004760145,0.004760145,0.005854754,0.006272944,0.0067210053,0.007715425,0.005854754,0.006272944,0.0072010704,0.006272944,0.0067210053,0.004760145,0.006272944,0.0054644416,0.006272944,0.005854754,0.0054644416,0.0067210053,0.005854754,0.007715425,0.0067210053,0.004760145,0.0054644416,0.0054644416,0.0072010704,0.004760145,0.007715425,0.004760145,0.0067210053,0.007715425,0.006272944,0.0072010704,0.007715425,0.0072010704,0.007715425,0.007715425,0.007715425,0.0054644416,0.007715425,0.005854754,0.006272944,0.004760145,0.007715425,0.0067210053,0.007715425,0.007715425,0.0051001506,0.006272944,0.005854754,0.0051001506,0.0051001506,0.007715425,0.005854754,0.006272944,0.004760145,0.0054644416,0.0067210053,0.0067210053,0.007715425,0.004760145,0.0051001506,0.004760145,0.007715425,0.005854754,0.007715425,0.007715425,0.0054644416,0.0051001506,0.004760145,0.0054644416,0.004760145,0.005854754,0.004760145,0.006272944,0.007715425,0.0072010704,0.004760145,0.0072010704,0.0067210053,0.007715425,0.004760145,0.007715425,0.0054644416,0.007715425,0.004760145,0.006272944,0.006272944,0.006272944,0.0067210053,0.0072010704,0.005854754,0.005854754,0.004760145,0.006272944,0.0054644416,0.004760145,0.004760145,0.005854754,0.007715425,0.0054644416,0.0054644416,0.007715425,0.004760145,0.0072010704,0.006272944,0.0067210053,0.0067210053,0.006272944,0.0067210053,0.007715425,0.007715425,0.0054644416,0.006272944,0.0067210053,0.005854754,0.006272944,0.006272944,0.0072010704,0.0054644416,0.004760145,0.005854754,0.0067210053,0.005854754,0.0051001506,0.0051001506,0.0067210053,0.0054644416,0.005854754,0.0067210053,0.005854754,0.0054644416,0.0072010704,0.0051001506,0.007715425,0.007715425,0.007715425,0.004760145,0.004760145,0.006272944,0.007715425,0.007715425,0.0054644416,0.005854754,0.006272944,0.006272944,0.006272944,0.004760145,2,1
0.0069689583,0.007466734,0.007466734,0.007466734,0.0052883066,0.0069689583,0.007466734,0.006504367,0.007466734,0.0046067117,0.0060707484,0.0052883066,0.0046067117,0.0046067117,0.0049357577,0.006504367,0.0060707484,0.0060707484,0.007466734,0.005666038,0.0069689583,0.0069689583,0.005666038,0.005666038,0.0046067117,0.006504367,0.0052883066,0.0060707484,0.0060707484,0.0060707484,0.007466734,0.0060707484,0.007466734,0.005666038,0.0046067117,0.0069689583,0.005666038,0.0060707484,0.0049357577,0.007466734,0.005666038,0.007466734,0.007466734,0.007466734,0.0046067117,0.0069689583,0.006504367,0.007466734,0.007466734,0.007466734,0.0052883066,0.0069689583,0.007466734,0.007466734,0.0046067117,0.007466734,0.006504367,0.007466734,0.007466734,0.005666038,0.007466734,0.0049357577,0.0046067117,0.0046067117,0.007466734,0.0049357577,0.0060707484,0.0049357577,0.005666038,0.0069689583,0.0060707484,0.007466734,0.0046067117,0.0052883066,0.0046067117,0.007466734,0.0060707484,0.007466734,0.007466734,0.007466734,0.007466734,0.0046067117,0.0046067117,0.0046067117,0.0046067117,0.007466734,0.007466734,0.007466734,0.005666038,0.007466734,0.007466734,0.006504367,0.007466734,0.0046067117,0.007466734,0.007466734,0.007466734,0.0049357577,0.0060707484,0.0046067117,0.0060707484,0.0069689583,0.0060707484,0.0052883066,0.0069689583,0.0046067117,0.005666038,0.005666038,0.0046067117,0.0060707484,0.0069689583,0.007466734,0.0052883066,0.007466734,0.006504367,0.0052883066,0.006504367,0.007466734,0.007466734,0.0052883066,0.007466734,0.0060707484,0.007466734,0.007466734,0.006504367,0.007466734,0.0060707484,0.0046067117,0.0049357577,0.006504367,0.007466734,0.0052883066,0.006504367,0.0069689583,0.0069689583,0.006504367,0.0049357577,0.0049357577,0.0069689583,0.0052883066,0.005666038,0.006504367,0.005666038,0.0046067117,0.006504367,0.005666038,0.007466734,0.007466734,0.007466734,0.0046067117,0.0046067117,0.0052883066,0.007466734,0.007466734,0.0060707484,0.005666038,0.0052883066,0.006504367,0.0060707484,0.0046067117,1,0
0.004869862,0.005590392,0.004869862,0.007893258,0.004869862,0.006417529,0.007893258,0.006875918,0.006875918,0.006417529,0.006417529,0.006417529,0.005590392,0.007893258,0.004869862,0.0059897,0.006417529,0.006417529,0.007893258,0.005217704,0.007893258,0.006875918,0.0059897,0.005590392,0.004869862,0.007893258,0.0059897,0.0059897,0.004869862,0.007893258,0.007893258,0.005590392,0.004869862,0.006875918,0.007893258,0.004869862,0.005590392,0.004869862,0.0073670475,0.005590392,0.004869862,0.0059897,0.007893258,0.0059897,0.007893258,0.005590392,0.005590392,0.004869862,0.007893258,0.0059897,0.005590392,0.005590392,0.005217704,0.0073670475,0.006875918,0.005217704,0.005590392,0.004869862,0.007893258,0.004869862,0.007893258,0.006875918,0.004869862,0.0059897,0.0073670475,0.005217704,0.006417529,0.005217704,0.007893258,0.007893258,0.007893258,0.007893258,0.005590392,0.005590392,0.004869862,0.004869862,0.005590392,0.004869862,0.007893258,0.004869862,0.004869862,0.005217704,0.007893258,0.007893258,0.006875918,0.004869862,0.004869862,0.005217704,0.0073670475,0.0059897,0.0059897,0.006875918,0.004869862,0.007893258,0.006875918,0.0059897,0.004869862,0.0059897,0.006875918,0.007893258,0.0059897,0.0059897,0.0073670475,0.006417529,0.0073670475,0.004869862,0.005590392,0.004869862,0.007893258,0.005590392,0.005217704,0.006875918,0.0059897,0.0059897,0.006417529,0.005590392,0.006417529,0.004869862,0.006417529,0.005217704,0.004869862,0.005217704,0.004869862,0.007893258,0.004869862,0.006417529,0.007893258,0.005590392,0.007893258,0.006875918,0.006417529,0.005590392,0.0073670475,0.0073670475,0.007893258,0.006875918,0.005217704,0.005590392,0.007893258,0.005590392,0.005590392,0.006875918,0.006417529,0.0073670475,0.005590392,0.005590392,0.007893258,0.007893258,0.007893258,0.004869862,0.004869862,0.005590392,0.006875918,0.0073670475,0.005217704,0.007893258,0.006417529,0.0059897,0.006417529,0.004869862,3,3
0.0053179273,0.0049634036,0.0075085564,0.0075085564,0.0046325144,0.0053179273,0.0075085564,0.007007993,0.0075085564,0.0075085564,0.007007993,0.0056977742,0.0046325144,0.0046325144,0.0053179273,0.0075085564,0.0065407995,0.0053179273,0.007007993,0.0056977742,0.007007993,0.007007993,0.0053179273,0.0049634036,0.0046325144,0.007007993,0.007007993,0.0053179273,0.006104752,0.007007993,0.0065407995,0.0056977742,0.0075085564,0.006104752,0.0046325144,0.007007993,0.006104752,0.0056977742,0.0046325144,0.007007993,0.0046325144,0.0075085564,0.0075085564,0.0075085564,0.007007993,0.0075085564,0.0056977742,0.0075085564,0.0075085564,0.007007993,0.0056977742,0.0075085564,0.0075085564,0.0075085564,0.0046325144,0.0075085564,0.006104752,0.0075085564,0.0075085564,0.007007993,0.007007993,0.0049634036,0.0049634036,0.006104752,0.0075085564,0.006104752,0.006104752,0.0053179273,0.006104752,0.0056977742,0.0056977742,0.0075085564,0.0053179273,0.0053179273,0.0046325144,0.0075085564,0.0056977742,0.0075085564,0.0075085564,0.0065407995,0.0075085564,0.0046325144,0.0046325144,0.0046325144,0.0046325144,0.0075085564,0.0075085564,0.0075085564,0.0046325144,0.0075085564,0.0075085564,0.0065407995,0.0075085564,0.0046325144,0.0075085564,0.0075085564,0.0075085564,0.0046325144,0.0056977742,0.0046325144,0.007007993,0.0075085564,0.0053179273,0.0049634036,0.0065407995,0.0046325144,0.0053179273,0.0053179273,0.0046325144,0.0065407995,0.0075085564,0.0075085564,0.0046325144,0.0075085564,0.007007993,0.0046325144,0.0065407995,0.007007993,0.0075085564,0.0046325144,0.0075085564,0.0053179273,0.0075085564,0.0075085564,0.007007993,0.006104752,0.0065407995,0.0056977742,0.006104752,0.006104752,0.0075085564,0.0053179273,0.006104752,0.007007993,0.006104752,0.0065407995,0.0056977742,0.0046325144,0.0065407995,0.0053179273,0.0053179273,0.0056977742,0.0053179273,0.0049634036,0.0053179273,0.0053179273,0.0075085564,0.0075085564,0.0075085564,0.0046325144,0.0046325144,0.0053179273,0.0075085564,0.0075085564,0.0075085564,0.0053179273,0.0056977742,0.006104752,0.0056977742,0.0053179273,2,0
0.007131367,0.007640743,0.007131367,0.0054115485,0.0050507835,0.005798083,0.007640743,0.0066559487,0.007640743,0.007640743,0.007640743,0.0066559487,0.0047140694,0.0062122247,0.0066559487,0.007131367,0.0062122247,0.0062122247,0.007640743,0.0050507835,0.007640743,0.007131367,0.0050507835,0.0047140694,0.0047140694,0.007640743,0.0054115485,0.0050507835,0.0050507835,0.0062122247,0.007640743,0.0054115485,0.0047140694,0.0066559487,0.007640743,0.005798083,0.0054115485,0.0066559487,0.005798083,0.007131367,0.0047140694,0.0062122247,0.007640743,0.0066559487,0.007640743,0.007640743,0.0054115485,0.0054115485,0.007640743,0.0062122247,0.007640743,0.005798083,0.005798083,0.0047140694,0.007131367,0.005798083,0.0062122247,0.005798083,0.0047140694,0.0047140694,0.007640743,0.0066559487,0.0062122247,0.0047140694,0.007640743,0.0050507835,0.0062122247,0.0054115485,0.007640743,0.005798083,0.007640743,0.007640743,0.0054115485,0.0050507835,0.007131367,0.007640743,0.0062122247,0.0047140694,0.0047140694,0.0054115485,0.0066559487,0.007131367,0.007640743,0.0047140694,0.0066559487,0.0047140694,0.0047140694,0.0050507835,0.0066559487,0.005798083,0.005798083,0.0066559487,0.0047140694,0.007640743,0.007640743,0.0066559487,0.0047140694,0.0066559487,0.0047140694,0.007640743,0.007640743,0.007131367,0.0047140694,0.0047140694,0.007131367,0.007640743,0.005798083,0.0047140694,0.007640743,0.007640743,0.007640743,0.007640743,0.0050507835,0.0047140694,0.007131367,0.007640743,0.0062122247,0.0047140694,0.0050507835,0.0047140694,0.007640743,0.0050507835,0.0066559487,0.0047140694,0.005798083,0.007640743,0.0050507835,0.0050507835,0.0047140694,0.0062122247,0.007640743,0.0054115485,0.0062122247,0.0062122247,0.0054115485,0.007131367,0.005798083,0.007640743,0.0062122247,0.0062122247,0.007640743,0.0066559487,0.005798083,0.005798083,0.0054115485,0.0066559487,0.007640743,0.007640743,0.007640743,0.0066559487,0.0062122247,0.0054115485,0.0062122247,0.0066559487,0.007640743,0.007640743,0.0062122247,0.0047140694,0.0054115485,0.0047140694,1,0
0.004768606,0.00586516,0.004768606,0.007729138,0.004768606,0.0062840935,0.007729138,0.0067329505,0.0072138687,0.007729138,0.00586516,0.00586516,0.004768606,0.007729138,0.007729138,0.007729138,0.0067329505,0.005474154,0.007729138,0.00586516,0.0067329505,0.0072138687,0.005474154,0.004768606,0.004768606,0.007729138,0.0067329505,0.00586516,0.0051092156,0.007729138,0.007729138,0.005474154,0.004768606,0.0067329505,0.007729138,0.0062840935,0.0062840935,0.004768606,0.0067329505,0.0062840935,0.0051092156,0.0062840935,0.007729138,0.00586516,0.007729138,0.0051092156,0.005474154,0.0062840935,0.0062840935,0.0062840935,0.0062840935,0.00586516,0.0062840935,0.0067329505,0.007729138,0.004768606,0.0062840935,0.004768606,0.0067329505,0.004768606,0.0072138687,0.0062840935,0.00586516,0.0051092156,0.0067329505,0.0051092156,0.00586516,0.0051092156,0.007729138,0.0062840935,0.0072138687,0.00586516,0.0051092156,0.005474154,0.0072138687,0.005474154,0.0062840935,0.0051092156,0.004768606,0.00586516,0.004768606,0.0067329505,0.007729138,0.007729138,0.0072138687,0.004768606,0.004768606,0.0051092156,0.0067329505,0.00586516,0.00586516,0.0062840935,0.0051092156,0.004768606,0.007729138,0.00586516,0.004768606,0.0067329505,0.0062840935,0.007729138,0.0067329505,0.00586516,0.0062840935,0.005474154,0.0067329505,0.004768606,0.005474154,0.004768606,0.007729138,0.0067329505,0.007729138,0.007729138,0.004768606,0.00586516,0.0072138687,0.00586516,0.0067329505,0.0062840935,0.005474154,0.004768606,0.0062840935,0.0051092156,0.00586516,0.007729138,0.0072138687,0.00586516,0.007729138,0.0062840935,0.007729138,0.0062840935,0.00586516,0.0062840935,0.0072138687,0.0072138687,0.0062840935,0.0072138687,0.0062840935,0.0062840935,0.0062840935,0.0067329505,0.005474154,0.0067329505,0.00586516,0.0067329505,0.0067329505,0.005474154,0.007729138,0.007729138,0.007729138,0.0062840935,0.005474154,0.005474154,0.0067329505,0.0072138687,0.00586516,0.007729138,0.0062840935,0.004768606,0.00586516,0.004768606,3,1
0.0059843864,0.0059843864,0.007886255,0.007886255,0.0048655416,0.0048655416,0.0068698176,0.007360512,0.007886255,0.007886255,0.005585432,0.005585432,0.005585432,0.0048655416,0.007886255,0.0048655416,0.006411836,0.005585432,0.007886255,0.0048655416,0.006411836,0.007360512,0.0052130753,0.006411836,0.0052130753,0.007360512,0.0059843864,0.005585432,0.0052130753,0.005585432,0.0068698176,0.006411836,0.006411836,0.007360512,0.007886255,0.0068698176,0.005585432,0.007886255,0.0048655416,0.007360512,0.0048655416,0.006411836,0.007360512,0.0059843864,0.007886255,0.0048655416,0.0048655416,0.007360512,0.0052130753,0.007886255,0.005585432,0.005585432,0.0068698176,0.0048655416,0.006411836,0.0048655416,0.0048655416,0.007886255,0.005585432,0.0068698176,0.007360512,0.0052130753,0.0068698176,0.0048655416,0.007886255,0.0059843864,0.006411836,0.0048655416,0.0068698176,0.007360512,0.005585432,0.0052130753,0.005585432,0.0052130753,0.007886255,0.0048655416,0.0052130753,0.007886255,0.0048655416,0.0048655416,0.0048655416,0.0048655416,0.007886255,0.007886255,0.007886255,0.0052130753,0.005585432,0.007886255,0.007360512,0.0059843864,0.0059843864,0.0068698176,0.007886255,0.0048655416,0.007886255,0.0048655416,0.0048655416,0.007886255,0.0059843864,0.0068698176,0.0068698176,0.006411836,0.005585432,0.0048655416,0.007886255,0.0048655416,0.0059843864,0.007886255,0.0048655416,0.007886255,0.0052130753,0.005585432,0.0052130753,0.007360512,0.0068698176,0.005585432,0.0068698176,0.007360512,0.005585432,0.0048655416,0.0052130753,0.0052130753,0.007886255,0.007886255,0.0059843864,0.0048655416,0.007886255,0.0068698176,0.007886255,0.0068698176,0.0059843864,0.005585432,0.007360512,0.007360512,0.0052130753,0.005585432,0.0048655416,0.0048655416,0.0068698176,0.005585432,0.0048655416,0.0052130753,0.007360512,0.005585432,0.005585432,0.005585432,0.006411836,0.007886255,0.007886255,0.007886255,0.0059843864,0.005585432,0.006411836,0.0068698176,0.0048655416,0.007360512,0.005585432,0.0059843864,0.0059843864,0.0048655416,2,2
0.0061984495,0.0066411896,0.0076238,0.0076238,0.004703616,0.0071155536,0.0076238,0.0066411896,0.0076238,0.004703616,0.0061984495,0.0053995484,0.004703616,0.004703616,0.005039584,0.0061984495,0.0061984495,0.0066411896,0.0076238,0.0061984495,0.0071155536,0.0071155536,0.0053995484,0.0053995484,0.004703616,0.0076238,0.0053995484,0.0061984495,0.005039584,0.0061984495,0.0066411896,0.0057852254,0.0076238,0.0066411896,0.004703616,0.0066411896,0.0057852254,0.0066411896,0.004703616,0.0076238,0.004703616,0.0071155536,0.0076238,0.0057852254,0.0053995484,0.0071155536,0.0066411896,0.0076238,0.0076238,0.0071155536,0.0053995484,0.0076238,0.0071155536,0.0076238,0.004703616,0.0076238,0.0066411896,0.0076238,0.0076238,0.0057852254,0.0071155536,0.0053995484,0.005039584,0.0053995484,0.0076238,0.005039584,0.0061984495,0.005039584,0.0057852254,0.0071155536,0.0066411896,0.0071155536,0.005039584,0.0053995484,0.004703616,0.0076238,0.0057852254,0.0076238,0.0076238,0.0057852254,0.0061984495,0.004703616,0.004703616,0.004703616,0.0057852254,0.0076238,0.0061984495,0.0076238,0.0057852254,0.005039584,0.0076238,0.0066411896,0.0076238,0.004703616,0.0076238,0.005039584,0.0066411896,0.004703616,0.0061984495,0.005039584,0.0071155536,0.0071155536,0.0057852254,0.0053995484,0.0066411896,0.004703616,0.0061984495,0.0053995484,0.004703616,0.0057852254,0.0061984495,0.0076238,0.005039584,0.0057852254,0.0071155536,0.0076238,0.0066411896,0.0053995484,0.0057852254,0.005039584,0.0076238,0.0071155536,0.0076238,0.0076238,0.0061984495,0.0066411896,0.0071155536,0.005039584,0.0061984495,0.0066411896,0.0071155536,0.0053995484,0.0057852254,0.0061984495,0.0071155536,0.0057852254,0.0053995484,0.0053995484,0.0066411896,0.0053995484,0.0057852254,0.0066411896,0.004703616,0.004703616,0.0071155536,0.0053995484,0.0076238,0.0076238,0.0076238,0.004703616,0.0061984495,0.0066411896,0.0066411896,0.0071155536,0.0053995484,0.0066411896,0.0066411896,0.0061984495,0.0061984495,0.005039584,2,1
0.0052195806,0.0052195806,0.0048716133,0.007896096,0.0048716133,0.0052195806,0.0059918542,0.007369697,0.007896096,0.007896096,0.006419837,0.005592402,0.0048716133,0.007896096,0.007896096,0.0052195806,0.0068783904,0.0059918542,0.007896096,0.0048716133,0.0052195806,0.007369697,0.005592402,0.006419837,0.0059918542,0.0059918542,0.005592402,0.005592402,0.006419837,0.0048716133,0.005592402,0.0059918542,0.005592402,0.006419837,0.007896096,0.0059918542,0.006419837,0.0048716133,0.0059918542,0.005592402,0.0052195806,0.007369697,0.0068783904,0.005592402,0.007896096,0.005592402,0.005592402,0.007369697,0.006419837,0.0068783904,0.0059918542,0.005592402,0.006419837,0.007896096,0.005592402,0.0052195806,0.0059918542,0.0052195806,0.0059918542,0.0052195806,0.0052195806,0.0059918542,0.0068783904,0.0068783904,0.0059918542,0.0052195806,0.006419837,0.0048716133,0.007369697,0.005592402,0.0048716133,0.0052195806,0.005592402,0.0052195806,0.007369697,0.0048716133,0.0052195806,0.0052195806,0.0068783904,0.0048716133,0.0048716133,0.007369697,0.007896096,0.007896096,0.0068783904,0.0048716133,0.005592402,0.0068783904,0.007896096,0.005592402,0.0059918542,0.0068783904,0.0052195806,0.0068783904,0.007896096,0.0059918542,0.0048716133,0.0068783904,0.006419837,0.0068783904,0.007369697,0.007896096,0.0052195806,0.0052195806,0.0059918542,0.0048716133,0.005592402,0.0048716133,0.007896096,0.007896096,0.007369697,0.0068783904,0.006419837,0.0059918542,0.006419837,0.0059918542,0.0068783904,0.0059918542,0.0059918542,0.0048716133,0.005592402,0.0052195806,0.007896096,0.007896096,0.0059918542,0.007369697,0.007896096,0.006419837,0.007896096,0.0068783904,0.005592402,0.005592402,0.007369697,0.007369697,0.0052195806,0.0059918542,0.0052195806,0.0052195806,0.007369697,0.005592402,0.007896096,0.0059918542,0.0059918542,0.0059918542,0.006419837,0.005592402,0.007896096,0.007896096,0.007896096,0.007896096,0.0052195806,0.005592402,0.0068783904,0.007369697,0.0048716133,0.0068783904,0.0059918542,0.0059918542,0.0068783904,0.0048716133,3,3
0.0075236997,0.0075236997,0.0075236997,0.0075236997,0.004973414,0.0070221266,0.0075236997,0.006117064,0.0065539908,0.0046418575,0.0070221266,0.0065539908,0.0046418575,0.0046418575,0.0046418575,0.005709266,0.006117064,0.0065539908,0.0075236997,0.005709266,0.0070221266,0.0070221266,0.006117064,0.005709266,0.0046418575,0.004973414,0.0053286524,0.006117064,0.006117064,0.0053286524,0.0065539908,0.006117064,0.0075236997,0.006117064,0.0046418575,0.0070221266,0.005709266,0.006117064,0.0053286524,0.0065539908,0.006117064,0.0075236997,0.005709266,0.006117064,0.0046418575,0.0075236997,0.0065539908,0.0075236997,0.0075236997,0.0075236997,0.0053286524,0.0075236997,0.0075236997,0.0075236997,0.0046418575,0.0075236997,0.0065539908,0.0075236997,0.0075236997,0.006117064,0.0053286524,0.005709266,0.0046418575,0.0046418575,0.0075236997,0.006117064,0.006117064,0.004973414,0.005709266,0.006117064,0.006117064,0.0075236997,0.0046418575,0.0053286524,0.0046418575,0.0075236997,0.006117064,0.0075236997,0.0075236997,0.0075236997,0.0075236997,0.0046418575,0.0046418575,0.0046418575,0.0046418575,0.0075236997,0.0075236997,0.0075236997,0.005709266,0.0075236997,0.0075236997,0.0065539908,0.0075236997,0.0046418575,0.0075236997,0.0075236997,0.0075236997,0.0046418575,0.006117064,0.0046418575,0.005709266,0.0075236997,0.0065539908,0.0053286524,0.005709266,0.0046418575,0.005709266,0.005709266,0.0046418575,0.005709266,0.0065539908,0.0075236997,0.0053286524,0.0075236997,0.0070221266,0.004973414,0.0065539908,0.0075236997,0.0075236997,0.0053286524,0.0075236997,0.0065539908,0.0075236997,0.0075236997,0.0075236997,0.0075236997,0.006117064,0.0046418575,0.004973414,0.0065539908,0.006117064,0.0053286524,0.006117064,0.0070221266,0.0070221266,0.0065539908,0.0053286524,0.0046418575,0.006117064,0.005709266,0.0053286524,0.006117064,0.005709266,0.0046418575,0.0065539908,0.0065539908,0.0075236997,0.0075236997,0.0075236997,0.0046418575,0.004973414,0.0053286524,0.0070221266,0.0075236997,0.0065539908,0.0070221266,0.004973414,0.006117064,0.006117064,0.0046418575,0,2
0.004824567,0.005169174,0.007819843,0.007819843,0.004824567,0.005169174,0.006811965,0.006811965,0.007298527,0.007819843,0.00593399,0.0055383956,0.0055383956,0.004824567,0.007819843,0.006811965,0.004824567,0.0055383956,0.007819843,0.005169174,0.006811965,0.007298527,0.0055383956,0.004824567,0.004824567,0.007298527,0.006811965,0.00593399,0.00593399,0.005169174,0.007819843,0.00635784,0.00593399,0.006811965,0.007819843,0.00593399,0.0055383956,0.007298527,0.004824567,0.0055383956,0.004824567,0.006811965,0.007819843,0.00593399,0.007819843,0.0055383956,0.00593399,0.006811965,0.007298527,0.00635784,0.0055383956,0.004824567,0.007819843,0.0055383956,0.0055383956,0.005169174,0.0055383956,0.006811965,0.00593399,0.0055383956,0.006811965,0.005169174,0.006811965,0.0055383956,0.007819843,0.00635784,0.00593399,0.004824567,0.00635784,0.006811965,0.004824567,0.00635784,0.0055383956,0.005169174,0.007819843,0.005169174,0.005169174,0.00635784,0.0055383956,0.004824567,0.005169174,0.00635784,0.007819843,0.007819843,0.007819843,0.004824567,0.00635784,0.007819843,0.007298527,0.00593399,0.00635784,0.006811965,0.007819843,0.004824567,0.007819843,0.004824567,0.004824567,0.006811965,0.00635784,0.007298527,0.00635784,0.00635784,0.00635784,0.004824567,0.00635784,0.004824567,0.0055383956,0.007298527,0.004824567,0.007819843,0.007298527,0.007298527,0.005169174,0.007819843,0.00593399,0.0055383956,0.006811965,0.007819843,0.0055383956,0.004824567,0.004824567,0.005169174,0.007819843,0.007819843,0.0055383956,0.005169174,0.007298527,0.006811965,0.007819843,0.007298527,0.006811965,0.00593399,0.006811965,0.007298527,0.00593399,0.00593399,0.005169174,0.004824567,0.007298527,0.0055383956,0.007819843,0.00593399,0.00635784,0.0055383956,0.00593399,0.005169174,0.007819843,0.007819843,0.007819843,0.007298527,0.0055383956,0.0055383956,0.00635784,0.006811965,0.004824567,0.007298527,0.00593399,0.00635784,0.004824567,0.005169174,2,2
0.004978789,0.005715436,0.0061236755,0.008069811,0.004978789,0.0061236755,0.008069811,0.007029716,0.008069811,0.008069811,0.005715436,0.0053344117,0.004978789,0.008069811,0.005715436,0.004978789,0.0061236755,0.007029716,0.008069811,0.0065610744,0.007531831,0.007531831,0.0065610744,0.0065610744,0.004978789,0.005715436,0.0061236755,0.0065610744,0.0065610744,0.0065610744,0.008069811,0.005715436,0.0053344117,0.007029716,0.008069811,0.004978789,0.0053344117,0.0065610744,0.0065610744,0.005715436,0.004978789,0.0065610744,0.008069811,0.0061236755,0.008069811,0.004978789,0.0053344117,0.004978789,0.007531831,0.0061236755,0.0061236755,0.004978789,0.005715436,0.008069811,0.005715436,0.004978789,0.004978789,0.004978789,0.008069811,0.005715436,0.004978789,0.007029716,0.005715436,0.005715436,0.0053344117,0.005715436,0.005715436,0.0053344117,0.008069811,0.0061236755,0.004978789,0.007531831,0.005715436,0.005715436,0.0053344117,0.004978789,0.0053344117,0.005715436,0.007029716,0.0053344117,0.0053344117,0.004978789,0.0061236755,0.008069811,0.008069811,0.004978789,0.004978789,0.0065610744,0.007531831,0.0061236755,0.0061236755,0.004978789,0.004978789,0.008069811,0.0053344117,0.004978789,0.004978789,0.005715436,0.007531831,0.0065610744,0.005715436,0.0065610744,0.007531831,0.0061236755,0.008069811,0.004978789,0.005715436,0.004978789,0.007029716,0.0065610744,0.0061236755,0.0065610744,0.0065610744,0.008069811,0.007029716,0.005715436,0.0061236755,0.004978789,0.005715436,0.004978789,0.004978789,0.0053344117,0.004978789,0.008069811,0.0053344117,0.005715436,0.008069811,0.0065610744,0.008069811,0.007029716,0.0065610744,0.005715436,0.007531831,0.007531831,0.005715436,0.0061236755,0.0053344117,0.005715436,0.008069811,0.0061236755,0.005715436,0.0061236755,0.0065610744,0.0061236755,0.005715436,0.0053344117,0.008069811,0.008069811,0.008069811,0.004978789,0.004978789,0.005715436,0.007531831,0.008069811,0.004978789,0.0065610744,0.0053344117,0.007029716,0.007029716,0.004978789,3,3
0.006126384,0.0070328256,0.007535163,0.007535163,0.00464893,0.0065639764,0.007535163,0.0065639764,0.007535163,0.00464893,0.0070328256,0.006126384,0.00464893,0.00464893,0.006126384,0.007535163,0.006126384,0.0053367713,0.007535163,0.0057179644,0.006126384,0.0070328256,0.006126384,0.0057179644,0.00464893,0.0065639764,0.0053367713,0.0049809916,0.00464893,0.007535163,0.007535163,0.0065639764,0.0057179644,0.0057179644,0.00464893,0.0070328256,0.0053367713,0.0070328256,0.0053367713,0.007535163,0.00464893,0.0065639764,0.007535163,0.0065639764,0.007535163,0.0070328256,0.006126384,0.007535163,0.007535163,0.0065639764,0.0053367713,0.007535163,0.0057179644,0.0053367713,0.00464893,0.007535163,0.00464893,0.007535163,0.007535163,0.0053367713,0.007535163,0.0057179644,0.00464893,0.0049809916,0.007535163,0.0049809916,0.0053367713,0.006126384,0.006126384,0.0070328256,0.007535163,0.007535163,0.0053367713,0.0053367713,0.00464893,0.007535163,0.0057179644,0.007535163,0.007535163,0.0057179644,0.0065639764,0.0049809916,0.007535163,0.007535163,0.0070328256,0.0070328256,0.0065639764,0.007535163,0.0070328256,0.00464893,0.0057179644,0.0065639764,0.007535163,0.00464893,0.007535163,0.0070328256,0.006126384,0.0057179644,0.006126384,0.0053367713,0.0065639764,0.0065639764,0.0065639764,0.0057179644,0.0049809916,0.006126384,0.0057179644,0.0049809916,0.00464893,0.007535163,0.006126384,0.007535163,0.0049809916,0.00464893,0.0049809916,0.0053367713,0.0065639764,0.0070328256,0.006126384,0.0053367713,0.0065639764,0.006126384,0.007535163,0.007535163,0.0053367713,0.006126384,0.0065639764,0.006126384,0.0065639764,0.006126384,0.007535163,0.0053367713,0.0065639764,0.0070328256,0.0065639764,0.0070328256,0.00464893,0.0049809916,0.006126384,0.0065639764,0.007535163,0.0065639764,0.006126384,0.00464893,0.0065639764,0.007535163,0.007535163,0.007535163,0.007535163,0.00464893,0.006126384,0.0053367713,0.006126384,0.0065639764,0.0049809916,0.007535163,0.006126384,0.006126384,0.0053367713,0.00464893,2,1
0.007110756,0.0076186596,0.0076186596,0.0076186596,0.005395908,0.00619427,0.006636712,0.007110756,0.0076186596,0.0076186596,0.0076186596,0.006636712,0.0047004446,0.0047004446,0.005395908,0.006636712,0.00619427,0.0057813246,0.007110756,0.005395908,0.0057813246,0.007110756,0.00619427,0.00619427,0.0047004446,0.005395908,0.0057813246,0.005395908,0.006636712,0.0047004446,0.0047004446,0.00619427,0.0076186596,0.006636712,0.0047004446,0.006636712,0.00619427,0.0057813246,0.0047004446,0.007110756,0.0047004446,0.0076186596,0.0076186596,0.0076186596,0.007110756,0.0076186596,0.006636712,0.0076186596,0.0076186596,0.007110756,0.005395908,0.0076186596,0.0076186596,0.0076186596,0.0047004446,0.0076186596,0.006636712,0.0076186596,0.0076186596,0.00619427,0.0047004446,0.007110756,0.0047004446,0.0047004446,0.0047004446,0.0050361855,0.00619427,0.0047004446,0.005395908,0.0057813246,0.0047004446,0.0076186596,0.0047004446,0.0050361855,0.0047004446,0.0076186596,0.00619427,0.0076186596,0.0076186596,0.00619427,0.007110756,0.007110756,0.0047004446,0.0047004446,0.00619427,0.0047004446,0.0076186596,0.0076186596,0.0057813246,0.0047004446,0.007110756,0.006636712,0.0076186596,0.0047004446,0.0076186596,0.0076186596,0.0076186596,0.0047004446,0.00619427,0.0047004446,0.0050361855,0.0076186596,0.006636712,0.0050361855,0.0050361855,0.0047004446,0.00619427,0.00619427,0.0047004446,0.0047004446,0.006636712,0.0076186596,0.0057813246,0.0076186596,0.007110756,0.0047004446,0.006636712,0.0076186596,0.0076186596,0.00619427,0.0076186596,0.006636712,0.0076186596,0.0076186596,0.00619427,0.0076186596,0.007110756,0.0047004446,0.0047004446,0.006636712,0.0057813246,0.005395908,0.00619427,0.007110756,0.0050361855,0.005395908,0.0047004446,0.0050361855,0.006636712,0.005395908,0.0057813246,0.006636712,0.005395908,0.0047004446,0.007110756,0.005395908,0.0076186596,0.006636712,0.00619427,0.0047004446,0.0047004446,0.005395908,0.0076186596,0.0076186596,0.00619427,0.0047004446,0.006636712,0.0076186596,0.0076186596,0.006636712,1,1
0.0071194405,0.0076279645,0.0076279645,0.0076279645,0.005788386,0.006644817,0.0076279645,0.005788386,0.006644817,0.005788386,0.006644817,0.006644817,0.0047061853,0.0047061853,0.0047061853,0.005788386,0.0071194405,0.006644817,0.0076279645,0.0062018353,0.006644817,0.0071194405,0.0062018353,0.0062018353,0.0047061853,0.0047061853,0.005402498,0.0062018353,0.0062018353,0.0050423364,0.0062018353,0.005788386,0.0076279645,0.006644817,0.0047061853,0.006644817,0.0062018353,0.005788386,0.0047061853,0.0076279645,0.0071194405,0.0062018353,0.005788386,0.005788386,0.0047061853,0.0076279645,0.006644817,0.0076279645,0.0076279645,0.0071194405,0.005402498,0.0076279645,0.0076279645,0.0076279645,0.0047061853,0.0076279645,0.006644817,0.0076279645,0.0076279645,0.0062018353,0.005402498,0.006644817,0.0047061853,0.0047061853,0.0062018353,0.0050423364,0.0062018353,0.0047061853,0.005402498,0.005788386,0.005788386,0.0076279645,0.0047061853,0.0050423364,0.0047061853,0.0076279645,0.0062018353,0.0076279645,0.0076279645,0.0071194405,0.0076279645,0.005402498,0.0047061853,0.0047061853,0.0047061853,0.0071194405,0.0076279645,0.0076279645,0.005788386,0.0076279645,0.0076279645,0.006644817,0.0076279645,0.0047061853,0.0076279645,0.0076279645,0.0076279645,0.0047061853,0.0062018353,0.0047061853,0.006644817,0.0076279645,0.006644817,0.0050423364,0.006644817,0.0047061853,0.005788386,0.0062018353,0.0047061853,0.005402498,0.0071194405,0.0076279645,0.0050423364,0.0076279645,0.0062018353,0.0047061853,0.0062018353,0.0076279645,0.0071194405,0.0047061853,0.0076279645,0.0062018353,0.0076279645,0.0076279645,0.005788386,0.0076279645,0.0071194405,0.0047061853,0.0047061853,0.006644817,0.006644817,0.005402498,0.006644817,0.0071194405,0.005788386,0.005402498,0.0050423364,0.0047061853,0.0062018353,0.005402498,0.005402498,0.006644817,0.005788386,0.0047061853,0.006644817,0.005402498,0.0076279645,0.0076279645,0.0076279645,0.0047061853,0.0047061853,0.005402498,0.0076279645,0.0076279645,0.0062018353,0.0076279645,0.0047061853,0.005402498,0.0050423364,0.0047061853,1,1
0.006141091,0.007553252,0.007553252,0.007553252,0.004992949,0.0070497086,0.007553252,0.006141091,0.0070497086,0.004992949,0.0065797344,0.005731691,0.0046600904,0.0046600904,0.006141091,0.007553252,0.006141091,0.005349583,0.007553252,0.005731691,0.007553252,0.0070497086,0.0046600904,0.004992949,0.0046600904,0.007553252,0.005349583,0.004992949,0.0046600904,0.007553252,0.0070497086,0.005731691,0.007553252,0.006141091,0.0046600904,0.0065797344,0.006141091,0.006141091,0.0046600904,0.007553252,0.0046600904,0.0070497086,0.007553252,0.007553252,0.0070497086,0.006141091,0.006141091,0.007553252,0.007553252,0.0070497086,0.005731691,0.0070497086,0.006141091,0.007553252,0.0046600904,0.007553252,0.0065797344,0.007553252,0.007553252,0.005731691,0.007553252,0.005731691,0.004992949,0.005349583,0.007553252,0.004992949,0.005731691,0.005731691,0.006141091,0.0070497086,0.007553252,0.007553252,0.0046600904,0.004992949,0.004992949,0.007553252,0.005731691,0.007553252,0.007553252,0.006141091,0.007553252,0.0046600904,0.004992949,0.0046600904,0.0046600904,0.007553252,0.006141091,0.007553252,0.005349583,0.005731691,0.007553252,0.0065797344,0.007553252,0.0046600904,0.007553252,0.005731691,0.007553252,0.0046600904,0.006141091,0.005731691,0.005731691,0.0065797344,0.007553252,0.006141091,0.0070497086,0.0046600904,0.005349583,0.005349583,0.0046600904,0.0070497086,0.0065797344,0.007553252,0.0046600904,0.005349583,0.0070497086,0.0046600904,0.0065797344,0.0070497086,0.005731691,0.0046600904,0.007553252,0.0070497086,0.007553252,0.007553252,0.007553252,0.0065797344,0.0065797344,0.005731691,0.006141091,0.006141091,0.0070497086,0.005349583,0.005731691,0.006141091,0.0070497086,0.0070497086,0.004992949,0.0046600904,0.005731691,0.005349583,0.005731691,0.006141091,0.004992949,0.004992949,0.005349583,0.0070497086,0.007553252,0.007553252,0.007553252,0.0046600904,0.0046600904,0.005349583,0.0070497086,0.0070497086,0.0065797344,0.007553252,0.006141091,0.006141091,0.005349583,0.004992949,1,0
0.007170328,0.006692312,0.007682487,0.007682487,0.0047398238,0.0050783777,0.0062461644,0.007170328,0.007682487,0.007682487,0.0062461644,0.006692312,0.0047398238,0.0047398238,0.007682487,0.006692312,0.007170328,0.0058297594,0.006692312,0.0047398238,0.0062461644,0.007170328,0.0054411134,0.007170328,0.0054411134,0.0062461644,0.006692312,0.0050783777,0.0054411134,0.0047398238,0.0047398238,0.0054411134,0.007170328,0.007170328,0.0050783777,0.007170328,0.0058297594,0.007682487,0.0054411134,0.0062461644,0.0047398238,0.007170328,0.007682487,0.0058297594,0.007682487,0.006692312,0.0058297594,0.007682487,0.007682487,0.0054411134,0.0054411134,0.0050783777,0.007170328,0.0050783777,0.0054411134,0.0050783777,0.0047398238,0.007682487,0.0054411134,0.0050783777,0.006692312,0.0050783777,0.006692312,0.0047398238,0.007682487,0.0058297594,0.0062461644,0.0047398238,0.0054411134,0.007170328,0.007170328,0.0058297594,0.0054411134,0.0050783777,0.007682487,0.006692312,0.0050783777,0.007682487,0.007170328,0.0054411134,0.0050783777,0.0062461644,0.007682487,0.007682487,0.007682487,0.0047398238,0.0062461644,0.007682487,0.0058297594,0.0047398238,0.006692312,0.006692312,0.007682487,0.0047398238,0.007682487,0.0050783777,0.0062461644,0.0062461644,0.0062461644,0.0050783777,0.007682487,0.007682487,0.006692312,0.0050783777,0.0050783777,0.0047398238,0.0054411134,0.0054411134,0.0047398238,0.007682487,0.0058297594,0.007170328,0.0062461644,0.007682487,0.0058297594,0.0058297594,0.006692312,0.007682487,0.007170328,0.0050783777,0.0062461644,0.006692312,0.007682487,0.007682487,0.0050783777,0.0062461644,0.007682487,0.0062461644,0.0062461644,0.007170328,0.006692312,0.0054411134,0.006692312,0.006692312,0.006692312,0.0058297594,0.0050783777,0.0050783777,0.007170328,0.0054411134,0.0054411134,0.007170328,0.0062461644,0.0047398238,0.0062461644,0.0050783777,0.007682487,0.007682487,0.007682487,0.0062461644,0.0054411134,0.0054411134,0.006692312,0.007170328,0.0047398238,0.0058297594,0.0058297594,0.006692312,0.006692312,0.0050783777,2,4
0.005160723,0.005924288,0.0078070574,0.0078070574,0.0048166793,0.006347445,0.0078070574,0.006800827,0.007286594,0.0078070574,0.0055293404,0.0055293404,0.0078070574,0.0048166793,0.0078070574,0.005160723,0.005924288,0.006800827,0.0078070574,0.005160723,0.007286594,0.006347445,0.006347445,0.006347445,0.0048166793,0.0078070574,0.0055293404,0.006347445,0.0055293404,0.0078070574,0.006347445,0.005924288,0.006347445,0.007286594,0.006800827,0.005160723,0.0048166793,0.0078070574,0.0048166793,0.0055293404,0.0048166793,0.006347445,0.0078070574,0.005924288,0.0078070574,0.0055293404,0.005160723,0.0078070574,0.005924288,0.0078070574,0.0055293404,0.006347445,0.0078070574,0.0048166793,0.0055293404,0.0048166793,0.0048166793,0.0078070574,0.005924288,0.007286594,0.006347445,0.005160723,0.007286594,0.0048166793,0.0078070574,0.005160723,0.005924288,0.005160723,0.0055293404,0.006800827,0.005924288,0.005924288,0.0055293404,0.0055293404,0.006347445,0.0048166793,0.005160723,0.0078070574,0.005160723,0.0048166793,0.0048166793,0.005160723,0.0078070574,0.0078070574,0.0078070574,0.0048166793,0.005924288,0.0078070574,0.007286594,0.0055293404,0.006800827,0.006800827,0.0078070574,0.0048166793,0.0078070574,0.0048166793,0.005160723,0.0078070574,0.005924288,0.007286594,0.006800827,0.006347445,0.007286594,0.005160723,0.007286594,0.0048166793,0.0055293404,0.006800827,0.0048166793,0.0078070574,0.005924288,0.006347445,0.006800827,0.005924288,0.006347445,0.005160723,0.006800827,0.0078070574,0.0055293404,0.0048166793,0.005160723,0.005160723,0.0078070574,0.0078070574,0.0055293404,0.006347445,0.007286594,0.006800827,0.0078070574,0.006347445,0.005924288,0.006800827,0.007286594,0.007286594,0.005160723,0.0055293404,0.005160723,0.005160723,0.007286594,0.0055293404,0.0055293404,0.006800827,0.006347445,0.005160723,0.0055293404,0.005160723,0.0078070574,0.0078070574,0.0078070574,0.0048166793,0.0048166793,0.0055293404,0.006800827,0.007286594,0.0048166793,0.006347445,0.0055293404,0.006800827,0.0055293404,0.005160723,2,2
0.006940512,0.0074362555,0.0074362555,0.0074362555,0.0045879073,0.006940512,0.0074362555,0.0060459683,0.0074362555,0.0045879073,0.006940512,0.0060459683,0.0045879073,0.0045879073,0.0045879073,0.0060459683,0.0060459683,0.0060459683,0.0074362555,0.0060459683,0.006940512,0.006940512,0.0052667204,0.0056429096,0.0045879073,0.006940512,0.0052667204,0.0060459683,0.0049156104,0.006940512,0.006477817,0.0056429096,0.0074362555,0.0060459683,0.0045879073,0.006940512,0.0052667204,0.0060459683,0.0045879073,0.006477817,0.0049156104,0.0074362555,0.0074362555,0.0074362555,0.0056429096,0.0074362555,0.006477817,0.0074362555,0.0074362555,0.0074362555,0.0052667204,0.0074362555,0.0074362555,0.0074362555,0.0045879073,0.0074362555,0.006477817,0.0074362555,0.0074362555,0.0056429096,0.0074362555,0.0049156104,0.0045879073,0.0045879073,0.0074362555,0.0060459683,0.0060459683,0.0049156104,0.0056429096,0.0060459683,0.0060459683,0.0074362555,0.0045879073,0.0052667204,0.0045879073,0.0074362555,0.0060459683,0.0074362555,0.0074362555,0.0074362555,0.0074362555,0.0045879073,0.0045879073,0.0045879073,0.0045879073,0.0074362555,0.0074362555,0.0074362555,0.0056429096,0.0074362555,0.0074362555,0.006477817,0.0074362555,0.0045879073,0.0074362555,0.0074362555,0.0074362555,0.0045879073,0.0060459683,0.0049156104,0.0060459683,0.006477817,0.0060459683,0.0052667204,0.006940512,0.0045879073,0.0056429096,0.0052667204,0.0045879073,0.006477817,0.006940512,0.0074362555,0.0052667204,0.0074362555,0.006940512,0.0045879073,0.006477817,0.0074362555,0.0074362555,0.0052667204,0.0074362555,0.006940512,0.0074362555,0.0074362555,0.0074362555,0.0074362555,0.0060459683,0.0045879073,0.0045879073,0.0060459683,0.0074362555,0.0052667204,0.006477817,0.006940512,0.006940512,0.006940512,0.0049156104,0.0045879073,0.0060459683,0.0052667204,0.0056429096,0.006477817,0.0052667204,0.0045879073,0.0056429096,0.006477817,0.0074362555,0.0074362555,0.0074362555,0.0045879073,0.0060459683,0.0052667204,0.006477817,0.006940512,0.006477817,0.0045879073,0.0074362555,0.006940512,0.006940512,0.0074362555,1,1
0.0048114136,0.005155081,0.0059178118,0.0077985227,0.0048114136,0.0055232956,0.0077985227,0.006793393,0.0077985227,0.0077985227,0.006340506,0.0059178118,0.0048114136,0.0048114136,0.0077985227,0.0077985227,0.006340506,0.0059178118,0.0077985227,0.0055232956,0.006793393,0.007278628,0.0048114136,0.0048114136,0.0048114136,0.0077985227,0.006340506,0.0055232956,0.005155081,0.006793393,0.0077985227,0.006340506,0.0048114136,0.005155081,0.0077985227,0.005155081,0.0048114136,0.0059178118,0.0048114136,0.0055232956,0.0048114136,0.006793393,0.0077985227,0.006340506,0.0077985227,0.0048114136,0.0055232956,0.0059178118,0.006340506,0.0059178118,0.006340506,0.006340506,0.006340506,0.0048114136,0.0077985227,0.0077985227,0.0048114136,0.005155081,0.0048114136,0.007278628,0.006793393,0.005155081,0.006340506,0.0048114136,0.007278628,0.005155081,0.0059178118,0.0048114136,0.006340506,0.006340506,0.0077985227,0.0077985227,0.0055232956,0.0055232956,0.0059178118,0.0055232956,0.006340506,0.006793393,0.0055232956,0.0055232956,0.0048114136,0.0059178118,0.0077985227,0.0077985227,0.0077985227,0.0048114136,0.0048114136,0.006340506,0.007278628,0.0059178118,0.006793393,0.006793393,0.006340506,0.0048114136,0.007278628,0.0059178118,0.0048114136,0.006340506,0.0055232956,0.0077985227,0.0077985227,0.007278628,0.0059178118,0.005155081,0.006340506,0.0055232956,0.0055232956,0.005155081,0.0048114136,0.0077985227,0.0077985227,0.0077985227,0.0048114136,0.007278628,0.006793393,0.006793393,0.006793393,0.0055232956,0.0059178118,0.0048114136,0.0059178118,0.006340506,0.0077985227,0.0077985227,0.0055232956,0.007278628,0.0077985227,0.0055232956,0.0077985227,0.007278628,0.007278628,0.0055232956,0.007278628,0.007278628,0.0055232956,0.0077985227,0.0059178118,0.0048114136,0.006340506,0.007278628,0.0059178118,0.0059178118,0.0059178118,0.0055232956,0.006793393,0.0055232956,0.0077985227,0.0077985227,0.0077985227,0.005155081,0.0048114136,0.0055232956,0.006340506,0.006793393,0.0059178118,0.0077985227,0.006340506,0.006340506,0.0055232956,0.0048114136,3,0
0.0075605838,0.0075605838,0.0075605838,0.0075605838,0.006147052,0.006147052,0.0075605838,0.0070565515,0.0075605838,0.0075605838,0.006586121,0.006586121,0.004664614,0.004664614,0.0049977954,0.0053547756,0.006586121,0.006586121,0.0075605838,0.0049977954,0.006147052,0.0070565515,0.005737255,0.006147052,0.006147052,0.006147052,0.0053547756,0.006147052,0.006147052,0.006147052,0.005737255,0.0053547756,0.0075605838,0.006586121,0.004664614,0.006586121,0.006147052,0.006147052,0.004664614,0.006147052,0.006147052,0.0075605838,0.0075605838,0.0075605838,0.0053547756,0.006586121,0.006147052,0.0075605838,0.0075605838,0.006147052,0.0053547756,0.0075605838,0.0075605838,0.0075605838,0.004664614,0.0075605838,0.006586121,0.0075605838,0.0075605838,0.006147052,0.0049977954,0.006586121,0.0049977954,0.0049977954,0.0070565515,0.0049977954,0.006147052,0.004664614,0.0053547756,0.005737255,0.004664614,0.0075605838,0.004664614,0.0053547756,0.004664614,0.0075605838,0.006147052,0.0075605838,0.0075605838,0.0070565515,0.006586121,0.0049977954,0.004664614,0.004664614,0.004664614,0.0075605838,0.0075605838,0.0075605838,0.005737255,0.0075605838,0.0070565515,0.006586121,0.0075605838,0.004664614,0.0075605838,0.0075605838,0.0075605838,0.004664614,0.006147052,0.004664614,0.005737255,0.0075605838,0.006586121,0.0049977954,0.006586121,0.004664614,0.005737255,0.006147052,0.004664614,0.0049977954,0.0075605838,0.0075605838,0.0049977954,0.0070565515,0.006586121,0.006147052,0.006147052,0.0075605838,0.006586121,0.004664614,0.0075605838,0.006586121,0.0075605838,0.0075605838,0.006147052,0.0075605838,0.006147052,0.004664614,0.004664614,0.006147052,0.006586121,0.0053547756,0.006586121,0.0070565515,0.006147052,0.0053547756,0.0049977954,0.004664614,0.006147052,0.0053547756,0.005737255,0.006586121,0.005737255,0.004664614,0.0070565515,0.005737255,0.0075605838,0.0075605838,0.0075605838,0.004664614,0.004664614,0.0053547756,0.0075605838,0.0075605838,0.006147052,0.0070565515,0.0049977954,0.006147052,0.005737255,0.004664614,0,1
0.0075172163,0.006548343,0.0075172163,0.0075172163,0.0046378574,0.0070160753,0.0075172163,0.0070160753,0.0075172163,0.0061117928,0.0070160753,0.0053240606,0.0046378574,0.0046378574,0.0053240606,0.006548343,0.0070160753,0.0057043456,0.0075172163,0.0061117928,0.0070160753,0.0070160753,0.0057043456,0.0053240606,0.0046378574,0.0057043456,0.0053240606,0.0061117928,0.0061117928,0.0070160753,0.0075172163,0.0057043456,0.0075172163,0.0061117928,0.0046378574,0.0070160753,0.0061117928,0.0057043456,0.0046378574,0.0075172163,0.0057043456,0.0075172163,0.0075172163,0.0075172163,0.0046378574,0.0075172163,0.006548343,0.0075172163,0.0075172163,0.0070160753,0.0053240606,0.0075172163,0.0075172163,0.0075172163,0.0046378574,0.0075172163,0.006548343,0.0075172163,0.0075172163,0.0057043456,0.0075172163,0.0049691284,0.0049691284,0.0057043456,0.0075172163,0.0049691284,0.0061117928,0.0049691284,0.0057043456,0.0061117928,0.0057043456,0.0075172163,0.0049691284,0.0053240606,0.0046378574,0.0075172163,0.0061117928,0.0075172163,0.0075172163,0.0075172163,0.0075172163,0.0046378574,0.0046378574,0.0046378574,0.0046378574,0.0075172163,0.0075172163,0.0075172163,0.0046378574,0.0075172163,0.0075172163,0.006548343,0.0075172163,0.0046378574,0.0075172163,0.0075172163,0.0075172163,0.0046378574,0.0061117928,0.0046378574,0.0053240606,0.0075172163,0.0057043456,0.0049691284,0.0070160753,0.0046378574,0.0061117928,0.0057043456,0.0046378574,0.0053240606,0.0070160753,0.0075172163,0.0046378574,0.0075172163,0.006548343,0.006548343,0.006548343,0.0070160753,0.0070160753,0.0046378574,0.0075172163,0.0070160753,0.0075172163,0.0075172163,0.0057043456,0.0075172163,0.0061117928,0.0046378574,0.0046378574,0.0061117928,0.006548343,0.0053240606,0.006548343,0.0070160753,0.0061117928,0.006548343,0.0049691284,0.0046378574,0.0061117928,0.0057043456,0.0061117928,0.0061117928,0.0053240606,0.0046378574,0.0057043456,0.0053240606,0.0075172163,0.0075172163,0.0075172163,0.0046378574,0.0049691284,0.0053240606,0.006548343,0.0075172163,0.0070160753,0.0061117928,0.0049691284,0.0057043456,0.0057043456,0.0046378574,0,0
0.006208594,0.0066520586,0.0076362775,0.0076362775,0.0050478317,0.0057946937,0.0076362775,0.0071271993,0.0076362775,0.0076362775,0.0071271993,0.006208594,0.004711314,0.004711314,0.005408386,0.0071271993,0.0071271993,0.0057946937,0.0066520586,0.0050478317,0.0071271993,0.0071271993,0.0057946937,0.0066520586,0.004711314,0.0066520586,0.005408386,0.0050478317,0.006208594,0.006208594,0.004711314,0.005408386,0.0076362775,0.0071271993,0.004711314,0.0076362775,0.0057946937,0.0057946937,0.004711314,0.006208594,0.0066520586,0.005408386,0.0057946937,0.004711314,0.004711314,0.0076362775,0.006208594,0.0076362775,0.0076362775,0.0057946937,0.005408386,0.0071271993,0.0076362775,0.0076362775,0.004711314,0.0076362775,0.0066520586,0.0076362775,0.0076362775,0.006208594,0.0071271993,0.0057946937,0.005408386,0.0050478317,0.0071271993,0.006208594,0.006208594,0.004711314,0.005408386,0.0071271993,0.004711314,0.0071271993,0.005408386,0.005408386,0.004711314,0.0076362775,0.006208594,0.0076362775,0.0076362775,0.0076362775,0.0076362775,0.0050478317,0.004711314,0.004711314,0.004711314,0.0066520586,0.0076362775,0.0076362775,0.005408386,0.0076362775,0.0071271993,0.0066520586,0.0076362775,0.004711314,0.0076362775,0.0071271993,0.0076362775,0.004711314,0.006208594,0.004711314,0.0066520586,0.0076362775,0.006208594,0.0050478317,0.0066520586,0.004711314,0.006208594,0.006208594,0.004711314,0.004711314,0.0071271993,0.0071271993,0.004711314,0.0076362775,0.0066520586,0.0076362775,0.005408386,0.0050478317,0.006208594,0.004711314,0.0066520586,0.0066520586,0.0076362775,0.0076362775,0.0057946937,0.0076362775,0.0076362775,0.004711314,0.0050478317,0.006208594,0.0071271993,0.005408386,0.0066520586,0.0071271993,0.0066520586,0.005408386,0.005408386,0.0050478317,0.0066520586,0.005408386,0.0057946937,0.0071271993,0.005408386,0.004711314,0.0066520586,0.0050478317,0.0076362775,0.0076362775,0.0076362775,0.004711314,0.0057946937,0.005408386,0.0066520586,0.0071271993,0.004711314,0.0071271993,0.005408386,0.0066520586,0.006208594,0.004711314,2,0
0.0054322574,0.0054322574,0.007669983,0.007669983,0.005070112,0.0054322574,0.0054322574,0.00668142,0.007669983,0.007669983,0.006235998,0.006235998,0.004732109,0.004732109,0.0054322574,0.0071586575,0.006235998,0.005070112,0.007669983,0.0054322574,0.006235998,0.0071586575,0.0054322574,0.006235998,0.005820271,0.007669983,0.006235998,0.004732109,0.0054322574,0.005820271,0.005070112,0.00668142,0.007669983,0.0071586575,0.004732109,0.006235998,0.005070112,0.007669983,0.006235998,0.00668142,0.004732109,0.00668142,0.007669983,0.005820271,0.007669983,0.006235998,0.0054322574,0.007669983,0.007669983,0.005820271,0.006235998,0.0071586575,0.006235998,0.007669983,0.0054322574,0.005070112,0.004732109,0.007669983,0.007669983,0.00668142,0.007669983,0.0054322574,0.006235998,0.0054322574,0.007669983,0.005820271,0.005820271,0.004732109,0.005820271,0.0071586575,0.004732109,0.005820271,0.0054322574,0.0054322574,0.0071586575,0.007669983,0.006235998,0.007669983,0.00668142,0.00668142,0.004732109,0.004732109,0.007669983,0.007669983,0.007669983,0.004732109,0.0054322574,0.007669983,0.0071586575,0.0071586575,0.0071586575,0.00668142,0.007669983,0.004732109,0.007669983,0.004732109,0.004732109,0.005070112,0.00668142,0.005820271,0.00668142,0.005820271,0.005820271,0.004732109,0.006235998,0.004732109,0.005820271,0.006235998,0.004732109,0.0071586575,0.006235998,0.007669983,0.004732109,0.007669983,0.00668142,0.005070112,0.00668142,0.007669983,0.0071586575,0.005070112,0.005070112,0.005820271,0.007669983,0.007669983,0.005070112,0.0054322574,0.005820271,0.00668142,0.007669983,0.0071586575,0.0071586575,0.0054322574,0.006235998,0.0071586575,0.0054322574,0.006235998,0.004732109,0.004732109,0.006235998,0.005820271,0.005820271,0.00668142,0.005820271,0.0054322574,0.00668142,0.0054322574,0.007669983,0.007669983,0.007669983,0.006235998,0.006235998,0.0054322574,0.00668142,0.0071586575,0.005070112,0.00668142,0.0054322574,0.00668142,0.00668142,0.005070112,2,3
0.0062264632,0.0076582558,0.0076582558,0.0076582558,0.005423952,0.007147712,0.006671204,0.007147712,0.0076582558,0.0076582558,0.007147712,0.006671204,0.0047248737,0.0047248737,0.005423952,0.0047248737,0.006671204,0.005811372,0.007147712,0.0047248737,0.005811372,0.007147712,0.0062264632,0.0062264632,0.0047248737,0.005811372,0.0062264632,0.00506236,0.005811372,0.0047248737,0.0047248737,0.0062264632,0.0076582558,0.006671204,0.0047248737,0.006671204,0.0062264632,0.0062264632,0.0047248737,0.006671204,0.00506236,0.006671204,0.0076582558,0.0076582558,0.0062264632,0.0076582558,0.006671204,0.0076582558,0.0076582558,0.006671204,0.005811372,0.0076582558,0.0076582558,0.0076582558,0.00506236,0.0076582558,0.006671204,0.0076582558,0.0076582558,0.0062264632,0.0047248737,0.0062264632,0.005423952,0.00506236,0.0047248737,0.005811372,0.0062264632,0.0047248737,0.005811372,0.007147712,0.005423952,0.0076582558,0.0047248737,0.0047248737,0.0047248737,0.0076582558,0.0062264632,0.0076582558,0.0076582558,0.006671204,0.007147712,0.007147712,0.0047248737,0.0047248737,0.006671204,0.0047248737,0.0076582558,0.0076582558,0.005811372,0.0047248737,0.007147712,0.006671204,0.0076582558,0.0047248737,0.0076582558,0.0076582558,0.0076582558,0.0047248737,0.0062264632,0.0047248737,0.00506236,0.007147712,0.006671204,0.00506236,0.005423952,0.0047248737,0.005811372,0.0062264632,0.0047248737,0.00506236,0.0076582558,0.0076582558,0.0047248737,0.0076582558,0.005811372,0.0047248737,0.007147712,0.0076582558,0.0076582558,0.005811372,0.0076582558,0.007147712,0.0076582558,0.0076582558,0.005811372,0.0076582558,0.007147712,0.0047248737,0.0047248737,0.006671204,0.0062264632,0.005423952,0.006671204,0.007147712,0.0047248737,0.005423952,0.0047248737,0.0047248737,0.0062264632,0.005423952,0.005811372,0.006671204,0.005811372,0.0047248737,0.006671204,0.00506236,0.0076582558,0.007147712,0.006671204,0.0047248737,0.0047248737,0.005423952,0.0076582558,0.0076582558,0.0062264632,0.0047248737,0.005423952,0.0076582558,0.0076582558,0.0047248737,1,1
0.005996204,0.005996204,0.00487515,0.005996204,0.007375047,0.007901829,0.00487515,0.00487515,0.00487515,0.007901829,0.007375047,0.0052233697,0.00487515,0.007901829,0.007901829,0.006424498,0.007375047,0.005996204,0.0068833837,0.0068833837,0.00487515,0.0068833837,0.005996204,0.00487515,0.005996204,0.007375047,0.0068833837,0.005996204,0.00487515,0.007901829,0.0068833837,0.00487515,0.00487515,0.007375047,0.007901829,0.00487515,0.006424498,0.0068833837,0.005996204,0.006424498,0.00487515,0.005996204,0.007901829,0.006424498,0.007901829,0.007901829,0.007375047,0.00487515,0.00487515,0.007901829,0.006424498,0.0052233697,0.005596462,0.00487515,0.007901829,0.00487515,0.0068833837,0.00487515,0.00487515,0.0052233697,0.007901829,0.0052233697,0.0068833837,0.0052233697,0.007901829,0.007375047,0.007375047,0.005996204,0.0052233697,0.006424498,0.005596462,0.0052233697,0.0052233697,0.005596462,0.007901829,0.0052233697,0.006424498,0.00487515,0.00487515,0.0052233697,0.00487515,0.0068833837,0.007901829,0.006424498,0.007901829,0.00487515,0.00487515,0.0052233697,0.005996204,0.005996204,0.005996204,0.0068833837,0.00487515,0.007901829,0.007901829,0.005996204,0.00487515,0.0068833837,0.005596462,0.007901829,0.0068833837,0.006424498,0.0068833837,0.0052233697,0.007375047,0.007901829,0.007901829,0.00487515,0.00487515,0.007901829,0.007375047,0.005596462,0.005996204,0.0068833837,0.0068833837,0.005996204,0.0068833837,0.006424498,0.0052233697,0.0052233697,0.006424498,0.0068833837,0.005996204,0.0068833837,0.00487515,0.00487515,0.007901829,0.006424498,0.007901829,0.0068833837,0.0068833837,0.005596462,0.007375047,0.0068833837,0.005996204,0.006424498,0.00487515,0.00487515,0.00487515,0.007901829,0.0052233697,0.006424498,0.006424498,0.0052233697,0.0068833837,0.0052233697,0.006424498,0.00487515,0.00487515,0.006424498,0.005596462,0.005596462,0.005996204,0.007901829,0.007901829,0.007901829,0.005996204,0.006424498,0.006424498,0.00487515,5,4
0.006131201,0.0075410875,0.0075410875,0.0075410875,0.004984908,0.007038355,0.0075410875,0.0053409673,0.006131201,0.0046525854,0.006131201,0.0057224603,0.0046525854,0.0046525854,0.0046525854,0.0057224603,0.007038355,0.0065691373,0.0075410875,0.006131201,0.007038355,0.007038355,0.006131201,0.006131201,0.0046525854,0.0053409673,0.0053409673,0.0053409673,0.0065691373,0.0046525854,0.004984908,0.006131201,0.0075410875,0.0065691373,0.0046525854,0.007038355,0.006131201,0.0057224603,0.0046525854,0.007038355,0.0046525854,0.0075410875,0.0065691373,0.0075410875,0.007038355,0.0075410875,0.0065691373,0.0075410875,0.0075410875,0.0065691373,0.0053409673,0.0075410875,0.0075410875,0.0075410875,0.0046525854,0.0075410875,0.0065691373,0.0075410875,0.0075410875,0.0057224603,0.0053409673,0.006131201,0.0046525854,0.0046525854,0.0075410875,0.006131201,0.006131201,0.0057224603,0.0065691373,0.0057224603,0.0053409673,0.0075410875,0.0046525854,0.004984908,0.0046525854,0.0075410875,0.006131201,0.0075410875,0.0075410875,0.0075410875,0.0075410875,0.004984908,0.0046525854,0.0046525854,0.0046525854,0.0075410875,0.0075410875,0.0075410875,0.004984908,0.0075410875,0.0075410875,0.0065691373,0.0075410875,0.0046525854,0.0075410875,0.0075410875,0.0075410875,0.0046525854,0.006131201,0.0046525854,0.0057224603,0.0075410875,0.0065691373,0.004984908,0.0053409673,0.0046525854,0.006131201,0.0057224603,0.0046525854,0.0053409673,0.007038355,0.0075410875,0.0053409673,0.0075410875,0.006131201,0.0046525854,0.0065691373,0.0075410875,0.0075410875,0.004984908,0.0075410875,0.007038355,0.0075410875,0.0075410875,0.0075410875,0.0075410875,0.0057224603,0.0053409673,0.006131201,0.0065691373,0.006131201,0.0053409673,0.006131201,0.007038355,0.0057224603,0.0065691373,0.004984908,0.0046525854,0.006131201,0.0057224603,0.0053409673,0.0057224603,0.0057224603,0.0046525854,0.007038355,0.0057224603,0.0075410875,0.0075410875,0.0075410875,0.0046525854,0.0046525854,0.0053409673,0.0075410875,0.0075410875,0.007038355,0.0046525854,0.0065691373,0.0075410875,0.0075410875,0.004984908,1,1
0.004821331,0.00553468,0.004821331,0.007814596,0.004821331,0.005930009,0.007814596,0.006807395,0.007814596,0.007814596,0.0063535743,0.0051657064,0.004821331,0.007814596,0.007814596,0.005930009,0.005930009,0.0063535743,0.007814596,0.00553468,0.0072936304,0.0072936304,0.00553468,0.004821331,0.0051657064,0.007814596,0.0063535743,0.00553468,0.00553468,0.00553468,0.007814596,0.00553468,0.004821331,0.006807395,0.007814596,0.0063535743,0.005930009,0.004821331,0.007814596,0.00553468,0.0051657064,0.0063535743,0.007814596,0.005930009,0.007814596,0.005930009,0.005930009,0.006807395,0.006807395,0.00553468,0.0063535743,0.005930009,0.00553468,0.0072936304,0.007814596,0.0051657064,0.005930009,0.004821331,0.006807395,0.004821331,0.0072936304,0.006807395,0.005930009,0.0063535743,0.006807395,0.0051657064,0.005930009,0.004821331,0.007814596,0.00553468,0.006807395,0.007814596,0.00553468,0.0051657064,0.0072936304,0.004821331,0.0051657064,0.004821331,0.005930009,0.004821331,0.004821331,0.006807395,0.007814596,0.007814596,0.0063535743,0.004821331,0.0051657064,0.006807395,0.0072936304,0.005930009,0.005930009,0.0063535743,0.004821331,0.007814596,0.0051657064,0.0063535743,0.004821331,0.005930009,0.0063535743,0.007814596,0.0063535743,0.005930009,0.006807395,0.0051657064,0.007814596,0.004821331,0.00553468,0.004821331,0.007814596,0.006807395,0.0063535743,0.007814596,0.00553468,0.007814596,0.0063535743,0.005930009,0.006807395,0.005930009,0.0063535743,0.004821331,0.004821331,0.0051657064,0.006807395,0.007814596,0.0051657064,0.005930009,0.006807395,0.0063535743,0.007814596,0.0063535743,0.0063535743,0.00553468,0.0072936304,0.0072936304,0.005930009,0.0063535743,0.005930009,0.005930009,0.0072936304,0.0063535743,0.0051657064,0.006807395,0.0063535743,0.006807395,0.00553468,0.0051657064,0.007814596,0.007814596,0.007814596,0.0051657064,0.004821331,0.00553468,0.0063535743,0.0072936304,0.00553468,0.0072936304,0.0063535743,0.00553468,0.0072936304,0.004821331,3,3
0.006576487,0.0075495243,0.0075495243,0.0075495243,0.0061380602,0.0061380602,0.0075495243,0.0070462297,0.0075495243,0.0075495243,0.0061380602,0.0057288622,0.0046577905,0.0046577905,0.0053469427,0.0075495243,0.0061380602,0.0053469427,0.0075495243,0.004990485,0.0070462297,0.0070462297,0.0057288622,0.004990485,0.0046577905,0.0070462297,0.0053469427,0.0057288622,0.0053469427,0.0075495243,0.0070462297,0.0057288622,0.0075495243,0.0061380602,0.0046577905,0.0070462297,0.0057288622,0.006576487,0.0053469427,0.0070462297,0.004990485,0.0075495243,0.0075495243,0.0075495243,0.0070462297,0.0070462297,0.0057288622,0.0075495243,0.0075495243,0.0075495243,0.0053469427,0.0075495243,0.0075495243,0.0075495243,0.0046577905,0.0075495243,0.0061380602,0.0075495243,0.0075495243,0.0075495243,0.006576487,0.004990485,0.004990485,0.0057288622,0.0075495243,0.0057288622,0.0061380602,0.0046577905,0.0053469427,0.0053469427,0.0057288622,0.0075495243,0.0046577905,0.0053469427,0.0046577905,0.0070462297,0.0053469427,0.0070462297,0.0075495243,0.0053469427,0.006576487,0.0046577905,0.0046577905,0.0046577905,0.0046577905,0.0075495243,0.0075495243,0.0075495243,0.0057288622,0.0075495243,0.0075495243,0.006576487,0.0075495243,0.0046577905,0.0075495243,0.0075495243,0.0075495243,0.0046577905,0.004990485,0.0046577905,0.0057288622,0.006576487,0.0053469427,0.0046577905,0.0070462297,0.0046577905,0.0057288622,0.004990485,0.0046577905,0.0075495243,0.0075495243,0.0075495243,0.0046577905,0.0070462297,0.0057288622,0.0053469427,0.006576487,0.0070462297,0.0070462297,0.0046577905,0.0075495243,0.0057288622,0.0075495243,0.0075495243,0.0057288622,0.0075495243,0.0061380602,0.0046577905,0.0046577905,0.006576487,0.0075495243,0.0053469427,0.0061380602,0.0070462297,0.0061380602,0.006576487,0.0053469427,0.0046577905,0.0061380602,0.0053469427,0.0057288622,0.006576487,0.0053469427,0.004990485,0.0053469427,0.0053469427,0.0075495243,0.0075495243,0.0075495243,0.0046577905,0.0057288622,0.0053469427,0.0075495243,0.0075495243,0.0075495243,0.0061380602,0.0053469427,0.0057288622,0.0061380602,0.0046577905,1,0
0.008138535,0.0053798403,0.005021189,0.0061758254,0.005021189,0.008138535,0.0070895813,0.005021189,0.005021189,0.005021189,0.008138535,0.006616949,0.005021189,0.008138535,0.008138535,0.0070895813,0.007595973,0.0061758254,0.0053798403,0.005021189,0.007595973,0.005021189,0.0061758254,0.005021189,0.005021189,0.008138535,0.0057641086,0.0053798403,0.0053798403,0.0057641086,0.007595973,0.0053798403,0.005021189,0.0053798403,0.008138535,0.0057641086,0.0057641086,0.006616949,0.005021189,0.0057641086,0.0057641086,0.0070895813,0.006616949,0.0057641086,0.007595973,0.006616949,0.0057641086,0.006616949,0.005021189,0.0061758254,0.007595973,0.0061758254,0.007595973,0.005021189,0.006616949,0.005021189,0.006616949,0.005021189,0.005021189,0.005021189,0.007595973,0.007595973,0.0053798403,0.005021189,0.008138535,0.008138535,0.008138535,0.005021189,0.005021189,0.005021189,0.005021189,0.0070895813,0.005021189,0.0053798403,0.008138535,0.005021189,0.006616949,0.005021189,0.005021189,0.005021189,0.008138535,0.006616949,0.0057641086,0.005021189,0.0061758254,0.005021189,0.005021189,0.005021189,0.006616949,0.0061758254,0.0061758254,0.0070895813,0.005021189,0.008138535,0.008138535,0.0057641086,0.005021189,0.0057641086,0.0053798403,0.008138535,0.007595973,0.007595973,0.005021189,0.0061758254,0.0057641086,0.008138535,0.008138535,0.005021189,0.005021189,0.008138535,0.008138535,0.008138535,0.0057641086,0.0053798403,0.006616949,0.0061758254,0.0070895813,0.0070895813,0.0053798403,0.0053798403,0.0053798403,0.0053798403,0.005021189,0.005021189,0.005021189,0.008138535,0.005021189,0.005021189,0.0070895813,0.005021189,0.008138535,0.007595973,0.005021189,0.005021189,0.0061758254,0.007595973,0.0053798403,0.008138535,0.0061758254,0.008138535,0.008138535,0.0070895813,0.0057641086,0.007595973,0.0057641086,0.0057641086,0.005021189,0.008138535,0.008138535,0.0061758254,0.0057641086,0.0057641086,0.005021189,0.0070895813,0.008138535,0.0061758254,0.0053798403,0.0057641086,0.006616949,0.005021189,0,0
0.0052862735,0.0052862735,0.0079969885,0.0079969885,0.00493386,0.0052862735,0.00493386,0.006966279,0.007463863,0.0079969885,0.0056638587,0.0052862735,0.0056638587,0.0065018665,0.007463863,0.00493386,0.0056638587,0.006068415,0.0079969885,0.00493386,0.006068415,0.007463863,0.0065018665,0.0065018665,0.0052862735,0.00493386,0.0056638587,0.0065018665,0.006068415,0.00493386,0.00493386,0.006966279,0.007463863,0.007463863,0.006966279,0.006068415,0.00493386,0.0079969885,0.00493386,0.006966279,0.00493386,0.006068415,0.006966279,0.006068415,0.0079969885,0.00493386,0.00493386,0.007463863,0.00493386,0.007463863,0.006966279,0.0052862735,0.0079969885,0.006068415,0.0056638587,0.00493386,0.0052862735,0.007463863,0.0065018665,0.0056638587,0.006068415,0.0056638587,0.006068415,0.006068415,0.006966279,0.0052862735,0.0056638587,0.0056638587,0.006966279,0.0052862735,0.006068415,0.00493386,0.0056638587,0.0052862735,0.0079969885,0.00493386,0.0052862735,0.006966279,0.0056638587,0.00493386,0.0056638587,0.00493386,0.0079969885,0.0079969885,0.0065018665,0.0052862735,0.0052862735,0.0079969885,0.007463863,0.0065018665,0.0065018665,0.00493386,0.0065018665,0.0052862735,0.006966279,0.00493386,0.0052862735,0.0079969885,0.0065018665,0.007463863,0.0065018665,0.006966279,0.006068415,0.0056638587,0.006966279,0.00493386,0.0056638587,0.0079969885,0.0065018665,0.0079969885,0.00493386,0.00493386,0.007463863,0.006966279,0.0065018665,0.0065018665,0.0065018665,0.0079969885,0.0056638587,0.00493386,0.0052862735,0.0052862735,0.0079969885,0.0079969885,0.006068415,0.00493386,0.0079969885,0.006966279,0.0079969885,0.007463863,0.006068415,0.0056638587,0.007463863,0.007463863,0.0056638587,0.0056638587,0.00493386,0.00493386,0.0065018665,0.0056638587,0.00493386,0.006068415,0.007463863,0.00493386,0.006068415,0.0056638587,0.006966279,0.0079969885,0.0079969885,0.0079969885,0.006966279,0.0056638587,0.006966279,0.007463863,0.00493386,0.00493386,0.00493386,0.006966279,0.0065018665,0.00493386,2,3
0.0064094644,0.0068672765,0.007883338,0.007883338,0.004863742,0.005211147,0.0059821727,0.0068672765,0.0073577897,0.007883338,0.0055833664,0.0064094644,0.0073577897,0.004863742,0.007883338,0.0055833664,0.0064094644,0.0064094644,0.007883338,0.004863742,0.0059821727,0.0073577897,0.0064094644,0.0064094644,0.004863742,0.004863742,0.0055833664,0.0064094644,0.0068672765,0.004863742,0.004863742,0.0064094644,0.007883338,0.0064094644,0.0073577897,0.0064094644,0.005211147,0.007883338,0.004863742,0.0064094644,0.0059821727,0.007883338,0.0073577897,0.0055833664,0.007883338,0.004863742,0.004863742,0.007883338,0.005211147,0.0064094644,0.0059821727,0.0055833664,0.0073577897,0.004863742,0.0055833664,0.005211147,0.004863742,0.007883338,0.0059821727,0.0055833664,0.005211147,0.0055833664,0.0073577897,0.004863742,0.0064094644,0.005211147,0.0064094644,0.004863742,0.0055833664,0.0068672765,0.0064094644,0.0068672765,0.0055833664,0.005211147,0.007883338,0.004863742,0.005211147,0.007883338,0.0064094644,0.004863742,0.004863742,0.004863742,0.007883338,0.007883338,0.0064094644,0.004863742,0.005211147,0.007883338,0.007883338,0.0059821727,0.0064094644,0.0068672765,0.007883338,0.004863742,0.007883338,0.004863742,0.004863742,0.007883338,0.0073577897,0.0073577897,0.0064094644,0.007883338,0.0068672765,0.005211147,0.0055833664,0.004863742,0.0055833664,0.0073577897,0.004863742,0.007883338,0.0055833664,0.0068672765,0.0073577897,0.0073577897,0.0064094644,0.0059821727,0.0059821727,0.007883338,0.0055833664,0.004863742,0.0059821727,0.0059821727,0.007883338,0.007883338,0.0055833664,0.005211147,0.007883338,0.0059821727,0.0064094644,0.0073577897,0.004863742,0.0055833664,0.0073577897,0.0073577897,0.004863742,0.0059821727,0.005211147,0.005211147,0.0064094644,0.0059821727,0.004863742,0.005211147,0.0073577897,0.0055833664,0.0055833664,0.005211147,0.007883338,0.007883338,0.007883338,0.0064094644,0.0055833664,0.0055833664,0.0064094644,0.0073577897,0.004863742,0.004863742,0.004863742,0.007883338,0.0064094644,0.004863742,2,2
0.0062245983,0.006669206,0.007655962,0.007655962,0.0047234586,0.0071455715,0.007655962,0.006669206,0.0071455715,0.0047234586,0.0071455715,0.006669206,0.0047234586,0.0047234586,0.005422327,0.007655962,0.0062245983,0.005422327,0.007655962,0.005809631,0.007655962,0.0071455715,0.0047234586,0.0047234586,0.0047234586,0.007655962,0.005422327,0.005422327,0.0047234586,0.007655962,0.0071455715,0.005809631,0.007655962,0.0062245983,0.0047234586,0.0062245983,0.005422327,0.005809631,0.0047234586,0.007655962,0.0047234586,0.0071455715,0.007655962,0.0062245983,0.007655962,0.007655962,0.006669206,0.007655962,0.007655962,0.007655962,0.005809631,0.007655962,0.0062245983,0.007655962,0.0047234586,0.007655962,0.0062245983,0.007655962,0.007655962,0.005809631,0.007655962,0.005809631,0.0047234586,0.0047234586,0.007655962,0.0050608437,0.005809631,0.0050608437,0.005809631,0.006669206,0.007655962,0.007655962,0.0050608437,0.005422327,0.005422327,0.007655962,0.005422327,0.007655962,0.007655962,0.005809631,0.006669206,0.0047234586,0.0047234586,0.0047234586,0.0047234586,0.005809631,0.0062245983,0.007655962,0.0062245983,0.0062245983,0.007655962,0.006669206,0.007655962,0.0047234586,0.007655962,0.005422327,0.006669206,0.0050608437,0.0062245983,0.005422327,0.0062245983,0.0062245983,0.006669206,0.005809631,0.005809631,0.0047234586,0.005809631,0.005422327,0.0047234586,0.0071455715,0.0071455715,0.007655962,0.0047234586,0.005809631,0.007655962,0.0071455715,0.005422327,0.0047234586,0.0047234586,0.005422327,0.0071455715,0.006669206,0.007655962,0.007655962,0.0071455715,0.0062245983,0.006669206,0.005809631,0.0062245983,0.0062245983,0.007655962,0.005422327,0.0050608437,0.0062245983,0.0071455715,0.007655962,0.005809631,0.0047234586,0.005809631,0.005809631,0.005809631,0.0062245983,0.0050608437,0.0047234586,0.0062245983,0.0047234586,0.007655962,0.007655962,0.007655962,0.0047234586,0.0050608437,0.0062245983,0.006669206,0.006669206,0.0047234586,0.0071455715,0.0062245983,0.0062245983,0.005809631,0.0050608437,2,0
0.0047823247,0.006752321,0.0047823247,0.0058820336,0.0047823247,0.006752321,0.007751374,0.006752321,0.007751374,0.0058820336,0.007751374,0.006752321,0.0047823247,0.0063021723,0.0047823247,0.007751374,0.0072346227,0.0058820336,0.007751374,0.0054899026,0.007751374,0.0072346227,0.0054899026,0.0058820336,0.0047823247,0.007751374,0.0054899026,0.0047823247,0.0047823247,0.007751374,0.007751374,0.0054899026,0.0047823247,0.0063021723,0.007751374,0.0058820336,0.005123914,0.0063021723,0.005123914,0.0072346227,0.0047823247,0.006752321,0.007751374,0.005123914,0.007751374,0.0058820336,0.0058820336,0.0047823247,0.006752321,0.0063021723,0.007751374,0.005123914,0.005123914,0.0063021723,0.0063021723,0.0047823247,0.0063021723,0.006752321,0.0047823247,0.0047823247,0.007751374,0.0072346227,0.0058820336,0.006752321,0.0072346227,0.005123914,0.0063021723,0.005123914,0.007751374,0.006752321,0.007751374,0.007751374,0.005123914,0.0054899026,0.0047823247,0.0063021723,0.0063021723,0.005123914,0.0072346227,0.005123914,0.0063021723,0.0058820336,0.007751374,0.0058820336,0.0047823247,0.0047823247,0.0047823247,0.005123914,0.0072346227,0.0058820336,0.0058820336,0.006752321,0.0047823247,0.007751374,0.007751374,0.006752321,0.0047823247,0.0054899026,0.0058820336,0.007751374,0.0072346227,0.006752321,0.0058820336,0.0047823247,0.006752321,0.006752321,0.0054899026,0.0047823247,0.007751374,0.0063021723,0.007751374,0.007751374,0.0063021723,0.0072346227,0.0058820336,0.007751374,0.006752321,0.005123914,0.0063021723,0.0047823247,0.0072346227,0.005123914,0.0058820336,0.0063021723,0.0047823247,0.006752321,0.0072346227,0.0058820336,0.0054899026,0.0058820336,0.0072346227,0.0054899026,0.0072346227,0.0072346227,0.006752321,0.006752321,0.0063021723,0.0058820336,0.006752321,0.0063021723,0.007751374,0.006752321,0.0058820336,0.0063021723,0.0054899026,0.006752321,0.007751374,0.007751374,0.007751374,0.0047823247,0.005123914,0.0054899026,0.006752321,0.006752321,0.006752321,0.007751374,0.0063021723,0.0047823247,0.0054899026,0.0047823247,6,1
0.007476149,0.007476149,0.007476149,0.007476149,0.0046125203,0.006977746,0.007476149,0.006512569,0.006977746,0.0046125203,0.006512569,0.0056731827,0.0046125203,0.0046125203,0.005294975,0.007476149,0.0060784034,0.005294975,0.007476149,0.005294975,0.007476149,0.006512569,0.0046125203,0.0046125203,0.0046125203,0.006977746,0.005294975,0.0056731827,0.0049419818,0.007476149,0.007476149,0.0056731827,0.007476149,0.0056731827,0.0046125203,0.007476149,0.0060784034,0.0060784034,0.0046125203,0.007476149,0.0046125203,0.007476149,0.007476149,0.007476149,0.0049419818,0.007476149,0.006977746,0.007476149,0.007476149,0.007476149,0.007476149,0.007476149,0.007476149,0.007476149,0.006512569,0.007476149,0.0060784034,0.007476149,0.007476149,0.006512569,0.007476149,0.0049419818,0.0046125203,0.0049419818,0.007476149,0.0060784034,0.0060784034,0.0049419818,0.0056731827,0.0060784034,0.006512569,0.007476149,0.0046125203,0.0049419818,0.0046125203,0.007476149,0.0056731827,0.0060784034,0.006512569,0.006512569,0.007476149,0.0046125203,0.0046125203,0.0046125203,0.0046125203,0.007476149,0.006977746,0.007476149,0.0056731827,0.007476149,0.006977746,0.006512569,0.007476149,0.0046125203,0.007476149,0.007476149,0.007476149,0.0046125203,0.0046125203,0.005294975,0.0056731827,0.006512569,0.0056731827,0.0056731827,0.006977746,0.0046125203,0.005294975,0.005294975,0.0046125203,0.006977746,0.007476149,0.007476149,0.0046125203,0.006977746,0.006977746,0.0046125203,0.006977746,0.007476149,0.007476149,0.005294975,0.007476149,0.0060784034,0.007476149,0.007476149,0.006977746,0.007476149,0.0056731827,0.0046125203,0.0049419818,0.006512569,0.007476149,0.005294975,0.0056731827,0.0060784034,0.007476149,0.007476149,0.0049419818,0.0046125203,0.0056731827,0.005294975,0.0060784034,0.006512569,0.0056731827,0.0049419818,0.005294975,0.006977746,0.007476149,0.007476149,0.007476149,0.0046125203,0.006512569,0.005294975,0.0056731827,0.006977746,0.007476149,0.0046125203,0.0060784034,0.0056731827,0.0060784034,0.006977746,0,1
0.0061716577,0.007084798,0.0075908476,0.0075908476,0.00537621,0.007084798,0.0075908476,0.0066124843,0.0075908476,0.0046832855,0.00576022,0.00537621,0.0046832855,0.0046832855,0.0046832855,0.0061716577,0.0061716577,0.0061716577,0.0075908476,0.00576022,0.007084798,0.007084798,0.005017801,0.00576022,0.0046832855,0.0075908476,0.00537621,0.0061716577,0.0061716577,0.00576022,0.0066124843,0.00576022,0.0075908476,0.0061716577,0.0046832855,0.005017801,0.00537621,0.0075908476,0.005017801,0.0066124843,0.0046832855,0.0066124843,0.0075908476,0.0075908476,0.0066124843,0.0075908476,0.007084798,0.0075908476,0.0075908476,0.0075908476,0.00537621,0.0075908476,0.0075908476,0.0075908476,0.0046832855,0.0075908476,0.0066124843,0.0075908476,0.0075908476,0.0061716577,0.0066124843,0.00576022,0.005017801,0.005017801,0.0075908476,0.0061716577,0.0061716577,0.0046832855,0.00537621,0.00576022,0.0046832855,0.0075908476,0.0046832855,0.00537621,0.0046832855,0.0075908476,0.00537621,0.0075908476,0.0075908476,0.00537621,0.0061716577,0.005017801,0.0046832855,0.0046832855,0.005017801,0.00576022,0.0075908476,0.0075908476,0.00576022,0.0075908476,0.0075908476,0.0066124843,0.0075908476,0.0046832855,0.0075908476,0.007084798,0.0075908476,0.005017801,0.0061716577,0.0046832855,0.00537621,0.0061716577,0.0075908476,0.0061716577,0.007084798,0.0046832855,0.00576022,0.0061716577,0.0046832855,0.00576022,0.00576022,0.0075908476,0.00576022,0.0075908476,0.0075908476,0.0046832855,0.007084798,0.0075908476,0.0075908476,0.00537621,0.00537621,0.00576022,0.0075908476,0.0075908476,0.005017801,0.0066124843,0.007084798,0.00537621,0.0061716577,0.0061716577,0.0066124843,0.00537621,0.0066124843,0.007084798,0.00537621,0.0066124843,0.005017801,0.0046832855,0.0061716577,0.00537621,0.00576022,0.0066124843,0.00576022,0.0046832855,0.007084798,0.005017801,0.0075908476,0.0075908476,0.0075908476,0.0046832855,0.0046832855,0.00537621,0.0075908476,0.0075908476,0.0061716577,0.0061716577,0.00576022,0.007084798,0.007084798,0.0046832855,2,2
0.0066018975,0.0075786943,0.0075786943,0.0075786943,0.0046757874,0.0070734546,0.0075786943,0.0066018975,0.0070734546,0.0046757874,0.006161777,0.006161777,0.0046757874,0.0046757874,0.0046757874,0.006161777,0.006161777,0.006161777,0.0075786943,0.0057509975,0.0070734546,0.0070734546,0.006161777,0.0057509975,0.0046757874,0.006161777,0.005367602,0.005367602,0.0070734546,0.0057509975,0.0066018975,0.006161777,0.0075786943,0.006161777,0.0046757874,0.005367602,0.0057509975,0.0066018975,0.005367602,0.006161777,0.0070734546,0.0070734546,0.0066018975,0.0075786943,0.0046757874,0.0075786943,0.0066018975,0.0075786943,0.0075786943,0.0066018975,0.005367602,0.0070734546,0.0075786943,0.0075786943,0.0046757874,0.0075786943,0.0066018975,0.0075786943,0.0075786943,0.0057509975,0.0057509975,0.0057509975,0.0046757874,0.0046757874,0.0057509975,0.0057509975,0.006161777,0.005009767,0.0057509975,0.0066018975,0.005367602,0.0075786943,0.0046757874,0.005009767,0.0046757874,0.0075786943,0.006161777,0.0075786943,0.0075786943,0.0075786943,0.0075786943,0.0046757874,0.0046757874,0.0046757874,0.0046757874,0.0066018975,0.0075786943,0.0075786943,0.0057509975,0.0075786943,0.0075786943,0.0066018975,0.0075786943,0.0046757874,0.0075786943,0.006161777,0.0070734546,0.005367602,0.006161777,0.0046757874,0.005367602,0.0075786943,0.0066018975,0.005367602,0.006161777,0.0046757874,0.006161777,0.005367602,0.0046757874,0.005009767,0.0057509975,0.0075786943,0.005367602,0.0066018975,0.0070734546,0.0046757874,0.0066018975,0.0075786943,0.0075786943,0.0057509975,0.0075786943,0.0066018975,0.0075786943,0.0075786943,0.0070734546,0.0070734546,0.006161777,0.0057509975,0.006161777,0.006161777,0.006161777,0.005367602,0.006161777,0.0070734546,0.0057509975,0.0066018975,0.0057509975,0.0046757874,0.0066018975,0.006161777,0.005367602,0.006161777,0.0057509975,0.0046757874,0.0070734546,0.0066018975,0.0075786943,0.0075786943,0.0075786943,0.0046757874,0.005009767,0.005367602,0.0070734546,0.0070734546,0.0066018975,0.0066018975,0.0066018975,0.006161777,0.005367602,0.0046757874,1,2
0.0060487785,0.005269168,0.007971112,0.007971112,0.0056455317,0.0074397116,0.004917895,0.0056455317,0.004917895,0.007971112,0.0064808275,0.006943737,0.0056455317,0.005269168,0.0056455317,0.0060487785,0.006943737,0.0064808275,0.005269168,0.0064808275,0.0064808275,0.004917895,0.0064808275,0.0060487785,0.005269168,0.0064808275,0.0056455317,0.004917895,0.004917895,0.007971112,0.007971112,0.0056455317,0.004917895,0.006943737,0.007971112,0.0060487785,0.0064808275,0.0060487785,0.0056455317,0.0074397116,0.004917895,0.0060487785,0.007971112,0.006943737,0.007971112,0.0074397116,0.006943737,0.004917895,0.004917895,0.0074397116,0.0060487785,0.0060487785,0.0064808275,0.004917895,0.007971112,0.004917895,0.006943737,0.005269168,0.004917895,0.0074397116,0.007971112,0.005269168,0.0060487785,0.0056455317,0.007971112,0.005269168,0.0060487785,0.0060487785,0.0056455317,0.006943737,0.007971112,0.007971112,0.004917895,0.0056455317,0.004917895,0.0056455317,0.0060487785,0.004917895,0.004917895,0.004917895,0.004917895,0.004917895,0.004917895,0.007971112,0.0074397116,0.004917895,0.004917895,0.005269168,0.0074397116,0.0060487785,0.0060487785,0.006943737,0.004917895,0.007971112,0.007971112,0.006943737,0.004917895,0.0056455317,0.004917895,0.007971112,0.0074397116,0.006943737,0.006943737,0.005269168,0.0074397116,0.007971112,0.006943737,0.0064808275,0.004917895,0.006943737,0.007971112,0.007971112,0.0064808275,0.005269168,0.006943737,0.006943737,0.006943737,0.004917895,0.0064808275,0.004917895,0.0056455317,0.0056455317,0.004917895,0.004917895,0.0064808275,0.004917895,0.005269168,0.0056455317,0.007971112,0.005269168,0.0074397116,0.0056455317,0.006943737,0.0064808275,0.0074397116,0.007971112,0.005269168,0.004917895,0.0060487785,0.007971112,0.004917895,0.005269168,0.0074397116,0.0064808275,0.0074397116,0.0060487785,0.004917895,0.0064808275,0.006943737,0.004917895,0.004917895,0.0060487785,0.006943737,0.004917895,0.007971112,0.007971112,0.0074397116,0.004917895,0.0056455317,0.007971112,2,4
0.0048891483,0.0048891483,0.007924518,0.007924518,0.0056125317,0.0060134213,0.0048891483,0.0069031483,0.0073962235,0.007924518,0.0056125317,0.0060134213,0.0069031483,0.0048891483,0.007924518,0.0052383677,0.0052383677,0.0056125317,0.007924518,0.0048891483,0.0060134213,0.0073962235,0.0060134213,0.0069031483,0.0073962235,0.0056125317,0.0056125317,0.0064429445,0.0060134213,0.0048891483,0.0069031483,0.0060134213,0.0064429445,0.0073962235,0.007924518,0.0056125317,0.0048891483,0.0069031483,0.0048891483,0.0064429445,0.0048891483,0.0060134213,0.0073962235,0.0064429445,0.007924518,0.0048891483,0.0048891483,0.0069031483,0.0048891483,0.007924518,0.0064429445,0.0048891483,0.007924518,0.0048891483,0.0064429445,0.0048891483,0.0048891483,0.007924518,0.0064429445,0.0069031483,0.007924518,0.0056125317,0.0064429445,0.0048891483,0.007924518,0.0064429445,0.0060134213,0.0052383677,0.0048891483,0.0056125317,0.0052383677,0.0056125317,0.0056125317,0.0056125317,0.0073962235,0.0048891483,0.0052383677,0.007924518,0.0056125317,0.0048891483,0.0048891483,0.0048891483,0.007924518,0.007924518,0.007924518,0.0048891483,0.0056125317,0.007924518,0.0064429445,0.0060134213,0.0060134213,0.0064429445,0.007924518,0.0048891483,0.007924518,0.0052383677,0.0048891483,0.007924518,0.0060134213,0.0073962235,0.0064429445,0.0069031483,0.0064429445,0.0060134213,0.0060134213,0.0048891483,0.0056125317,0.007924518,0.0052383677,0.007924518,0.0048891483,0.0048891483,0.0064429445,0.0060134213,0.0069031483,0.0064429445,0.0069031483,0.007924518,0.0056125317,0.0052383677,0.0052383677,0.0052383677,0.007924518,0.007924518,0.0052383677,0.0048891483,0.007924518,0.0069031483,0.007924518,0.0073962235,0.0069031483,0.0056125317,0.0073962235,0.0073962235,0.0064429445,0.0060134213,0.0048891483,0.0048891483,0.0064429445,0.0056125317,0.0048891483,0.0064429445,0.0073962235,0.0056125317,0.0056125317,0.0056125317,0.0064429445,0.007924518,0.007924518,0.007924518,0.0052383677,0.0056125317,0.0069031483,0.0073962235,0.0052383677,0.0056125317,0.0048891483,0.0064429445,0.0069031483,0.0048891483,2,2
0.0053169373,0.0053169373,0.008043376,0.008043376,0.004962479,0.0053169373,0.004962479,0.007006687,0.007507158,0.008043376,0.0056967125,0.0053169373,0.0061036153,0.0053169373,0.007507158,0.004962479,0.0061036153,0.0065395813,0.008043376,0.004962479,0.0053169373,0.0061036153,0.0061036153,0.0061036153,0.0053169373,0.004962479,0.0056967125,0.0065395813,0.0061036153,0.004962479,0.0053169373,0.0065395813,0.007006687,0.007507158,0.0056967125,0.0061036153,0.004962479,0.008043376,0.004962479,0.0065395813,0.004962479,0.0065395813,0.007006687,0.0061036153,0.008043376,0.0056967125,0.004962479,0.008043376,0.0053169373,0.007507158,0.0061036153,0.004962479,0.008043376,0.0056967125,0.0056967125,0.004962479,0.004962479,0.007507158,0.0065395813,0.0056967125,0.0056967125,0.0053169373,0.0065395813,0.004962479,0.0065395813,0.0061036153,0.0061036153,0.0053169373,0.004962479,0.0056967125,0.0053169373,0.004962479,0.0056967125,0.0056967125,0.008043376,0.0053169373,0.0053169373,0.008043376,0.008043376,0.0061036153,0.008043376,0.004962479,0.008043376,0.008043376,0.0065395813,0.004962479,0.004962479,0.008043376,0.007507158,0.004962479,0.007006687,0.0053169373,0.008043376,0.004962479,0.008043376,0.0056967125,0.004962479,0.008043376,0.0061036153,0.007006687,0.0056967125,0.0065395813,0.007507158,0.0053169373,0.008043376,0.004962479,0.0056967125,0.008043376,0.0053169373,0.008043376,0.004962479,0.004962479,0.007507158,0.004962479,0.007006687,0.0056967125,0.0065395813,0.008043376,0.0061036153,0.004962479,0.0053169373,0.0053169373,0.008043376,0.008043376,0.0053169373,0.004962479,0.008043376,0.007006687,0.008043376,0.007507158,0.0053169373,0.0056967125,0.007507158,0.007507158,0.004962479,0.0056967125,0.004962479,0.004962479,0.0065395813,0.0056967125,0.004962479,0.0053169373,0.007507158,0.0056967125,0.0056967125,0.0056967125,0.007006687,0.008043376,0.008043376,0.008043376,0.0061036153,0.0056967125,0.007006687,0.007507158,0.004962479,0.0053169373,0.0053169373,0.007507158,0.0065395813,0.0053169373,2,2
0.0052164234,0.0052164234,0.0048686666,0.007891321,0.0048686666,0.0055890195,0.007891321,0.00736524,0.007891321,0.007891321,0.00736524,0.00687423,0.0048686666,0.0064159543,0.007891321,0.00598823,0.00736524,0.0055890195,0.007891321,0.0048686666,0.0064159543,0.00736524,0.0055890195,0.00687423,0.0052164234,0.0055890195,0.0055890195,0.00598823,0.00598823,0.0055890195,0.00687423,0.00598823,0.0048686666,0.0052164234,0.007891321,0.0064159543,0.0055890195,0.0048686666,0.00598823,0.00598823,0.0052164234,0.00736524,0.00687423,0.0055890195,0.007891321,0.0064159543,0.0055890195,0.00736524,0.00687423,0.0064159543,0.00598823,0.00598823,0.00736524,0.007891321,0.0064159543,0.0052164234,0.0064159543,0.0048686666,0.00598823,0.0052164234,0.0052164234,0.00598823,0.0064159543,0.00598823,0.0055890195,0.0052164234,0.00598823,0.0052164234,0.007891321,0.00598823,0.0048686666,0.007891321,0.0048686666,0.0052164234,0.0064159543,0.0048686666,0.0052164234,0.0048686666,0.0064159543,0.0048686666,0.0052164234,0.00736524,0.007891321,0.007891321,0.007891321,0.0048686666,0.00598823,0.007891321,0.007891321,0.0055890195,0.00598823,0.00687423,0.0048686666,0.0064159543,0.007891321,0.0055890195,0.0048686666,0.00687423,0.00687423,0.00687423,0.007891321,0.007891321,0.00598823,0.00598823,0.00598823,0.0048686666,0.0055890195,0.0048686666,0.00687423,0.007891321,0.0052164234,0.0048686666,0.00736524,0.007891321,0.0055890195,0.00598823,0.0064159543,0.00687423,0.0064159543,0.0048686666,0.0048686666,0.0052164234,0.007891321,0.007891321,0.0055890195,0.0055890195,0.007891321,0.0064159543,0.007891321,0.00687423,0.00598823,0.0055890195,0.00687423,0.00736524,0.0064159543,0.0064159543,0.0052164234,0.00598823,0.00687423,0.00736524,0.0048686666,0.0055890195,0.00736524,0.00598823,0.0055890195,0.0052164234,0.007891321,0.007891321,0.007891321,0.0052164234,0.0048686666,0.0055890195,0.0064159543,0.00687423,0.0048686666,0.00736524,0.0048686666,0.00598823,0.00598823,0.0048686666,3,3
0.007014219,0.0075152274,0.0075152274,0.0075152274,0.0046366304,0.007014219,0.0075152274,0.0065466105,0.0075152274,0.0046366304,0.007014219,0.0065466105,0.0046366304,0.0046366304,0.0046366304,0.0065466105,0.0061101755,0.0061101755,0.0075152274,0.0057028364,0.0075152274,0.007014219,0.0046366304,0.0049678134,0.0046366304,0.0075152274,0.005322652,0.0049678134,0.0049678134,0.0075152274,0.0075152274,0.0061101755,0.0075152274,0.0057028364,0.0046366304,0.0057028364,0.0057028364,0.0057028364,0.0046366304,0.0075152274,0.0046366304,0.0075152274,0.0075152274,0.007014219,0.0046366304,0.0075152274,0.0065466105,0.0075152274,0.0075152274,0.0075152274,0.0065466105,0.0075152274,0.0061101755,0.0075152274,0.0057028364,0.0075152274,0.0065466105,0.0075152274,0.0075152274,0.0057028364,0.0065466105,0.005322652,0.0049678134,0.0057028364,0.0075152274,0.005322652,0.0061101755,0.0049678134,0.0057028364,0.0065466105,0.0061101755,0.0075152274,0.0049678134,0.005322652,0.0046366304,0.0075152274,0.0057028364,0.0075152274,0.0075152274,0.007014219,0.0075152274,0.0046366304,0.0046366304,0.0046366304,0.0046366304,0.007014219,0.007014219,0.0075152274,0.005322652,0.0075152274,0.0075152274,0.0065466105,0.0075152274,0.0046366304,0.0075152274,0.0075152274,0.0075152274,0.0046366304,0.0061101755,0.0046366304,0.0065466105,0.007014219,0.007014219,0.0061101755,0.0065466105,0.0046366304,0.0057028364,0.005322652,0.0046366304,0.0057028364,0.0061101755,0.0075152274,0.0046366304,0.0061101755,0.007014219,0.0046366304,0.0065466105,0.0075152274,0.0075152274,0.0046366304,0.0075152274,0.0065466105,0.0075152274,0.0075152274,0.0065466105,0.0075152274,0.007014219,0.0046366304,0.005322652,0.0065466105,0.0075152274,0.005322652,0.0046366304,0.0061101755,0.0061101755,0.0075152274,0.005322652,0.0046366304,0.0061101755,0.005322652,0.0065466105,0.0065466105,0.0049678134,0.0046366304,0.005322652,0.0065466105,0.0075152274,0.0075152274,0.0075152274,0.0046366304,0.0046366304,0.005322652,0.0075152274,0.0075152274,0.007014219,0.0057028364,0.0057028364,0.007014219,0.0065466105,0.0046366304,1,1
0.0075933235,0.0075933235,0.0075933235,0.0075933235,0.004684813,0.0075933235,0.0075933235,0.0053779637,0.006614641,0.004684813,0.0070871087,0.006614641,0.004684813,0.004684813,0.004684813,0.0061736708,0.0070871087,0.006614641,0.0075933235,0.0061736708,0.0070871087,0.0070871087,0.0061736708,0.0061736708,0.004684813,0.004684813,0.0053779637,0.0061736708,0.0061736708,0.004684813,0.004684813,0.0061736708,0.0075933235,0.006614641,0.004684813,0.0070871087,0.0061736708,0.005762099,0.004684813,0.0075933235,0.0075933235,0.0070871087,0.0050194375,0.005762099,0.004684813,0.0075933235,0.0070871087,0.0075933235,0.0075933235,0.0075933235,0.0053779637,0.0075933235,0.0075933235,0.0075933235,0.004684813,0.0075933235,0.006614641,0.0075933235,0.0075933235,0.0061736708,0.004684813,0.0075933235,0.004684813,0.004684813,0.0053779637,0.005762099,0.0061736708,0.004684813,0.0053779637,0.0053779637,0.0061736708,0.0075933235,0.004684813,0.0050194375,0.004684813,0.0075933235,0.0061736708,0.0075933235,0.0075933235,0.0075933235,0.0075933235,0.005762099,0.004684813,0.004684813,0.0053779637,0.004684813,0.0075933235,0.0075933235,0.005762099,0.004684813,0.0075933235,0.006614641,0.0075933235,0.004684813,0.0075933235,0.0075933235,0.0075933235,0.004684813,0.0061736708,0.004684813,0.0053779637,0.0075933235,0.006614641,0.0050194375,0.0053779637,0.004684813,0.0061736708,0.0053779637,0.004684813,0.0050194375,0.0070871087,0.0075933235,0.0053779637,0.0075933235,0.0061736708,0.005762099,0.006614641,0.0075933235,0.0075933235,0.0050194375,0.0075933235,0.0070871087,0.0075933235,0.0070871087,0.0075933235,0.0075933235,0.0070871087,0.004684813,0.0050194375,0.006614641,0.0053779637,0.0053779637,0.005762099,0.0070871087,0.005762099,0.005762099,0.0050194375,0.004684813,0.0061736708,0.0053779637,0.0053779637,0.006614641,0.0053779637,0.004684813,0.0070871087,0.006614641,0.0075933235,0.0075933235,0.0075933235,0.004684813,0.004684813,0.0053779637,0.0075933235,0.0075933235,0.0070871087,0.0075933235,0.005762099,0.0070871087,0.006614641,0.004684813,0,1
0.0061355005,0.0070432904,0.0075463755,0.0075463755,0.0049884035,0.0070432904,0.0075463755,0.006573744,0.0075463755,0.004655848,0.0070432904,0.006573744,0.004655848,0.004655848,0.0053447126,0.006573744,0.0061355005,0.0061355005,0.0075463755,0.0061355005,0.0075463755,0.0070432904,0.004655848,0.0049884035,0.004655848,0.0075463755,0.0053447126,0.0049884035,0.0049884035,0.0075463755,0.0070432904,0.005726473,0.0075463755,0.0061355005,0.004655848,0.0061355005,0.005726473,0.0061355005,0.004655848,0.0075463755,0.004655848,0.0075463755,0.0075463755,0.006573744,0.0061355005,0.0070432904,0.006573744,0.0075463755,0.0075463755,0.0070432904,0.0053447126,0.0075463755,0.0070432904,0.0075463755,0.004655848,0.0075463755,0.006573744,0.0075463755,0.0075463755,0.005726473,0.0075463755,0.005726473,0.004655848,0.004655848,0.0075463755,0.0049884035,0.005726473,0.0049884035,0.005726473,0.0070432904,0.006573744,0.0075463755,0.004655848,0.0049884035,0.0049884035,0.0075463755,0.0061355005,0.0075463755,0.0075463755,0.0075463755,0.0061355005,0.004655848,0.005726473,0.004655848,0.0049884035,0.005726473,0.0061355005,0.0075463755,0.005726473,0.0075463755,0.0075463755,0.006573744,0.0075463755,0.004655848,0.0075463755,0.0061355005,0.0075463755,0.004655848,0.0061355005,0.006573744,0.006573744,0.0070432904,0.005726473,0.0053447126,0.0070432904,0.004655848,0.005726473,0.0053447126,0.004655848,0.005726473,0.005726473,0.0075463755,0.004655848,0.005726473,0.005726473,0.004655848,0.006573744,0.0061355005,0.0061355005,0.0053447126,0.0075463755,0.0070432904,0.0075463755,0.0075463755,0.0075463755,0.0070432904,0.0070432904,0.0053447126,0.0061355005,0.0061355005,0.0075463755,0.0053447126,0.0049884035,0.005726473,0.0075463755,0.0070432904,0.005726473,0.004655848,0.006573744,0.0061355005,0.0053447126,0.006573744,0.004655848,0.004655848,0.0070432904,0.006573744,0.0075463755,0.0075463755,0.0075463755,0.004655848,0.004655848,0.0053447126,0.0075463755,0.0070432904,0.006573744,0.0070432904,0.0061355005,0.0061355005,0.0053447126,0.0049884035,2,2
0.0065603503,0.0075310003,0.0075310003,0.0075310003,0.005333823,0.0070289406,0.0075310003,0.005714806,0.0065603503,0.004646362,0.006123,0.005333823,0.004646362,0.004646362,0.00497824,0.005714806,0.0070289406,0.006123,0.0075310003,0.006123,0.0070289406,0.0070289406,0.006123,0.005714806,0.004646362,0.005714806,0.005714806,0.005333823,0.006123,0.005333823,0.006123,0.006123,0.0075310003,0.006123,0.004646362,0.006123,0.006123,0.005714806,0.004646362,0.0065603503,0.0065603503,0.0075310003,0.005714806,0.005714806,0.004646362,0.0075310003,0.006123,0.0075310003,0.0075310003,0.0065603503,0.005333823,0.0070289406,0.0075310003,0.0075310003,0.004646362,0.0075310003,0.0065603503,0.0075310003,0.0075310003,0.005714806,0.0070289406,0.0070289406,0.004646362,0.004646362,0.0070289406,0.00497824,0.006123,0.005333823,0.005714806,0.0065603503,0.005714806,0.0075310003,0.004646362,0.00497824,0.004646362,0.0075310003,0.006123,0.0075310003,0.0075310003,0.0075310003,0.0070289406,0.0070289406,0.004646362,0.004646362,0.0075310003,0.0070289406,0.0075310003,0.0075310003,0.005333823,0.0075310003,0.0075310003,0.0065603503,0.0075310003,0.004646362,0.0075310003,0.0070289406,0.0075310003,0.00497824,0.006123,0.004646362,0.0075310003,0.0075310003,0.0065603503,0.00497824,0.005714806,0.004646362,0.006123,0.005333823,0.004646362,0.005714806,0.006123,0.0075310003,0.005333823,0.0075310003,0.0070289406,0.005333823,0.0065603503,0.0075310003,0.0075310003,0.004646362,0.0075310003,0.0070289406,0.0075310003,0.0075310003,0.0075310003,0.0070289406,0.0070289406,0.005333823,0.005333823,0.006123,0.006123,0.005333823,0.006123,0.0070289406,0.005714806,0.0065603503,0.005333823,0.004646362,0.006123,0.005714806,0.005333823,0.0070289406,0.005333823,0.004646362,0.0070289406,0.005333823,0.0075310003,0.0075310003,0.0075310003,0.004646362,0.004646362,0.006123,0.0070289406,0.0070289406,0.004646362,0.005714806,0.0070289406,0.0065603503,0.006123,0.004646362,1,1
0.007910137,0.0056023463,0.007910137,0.007910137,0.0048802756,0.007910137,0.0064312527,0.0048802756,0.0048802756,0.0048802756,0.0073828017,0.0068906215,0.0048802756,0.0060025086,0.007910137,0.0056023463,0.0064312527,0.0060025086,0.0052288617,0.0064312527,0.0073828017,0.0048802756,0.0060025086,0.0060025086,0.0048802756,0.0073828017,0.0056023463,0.0064312527,0.0048802756,0.007910137,0.007910137,0.0060025086,0.0048802756,0.0068906215,0.007910137,0.0068906215,0.0064312527,0.0056023463,0.0064312527,0.007910137,0.0056023463,0.0068906215,0.007910137,0.0068906215,0.007910137,0.007910137,0.0064312527,0.0052288617,0.0048802756,0.0060025086,0.0073828017,0.0064312527,0.0060025086,0.0048802756,0.007910137,0.0048802756,0.0064312527,0.0048802756,0.0048802756,0.0048802756,0.007910137,0.0064312527,0.0052288617,0.0052288617,0.007910137,0.0064312527,0.0073828017,0.0060025086,0.0048802756,0.0048802756,0.0052288617,0.0073828017,0.0048802756,0.0052288617,0.0068906215,0.0073828017,0.0064312527,0.0048802756,0.0048802756,0.0048802756,0.0048802756,0.007910137,0.0064312527,0.0048802756,0.007910137,0.0048802756,0.0052288617,0.0052288617,0.0064312527,0.0060025086,0.0060025086,0.0068906215,0.0048802756,0.007910137,0.007910137,0.0068906215,0.0048802756,0.0064312527,0.0052288617,0.007910137,0.007910137,0.0068906215,0.0056023463,0.0048802756,0.0073828017,0.007910137,0.007910137,0.0048802756,0.0048802756,0.007910137,0.007910137,0.007910137,0.0064312527,0.0048802756,0.0068906215,0.0068906215,0.0068906215,0.0048802756,0.0052288617,0.0048802756,0.0048802756,0.0056023463,0.0048802756,0.0048802756,0.0056023463,0.0064312527,0.0060025086,0.0060025086,0.007910137,0.0048802756,0.0073828017,0.0064312527,0.0056023463,0.0056023463,0.0068906215,0.0073828017,0.0060025086,0.0064312527,0.0060025086,0.007910137,0.0052288617,0.0060025086,0.0064312527,0.0073828017,0.0064312527,0.0064312527,0.0048802756,0.007910137,0.007910137,0.0048802756,0.0068906215,0.0056023463,0.0048802756,0.0060025086,0.007910137,0.007910137,0.0060025086,0.0048802756,0.0048802756,0.0064312527,0,0
0.007542435,0.007542435,0.007542435,0.007542435,0.005723483,0.0061322968,0.007542435,0.005723483,0.0065703113,0.0046534166,0.005723483,0.005723483,0.0046534166,0.0046534166,0.0046534166,0.0061322968,0.0070396126,0.0065703113,0.007542435,0.005723483,0.0070396126,0.0070396126,0.0061322968,0.005723483,0.0046534166,0.0046534166,0.005341922,0.0061322968,0.0061322968,0.0046534166,0.005723483,0.005723483,0.007542435,0.0065703113,0.0046534166,0.0070396126,0.0061322968,0.005723483,0.0046534166,0.007542435,0.0046534166,0.007542435,0.007542435,0.007542435,0.0065703113,0.007542435,0.0065703113,0.007542435,0.007542435,0.0065703113,0.005341922,0.007542435,0.007542435,0.007542435,0.0046534166,0.007542435,0.0065703113,0.007542435,0.007542435,0.005723483,0.0046534166,0.0061322968,0.0046534166,0.005341922,0.0061322968,0.005723483,0.0061322968,0.0049857986,0.005723483,0.005723483,0.0049857986,0.007542435,0.0046534166,0.005341922,0.0046534166,0.007542435,0.0061322968,0.007542435,0.007542435,0.007542435,0.007542435,0.005723483,0.0046534166,0.0046534166,0.0046534166,0.007542435,0.007542435,0.007542435,0.005723483,0.007542435,0.007542435,0.0065703113,0.007542435,0.0046534166,0.007542435,0.007542435,0.007542435,0.0046534166,0.0061322968,0.0046534166,0.0049857986,0.007542435,0.0065703113,0.0049857986,0.005341922,0.0046534166,0.0061322968,0.0061322968,0.0046534166,0.0046534166,0.0070396126,0.007542435,0.005723483,0.007542435,0.0070396126,0.0046534166,0.0065703113,0.007542435,0.007542435,0.005341922,0.007542435,0.0070396126,0.007542435,0.007542435,0.0070396126,0.007542435,0.0061322968,0.0046534166,0.0046534166,0.0061322968,0.0061322968,0.005341922,0.0061322968,0.0070396126,0.005723483,0.0065703113,0.0049857986,0.0046534166,0.0065703113,0.005341922,0.005341922,0.0065703113,0.005723483,0.0046534166,0.0065703113,0.005723483,0.007542435,0.007542435,0.007542435,0.0046534166,0.0046534166,0.005341922,0.007542435,0.007542435,0.0065703113,0.0046534166,0.0070396126,0.007542435,0.007542435,0.0061322968,0,1
0.0060037766,0.0052299662,0.007911808,0.007911808,0.0052299662,0.007911808,0.0048813066,0.0048813066,0.0048813066,0.0073843612,0.007911808,0.006432611,0.0052299662,0.0052299662,0.0068920767,0.006432611,0.0068920767,0.0060037766,0.0052299662,0.006432611,0.00560353,0.0048813066,0.006432611,0.006432611,0.0052299662,0.0068920767,0.00560353,0.0060037766,0.0048813066,0.007911808,0.007911808,0.00560353,0.0048813066,0.0068920767,0.007911808,0.00560353,0.006432611,0.006432611,0.006432611,0.0073843612,0.0048813066,0.006432611,0.007911808,0.0068920767,0.007911808,0.0060037766,0.00560353,0.0048813066,0.0048813066,0.0068920767,0.006432611,0.006432611,0.0048813066,0.0048813066,0.007911808,0.0048813066,0.0068920767,0.0048813066,0.0048813066,0.0073843612,0.007911808,0.0052299662,0.0060037766,0.0048813066,0.007911808,0.0052299662,0.0060037766,0.006432611,0.00560353,0.0068920767,0.007911808,0.007911808,0.0052299662,0.0052299662,0.0048813066,0.006432611,0.006432611,0.0048813066,0.0068920767,0.0052299662,0.0052299662,0.0060037766,0.0052299662,0.0073843612,0.007911808,0.0048813066,0.0048813066,0.0052299662,0.0068920767,0.0060037766,0.0060037766,0.0068920767,0.0048813066,0.007911808,0.007911808,0.0068920767,0.0048813066,0.0068920767,0.0048813066,0.007911808,0.0073843612,0.0073843612,0.0052299662,0.0048813066,0.0073843612,0.007911808,0.0073843612,0.0060037766,0.0048813066,0.007911808,0.007911808,0.0068920767,0.0060037766,0.0048813066,0.0068920767,0.0073843612,0.0068920767,0.0048813066,0.00560353,0.0048813066,0.0048813066,0.0052299662,0.0048813066,0.006432611,0.0052299662,0.0052299662,0.00560353,0.0060037766,0.0073843612,0.0048813066,0.006432611,0.00560353,0.0073843612,0.0068920767,0.0073843612,0.007911808,0.006432611,0.0060037766,0.006432611,0.007911808,0.0048813066,0.00560353,0.0073843612,0.0052299662,0.0068920767,0.006432611,0.0048813066,0.007911808,0.007911808,0.0048813066,0.0060037766,0.00560353,0.0068920767,0.0068920767,0.007911808,0.006432611,0.006432611,0.0048813066,0.006432611,0.007911808,2,4
0.007444437,0.007444437,0.007444437,0.007444437,0.004921019,0.006948148,0.007444437,0.0064849444,0.007444437,0.0045929556,0.007444437,0.0064849444,0.0045929556,0.0045929556,0.0045929556,0.0064849444,0.0060526202,0.005649118,0.007444437,0.005649118,0.006948148,0.006948148,0.005272515,0.005272515,0.0045929556,0.007444437,0.005272515,0.0045929556,0.005272515,0.007444437,0.007444437,0.0060526202,0.007444437,0.005649118,0.0045929556,0.006948148,0.005649118,0.0064849444,0.005272515,0.006948148,0.005272515,0.007444437,0.007444437,0.007444437,0.0045929556,0.007444437,0.0064849444,0.007444437,0.007444437,0.007444437,0.005272515,0.007444437,0.007444437,0.007444437,0.0045929556,0.007444437,0.0064849444,0.007444437,0.007444437,0.005649118,0.007444437,0.004921019,0.0045929556,0.004921019,0.007444437,0.0060526202,0.0060526202,0.004921019,0.005649118,0.0060526202,0.0060526202,0.007444437,0.0045929556,0.005272515,0.0045929556,0.007444437,0.0060526202,0.007444437,0.007444437,0.007444437,0.007444437,0.0045929556,0.0045929556,0.0045929556,0.0045929556,0.007444437,0.006948148,0.007444437,0.004921019,0.006948148,0.007444437,0.0064849444,0.007444437,0.0045929556,0.007444437,0.007444437,0.007444437,0.0045929556,0.0060526202,0.0045929556,0.006948148,0.006948148,0.0064849444,0.005272515,0.0064849444,0.0045929556,0.005649118,0.005272515,0.0045929556,0.0060526202,0.007444437,0.007444437,0.0045929556,0.0064849444,0.006948148,0.005272515,0.0064849444,0.007444437,0.007444437,0.005272515,0.007444437,0.0064849444,0.007444437,0.007444437,0.007444437,0.007444437,0.005649118,0.0045929556,0.004921019,0.0064849444,0.007444437,0.005272515,0.0060526202,0.006948148,0.007444437,0.007444437,0.005272515,0.0045929556,0.0060526202,0.0060526202,0.005649118,0.0064849444,0.005649118,0.0045929556,0.0060526202,0.0064849444,0.007444437,0.007444437,0.007444437,0.0045929556,0.005649118,0.005272515,0.006948148,0.007444437,0.007444437,0.0045929556,0.005272515,0.005649118,0.0060526202,0.0045929556,0,0
0.007689564,0.007689564,0.007689564,0.007689564,0.00474419,0.0066984775,0.0066984775,0.0071769333,0.007689564,0.007689564,0.006251918,0.0066984775,0.007689564,0.00474419,0.007689564,0.0066984775,0.0071769333,0.006251918,0.007689564,0.0050830557,0.006251918,0.0071769333,0.006251918,0.0066984775,0.00474419,0.00583513,0.0054461258,0.00474419,0.006251918,0.0054461258,0.00474419,0.0066984775,0.006251918,0.006251918,0.007689564,0.00583513,0.006251918,0.007689564,0.00474419,0.0054461258,0.00474419,0.007689564,0.007689564,0.00583513,0.007689564,0.00583513,0.00474419,0.007689564,0.006251918,0.006251918,0.00583513,0.0066984775,0.007689564,0.0050830557,0.0054461258,0.0050830557,0.00474419,0.007689564,0.0054461258,0.0050830557,0.00474419,0.0050830557,0.0071769333,0.0050830557,0.0066984775,0.0050830557,0.006251918,0.00474419,0.0054461258,0.006251918,0.007689564,0.007689564,0.0050830557,0.00474419,0.0050830557,0.0050830557,0.0050830557,0.007689564,0.0066984775,0.00474419,0.0054461258,0.00583513,0.007689564,0.006251918,0.006251918,0.0066984775,0.0050830557,0.007689564,0.0071769333,0.00474419,0.0066984775,0.0066984775,0.007689564,0.00474419,0.007689564,0.0066984775,0.006251918,0.007689564,0.00583513,0.00583513,0.0071769333,0.007689564,0.0071769333,0.0054461258,0.00583513,0.00474419,0.0054461258,0.0071769333,0.00474419,0.007689564,0.0050830557,0.0054461258,0.0071769333,0.0071769333,0.006251918,0.00583513,0.0066984775,0.007689564,0.007689564,0.006251918,0.0054461258,0.00583513,0.007689564,0.007689564,0.00583513,0.00583513,0.0071769333,0.0054461258,0.0054461258,0.0071769333,0.00474419,0.0054461258,0.0071769333,0.0071769333,0.00474419,0.00583513,0.00583513,0.0054461258,0.0071769333,0.0054461258,0.007689564,0.0071769333,0.006251918,0.0054461258,0.00583513,0.0050830557,0.007689564,0.007689564,0.007689564,0.00474419,0.00474419,0.00583513,0.006251918,0.0066984775,0.00474419,0.00583513,0.0054461258,0.0071769333,0.006251918,0.00474419,0,1
0.0066262786,0.007099577,0.005028269,0.005772236,0.007099577,0.006184533,0.008150009,0.005028269,0.005028269,0.007099577,0.008150009,0.0053874254,0.005028269,0.008150009,0.008150009,0.0053874254,0.0066262786,0.006184533,0.005028269,0.005028269,0.007606683,0.007099577,0.006184533,0.005028269,0.005772236,0.006184533,0.006184533,0.006184533,0.0066262786,0.006184533,0.008150009,0.005772236,0.005028269,0.005028269,0.008150009,0.005772236,0.0066262786,0.005028269,0.005028269,0.005772236,0.005772236,0.007099577,0.0066262786,0.005772236,0.008150009,0.008150009,0.007099577,0.0053874254,0.005028269,0.007099577,0.006184533,0.006184533,0.008150009,0.007099577,0.005772236,0.005028269,0.007099577,0.005028269,0.005028269,0.0053874254,0.007606683,0.007606683,0.0053874254,0.005028269,0.0066262786,0.008150009,0.008150009,0.005028269,0.005028269,0.005028269,0.007099577,0.007099577,0.005028269,0.0053874254,0.008150009,0.005028269,0.0066262786,0.005028269,0.005028269,0.005028269,0.007606683,0.005772236,0.006184533,0.005028269,0.0053874254,0.005028269,0.0053874254,0.005772236,0.0066262786,0.006184533,0.0066262786,0.007099577,0.005028269,0.008150009,0.008150009,0.005772236,0.005028269,0.005772236,0.006184533,0.008150009,0.007606683,0.008150009,0.005028269,0.005772236,0.005772236,0.008150009,0.008150009,0.005028269,0.005028269,0.008150009,0.007099577,0.007099577,0.006184533,0.005028269,0.006184533,0.006184533,0.0066262786,0.006184533,0.005772236,0.005028269,0.0053874254,0.0053874254,0.005028269,0.005028269,0.005028269,0.0066262786,0.006184533,0.0053874254,0.007099577,0.005772236,0.008150009,0.005772236,0.005028269,0.005028269,0.0053874254,0.0066262786,0.005028269,0.007606683,0.005772236,0.007606683,0.008150009,0.007099577,0.005772236,0.0066262786,0.0066262786,0.005772236,0.0066262786,0.008150009,0.008150009,0.005772236,0.007606683,0.005772236,0.005028269,0.005028269,0.007099577,0.005772236,0.0053874254,0.0053874254,0.007099577,0.005028269,6,1
0.00492424,0.006056583,0.00492424,0.00492424,0.007981396,0.0064891893,0.00492424,0.00492424,0.00492424,0.007981396,0.0074493103,0.006056583,0.00492424,0.0052759666,0.0074493103,0.0056528156,0.0064891893,0.0064891893,0.00492424,0.0064891893,0.00492424,0.0074493103,0.0056528156,0.0052759666,0.007981396,0.0074493103,0.006056583,0.0052759666,0.00492424,0.007981396,0.007981396,0.0056528156,0.00492424,0.006952696,0.007981396,0.006056583,0.006056583,0.006952696,0.006056583,0.007981396,0.00492424,0.0056528156,0.007981396,0.0074493103,0.007981396,0.007981396,0.006056583,0.00492424,0.00492424,0.0064891893,0.007981396,0.006056583,0.00492424,0.00492424,0.007981396,0.00492424,0.0064891893,0.0052759666,0.00492424,0.006056583,0.007981396,0.0056528156,0.0056528156,0.00492424,0.007981396,0.0052759666,0.006952696,0.006056583,0.0052759666,0.006056583,0.0052759666,0.0074493103,0.0052759666,0.0052759666,0.007981396,0.007981396,0.0064891893,0.00492424,0.00492424,0.00492424,0.00492424,0.006056583,0.0056528156,0.007981396,0.007981396,0.00492424,0.00492424,0.0052759666,0.0074493103,0.006056583,0.006056583,0.006952696,0.00492424,0.007981396,0.007981396,0.006952696,0.00492424,0.006952696,0.00492424,0.007981396,0.0074493103,0.0064891893,0.0074493103,0.0056528156,0.006952696,0.007981396,0.007981396,0.00492424,0.00492424,0.007981396,0.007981396,0.007981396,0.0064891893,0.006952696,0.0074493103,0.0074493103,0.0064891893,0.00492424,0.0052759666,0.00492424,0.0052759666,0.0056528156,0.00492424,0.00492424,0.0056528156,0.0056528156,0.0056528156,0.0056528156,0.007981396,0.00492424,0.007981396,0.0056528156,0.006952696,0.0064891893,0.0074493103,0.006952696,0.0052759666,0.0064891893,0.0056528156,0.007981396,0.00492424,0.0052759666,0.0074493103,0.0056528156,0.0056528156,0.006056583,0.00492424,0.00492424,0.00492424,0.007981396,0.0064891893,0.0056528156,0.00492424,0.00492424,0.007981396,0.007981396,0.006952696,0.00492424,0.0056528156,0.007981396,4,4
0.0065021142,0.007997293,0.004934048,0.004934048,0.004934048,0.007997293,0.007997293,0.004934048,0.004934048,0.0065021142,0.007997293,0.0065021142,0.004934048,0.007997293,0.007997293,0.006966544,0.0065021142,0.005664075,0.0052864747,0.005664075,0.007464147,0.004934048,0.006068646,0.004934048,0.004934048,0.0065021142,0.005664075,0.004934048,0.006068646,0.005664075,0.007997293,0.0065021142,0.004934048,0.005664075,0.007464147,0.006068646,0.0065021142,0.004934048,0.004934048,0.006068646,0.004934048,0.0065021142,0.007997293,0.006068646,0.007997293,0.007997293,0.006966544,0.0052864747,0.004934048,0.007997293,0.005664075,0.006068646,0.007997293,0.004934048,0.006966544,0.004934048,0.006966544,0.005664075,0.004934048,0.006068646,0.006966544,0.006966544,0.0065021142,0.004934048,0.006966544,0.007997293,0.0065021142,0.004934048,0.006068646,0.0052864747,0.006966544,0.006966544,0.005664075,0.0052864747,0.007997293,0.006068646,0.0065021142,0.004934048,0.004934048,0.0052864747,0.004934048,0.007464147,0.006068646,0.004934048,0.007997293,0.004934048,0.004934048,0.004934048,0.0065021142,0.006068646,0.006068646,0.006966544,0.004934048,0.007997293,0.007997293,0.006068646,0.004934048,0.006966544,0.006068646,0.007997293,0.007997293,0.007464147,0.007464147,0.0065021142,0.0065021142,0.007997293,0.007997293,0.004934048,0.004934048,0.007997293,0.006966544,0.007464147,0.006068646,0.004934048,0.0065021142,0.006068646,0.006966544,0.0052864747,0.0065021142,0.004934048,0.004934048,0.0052864747,0.004934048,0.006068646,0.0052864747,0.0052864747,0.007997293,0.006966544,0.007997293,0.006068646,0.007464147,0.007464147,0.004934048,0.004934048,0.0065021142,0.006966544,0.0052864747,0.004934048,0.0052864747,0.006966544,0.006068646,0.006966544,0.006068646,0.006966544,0.0065021142,0.006068646,0.007997293,0.007997293,0.007997293,0.004934048,0.0052864747,0.006068646,0.0065021142,0.004934048,0.006068646,0.006966544,0.0065021142,0.005664075,0.005664075,0.004934048,1,4
0.00700643,0.0075068823,0.0075068823,0.0075068823,0.0046314816,0.00700643,0.0075068823,0.006539341,0.0075068823,0.0046314816,0.00700643,0.006539341,0.0046314816,0.0046314816,0.0046314816,0.006103391,0.006103391,0.006103391,0.0075068823,0.005696504,0.00700643,0.00700643,0.004962297,0.005696504,0.0046314816,0.0075068823,0.0053167418,0.0053167418,0.004962297,0.0075068823,0.006103391,0.005696504,0.0075068823,0.006103391,0.0046314816,0.0053167418,0.005696504,0.006539341,0.0053167418,0.0075068823,0.0046314816,0.006539341,0.005696504,0.0053167418,0.0075068823,0.0075068823,0.006539341,0.0075068823,0.0075068823,0.0075068823,0.005696504,0.0075068823,0.00700643,0.0075068823,0.0053167418,0.0075068823,0.006539341,0.0075068823,0.0075068823,0.005696504,0.006539341,0.004962297,0.004962297,0.004962297,0.0075068823,0.005696504,0.006103391,0.004962297,0.005696504,0.006539341,0.006103391,0.0075068823,0.0046314816,0.0053167418,0.0046314816,0.0075068823,0.006103391,0.0075068823,0.0075068823,0.0075068823,0.0075068823,0.0046314816,0.0046314816,0.0046314816,0.0046314816,0.006539341,0.00700643,0.0075068823,0.005696504,0.0075068823,0.0075068823,0.006539341,0.0075068823,0.0046314816,0.0075068823,0.0075068823,0.0075068823,0.0053167418,0.006103391,0.0046314816,0.0053167418,0.006539341,0.00700643,0.006103391,0.006103391,0.0046314816,0.005696504,0.0053167418,0.0046314816,0.006103391,0.006103391,0.0075068823,0.004962297,0.0075068823,0.0075068823,0.0046314816,0.00700643,0.0075068823,0.0075068823,0.0053167418,0.0075068823,0.00700643,0.0075068823,0.0075068823,0.00700643,0.00700643,0.006539341,0.0053167418,0.006103391,0.006103391,0.0075068823,0.0053167418,0.0046314816,0.006103391,0.006103391,0.0075068823,0.004962297,0.0046314816,0.006103391,0.0053167418,0.00700643,0.006539341,0.0053167418,0.0046314816,0.0053167418,0.006539341,0.0075068823,0.0075068823,0.0075068823,0.0046314816,0.0046314816,0.0053167418,0.0075068823,0.0075068823,0.006539341,0.0046314816,0.005696504,0.005696504,0.005696504,0.0075068823,1,0
0.0051230094,0.0058809947,0.0077500055,0.0077500055,0.0047814804,0.0051230094,0.0051230094,0.0067511285,0.0072333454,0.0077500055,0.0058809947,0.0063010594,0.0072333454,0.0047814804,0.0072333454,0.0063010594,0.0067511285,0.0067511285,0.0077500055,0.0047814804,0.0067511285,0.0072333454,0.0058809947,0.0063010594,0.0047814804,0.0058809947,0.0072333454,0.0058809947,0.0051230094,0.0058809947,0.0058809947,0.0067511285,0.0058809947,0.0063010594,0.0077500055,0.0067511285,0.0047814804,0.0077500055,0.0047814804,0.0058809947,0.0047814804,0.0077500055,0.0072333454,0.0054889335,0.0077500055,0.0063010594,0.0054889335,0.0077500055,0.0063010594,0.0058809947,0.0058809947,0.0072333454,0.0047814804,0.0047814804,0.0054889335,0.0047814804,0.0047814804,0.0077500055,0.0058809947,0.0063010594,0.0067511285,0.0051230094,0.0067511285,0.0054889335,0.0077500055,0.0063010594,0.0063010594,0.0047814804,0.0047814804,0.0058809947,0.0063010594,0.0063010594,0.0054889335,0.0051230094,0.0077500055,0.0072333454,0.0054889335,0.0077500055,0.0058809947,0.0051230094,0.0058809947,0.0047814804,0.0077500055,0.0077500055,0.0077500055,0.0047814804,0.0051230094,0.0077500055,0.0067511285,0.0047814804,0.0067511285,0.0067511285,0.0077500055,0.0047814804,0.0077500055,0.0058809947,0.0067511285,0.0072333454,0.0063010594,0.0077500055,0.0063010594,0.0063010594,0.0072333454,0.0051230094,0.0067511285,0.0051230094,0.0058809947,0.0054889335,0.0047814804,0.0077500055,0.0051230094,0.0067511285,0.0067511285,0.0072333454,0.0063010594,0.0051230094,0.0067511285,0.0077500055,0.0077500055,0.0051230094,0.0054889335,0.0054889335,0.0077500055,0.0077500055,0.0054889335,0.0047814804,0.0077500055,0.0063010594,0.0072333454,0.0072333454,0.0063010594,0.0054889335,0.0067511285,0.0072333454,0.0047814804,0.0063010594,0.0047814804,0.0047814804,0.0063010594,0.0054889335,0.0047814804,0.0067511285,0.0072333454,0.0047814804,0.0058809947,0.0051230094,0.0077500055,0.0077500055,0.0077500055,0.0072333454,0.0058809947,0.0054889335,0.0067511285,0.0072333454,0.0047814804,0.0063010594,0.0058809947,0.0067511285,0.0058809947,0.0051230094,2,2
0.006746887,0.006746887,0.0077451365,0.0077451365,0.0047784764,0.005485485,0.006297101,0.007228801,0.0077451365,0.0077451365,0.0077451365,0.006297101,0.0047784764,0.0047784764,0.0077451365,0.0051197913,0.007228801,0.005485485,0.0077451365,0.0047784764,0.007228801,0.007228801,0.005485485,0.007228801,0.0051197913,0.005485485,0.005485485,0.0058773,0.0058773,0.005485485,0.005485485,0.0058773,0.006297101,0.0058773,0.0077451365,0.006297101,0.0058773,0.0077451365,0.0047784764,0.005485485,0.0051197913,0.0077451365,0.006746887,0.005485485,0.0077451365,0.0047784764,0.0051197913,0.0077451365,0.006746887,0.005485485,0.005485485,0.0051197913,0.0077451365,0.006746887,0.005485485,0.0051197913,0.0058773,0.0077451365,0.0058773,0.0051197913,0.006297101,0.005485485,0.006297101,0.0047784764,0.0077451365,0.005485485,0.006297101,0.0047784764,0.006746887,0.006297101,0.0051197913,0.0077451365,0.0047784764,0.0047784764,0.0077451365,0.0051197913,0.0051197913,0.0077451365,0.006746887,0.0047784764,0.006746887,0.0058773,0.0077451365,0.0077451365,0.007228801,0.0047784764,0.0058773,0.0077451365,0.0077451365,0.0058773,0.0058773,0.0047784764,0.005485485,0.0047784764,0.0077451365,0.006746887,0.0047784764,0.0077451365,0.0058773,0.006746887,0.007228801,0.0077451365,0.007228801,0.0058773,0.006297101,0.0047784764,0.005485485,0.006746887,0.0051197913,0.0077451365,0.0058773,0.007228801,0.006746887,0.0077451365,0.0058773,0.0058773,0.006746887,0.0077451365,0.0058773,0.0047784764,0.0047784764,0.0051197913,0.0077451365,0.0077451365,0.005485485,0.006746887,0.0077451365,0.0058773,0.006297101,0.007228801,0.006746887,0.005485485,0.007228801,0.006746887,0.007228801,0.0058773,0.0058773,0.0051197913,0.006746887,0.005485485,0.007228801,0.0051197913,0.006297101,0.005485485,0.0058773,0.0051197913,0.0077451365,0.0077451365,0.0077451365,0.0058773,0.0047784764,0.005485485,0.006297101,0.006746887,0.0047784764,0.0058773,0.0051197913,0.006746887,0.006297101,0.0047784764,2,2
0.0050192554,0.0050192554,0.0050192554,0.008135401,0.0050192554,0.0053777685,0.0050192554,0.007086851,0.007593048,0.008135401,0.0057618893,0.0053777685,0.0053777685,0.008135401,0.008135401,0.0050192554,0.006614401,0.0057618893,0.008135401,0.0050192554,0.0050192554,0.007086851,0.006614401,0.007086851,0.0050192554,0.0050192554,0.0057618893,0.006614401,0.006614401,0.0053777685,0.006614401,0.006614401,0.0057618893,0.007593048,0.008135401,0.0061734472,0.006614401,0.0050192554,0.008135401,0.006614401,0.0050192554,0.006614401,0.007086851,0.0061734472,0.008135401,0.0050192554,0.0053777685,0.0050192554,0.008135401,0.007086851,0.0057618893,0.0057618893,0.0057618893,0.008135401,0.006614401,0.0053777685,0.0057618893,0.0053777685,0.007086851,0.007086851,0.0053777685,0.0061734472,0.0057618893,0.007086851,0.0050192554,0.0053777685,0.006614401,0.0050192554,0.008135401,0.0050192554,0.0057618893,0.0050192554,0.0057618893,0.0053777685,0.008135401,0.0053777685,0.0053777685,0.0050192554,0.008135401,0.0061734472,0.0050192554,0.0050192554,0.008135401,0.008135401,0.006614401,0.0050192554,0.0053777685,0.007086851,0.006614401,0.006614401,0.0061734472,0.0050192554,0.0053777685,0.008135401,0.0053777685,0.0050192554,0.0050192554,0.0050192554,0.008135401,0.006614401,0.0057618893,0.006614401,0.0050192554,0.006614401,0.0061734472,0.0050192554,0.0057618893,0.0050192554,0.008135401,0.0061734472,0.0053777685,0.0057618893,0.0053777685,0.008135401,0.006614401,0.006614401,0.006614401,0.0053777685,0.006614401,0.0050192554,0.0050192554,0.0053777685,0.0050192554,0.008135401,0.0061734472,0.0050192554,0.008135401,0.006614401,0.008135401,0.007593048,0.0050192554,0.0057618893,0.007593048,0.007593048,0.0050192554,0.0057618893,0.0050192554,0.0050192554,0.006614401,0.0057618893,0.0050192554,0.0053777685,0.007593048,0.008135401,0.007593048,0.0057618893,0.006614401,0.008135401,0.008135401,0.008135401,0.0061734472,0.0057618893,0.007086851,0.007593048,0.0050192554,0.0053777685,0.0057618893,0.0061734472,0.007086851,0.0053777685,3,3
0.005496434,0.00630967,0.004788014,0.004788014,0.00724323,0.004788014,0.0058890316,0.0058890316,0.007760596,0.007760596,0.00630967,0.00513001,0.004788014,0.007760596,0.007760596,0.00630967,0.006760354,0.00513001,0.007760596,0.005496434,0.006760354,0.00724323,0.005496434,0.005496434,0.005496434,0.007760596,0.0058890316,0.005496434,0.005496434,0.006760354,0.00724323,0.00513001,0.004788014,0.005496434,0.007760596,0.00630967,0.00630967,0.004788014,0.006760354,0.00630967,0.005496434,0.006760354,0.007760596,0.0058890316,0.007760596,0.006760354,0.005496434,0.00630967,0.004788014,0.007760596,0.00630967,0.0058890316,0.006760354,0.007760596,0.006760354,0.006760354,0.006760354,0.00513001,0.00513001,0.00630967,0.00724323,0.00513001,0.00513001,0.005496434,0.00724323,0.00513001,0.0058890316,0.004788014,0.007760596,0.0058890316,0.004788014,0.00630967,0.004788014,0.005496434,0.007760596,0.00724323,0.00630967,0.004788014,0.004788014,0.00630967,0.004788014,0.006760354,0.007760596,0.007760596,0.007760596,0.004788014,0.00513001,0.005496434,0.00630967,0.0058890316,0.0058890316,0.00630967,0.00513001,0.007760596,0.007760596,0.005496434,0.004788014,0.006760354,0.00630967,0.007760596,0.00724323,0.00630967,0.00513001,0.004788014,0.00630967,0.004788014,0.005496434,0.004788014,0.007760596,0.00630967,0.00724323,0.007760596,0.004788014,0.00630967,0.00724323,0.0058890316,0.006760354,0.0058890316,0.005496434,0.004788014,0.005496434,0.00513001,0.00630967,0.006760354,0.006760354,0.00513001,0.007760596,0.00513001,0.007760596,0.006760354,0.007760596,0.005496434,0.00724323,0.006760354,0.007760596,0.006760354,0.00513001,0.0058890316,0.00630967,0.007760596,0.0058890316,0.006760354,0.0058890316,0.00630967,0.00724323,0.00513001,0.007760596,0.007760596,0.007760596,0.007760596,0.005496434,0.005496434,0.006760354,0.00724323,0.005496434,0.007760596,0.0058890316,0.005496434,0.0058890316,0.005496434,8,4
0.0050469222,0.0057936492,0.0050469222,0.0050469222,0.008180244,0.0054074116,0.0076349014,0.0050469222,0.0050469222,0.008180244,0.0066508604,0.0057936492,0.0050469222,0.007125915,0.008180244,0.0054074116,0.0076349014,0.0050469222,0.0050469222,0.008180244,0.0050469222,0.007125915,0.0054074116,0.0050469222,0.007125915,0.008180244,0.0057936492,0.0066508604,0.0050469222,0.008180244,0.008180244,0.0057936492,0.0050469222,0.0054074116,0.008180244,0.007125915,0.0066508604,0.0054074116,0.006207476,0.0076349014,0.006207476,0.007125915,0.0066508604,0.0054074116,0.008180244,0.0057936492,0.0057936492,0.0050469222,0.0050469222,0.0066508604,0.0076349014,0.006207476,0.0066508604,0.0050469222,0.008180244,0.0050469222,0.0066508604,0.0054074116,0.0050469222,0.0050469222,0.008180244,0.006207476,0.0050469222,0.0050469222,0.0076349014,0.0076349014,0.008180244,0.0050469222,0.0050469222,0.0050469222,0.0066508604,0.006207476,0.0050469222,0.0054074116,0.008180244,0.0054074116,0.0066508604,0.0050469222,0.0057936492,0.0050469222,0.0050469222,0.008180244,0.0076349014,0.0050469222,0.008180244,0.0050469222,0.0050469222,0.0050469222,0.006207476,0.006207476,0.006207476,0.007125915,0.0050469222,0.008180244,0.008180244,0.006207476,0.0050469222,0.0054074116,0.0050469222,0.008180244,0.008180244,0.007125915,0.0050469222,0.0050469222,0.0066508604,0.008180244,0.008180244,0.0050469222,0.0050469222,0.008180244,0.008180244,0.008180244,0.006207476,0.0050469222,0.007125915,0.006207476,0.007125915,0.0050469222,0.0054074116,0.0050469222,0.0050469222,0.0057936492,0.0050469222,0.0050469222,0.0050469222,0.0054074116,0.008180244,0.0050469222,0.0050469222,0.0076349014,0.008180244,0.006207476,0.0050469222,0.0050469222,0.0050469222,0.0076349014,0.0050469222,0.0050469222,0.0050469222,0.008180244,0.0076349014,0.007125915,0.006207476,0.0066508604,0.0066508604,0.0057936492,0.0076349014,0.0050469222,0.0050469222,0.007125915,0.007125915,0.0057936492,0.0050469222,0.0050469222,0.008180244,0.0076349014,0.0057936492,0.006207476,0.0054074116,0.0054074116,4,4
0.0065384484,0.007505858,0.007505858,0.007505858,0.00496162,0.007505858,0.007505858,0.0065384484,0.007005474,0.0046308497,0.0061025578,0.0056957267,0.0046308497,0.0046308497,0.0053160163,0.0065384484,0.0061025578,0.0061025578,0.007505858,0.0056957267,0.007005474,0.007005474,0.0053160163,0.0056957267,0.0046308497,0.007005474,0.0053160163,0.0061025578,0.0065384484,0.0061025578,0.0065384484,0.0056957267,0.007505858,0.0061025578,0.0046308497,0.007005474,0.0053160163,0.0056957267,0.0046308497,0.007505858,0.0046308497,0.007505858,0.007505858,0.007505858,0.0061025578,0.007505858,0.0065384484,0.007505858,0.007505858,0.007505858,0.0053160163,0.007505858,0.007505858,0.007505858,0.0046308497,0.007505858,0.0065384484,0.007505858,0.007505858,0.0061025578,0.007005474,0.0053160163,0.0046308497,0.00496162,0.007505858,0.0056957267,0.0061025578,0.0046308497,0.0053160163,0.00496162,0.0053160163,0.007505858,0.0046308497,0.0053160163,0.0046308497,0.007505858,0.0061025578,0.007505858,0.007505858,0.007505858,0.007505858,0.0046308497,0.0046308497,0.0046308497,0.0046308497,0.007505858,0.007505858,0.007505858,0.0056957267,0.007505858,0.007505858,0.0065384484,0.007505858,0.0046308497,0.007505858,0.007505858,0.007505858,0.0046308497,0.0061025578,0.0046308497,0.0061025578,0.007505858,0.0065384484,0.00496162,0.0061025578,0.0046308497,0.0061025578,0.0053160163,0.0046308497,0.0056957267,0.007005474,0.007505858,0.0056957267,0.007505858,0.007005474,0.0053160163,0.0065384484,0.007505858,0.007505858,0.00496162,0.007505858,0.0061025578,0.007505858,0.007505858,0.0061025578,0.007505858,0.0056957267,0.0046308497,0.00496162,0.0065384484,0.007005474,0.0053160163,0.0065384484,0.007005474,0.0061025578,0.0065384484,0.0053160163,0.0046308497,0.0065384484,0.0061025578,0.0053160163,0.0065384484,0.0061025578,0.0046308497,0.0065384484,0.0053160163,0.007505858,0.007505858,0.007505858,0.0046308497,0.0046308497,0.0053160163,0.007505858,0.007505858,0.007005474,0.0053160163,0.0053160163,0.0061025578,0.0056957267,0.00496162,1,0
0.0063446052,0.0059216376,0.007803565,0.007803565,0.0048145247,0.005158414,0.007803565,0.006797785,0.007283334,0.007803565,0.0055268668,0.0059216376,0.007803565,0.0048145247,0.007803565,0.0055268668,0.0048145247,0.006797785,0.007803565,0.0055268668,0.0063446052,0.007283334,0.0055268668,0.006797785,0.0048145247,0.0055268668,0.0059216376,0.0063446052,0.006797785,0.0048145247,0.0059216376,0.0063446052,0.007803565,0.007283334,0.007803565,0.005158414,0.005158414,0.007803565,0.005158414,0.0055268668,0.0048145247,0.007283334,0.007803565,0.0059216376,0.007803565,0.0048145247,0.005158414,0.007803565,0.0059216376,0.006797785,0.0055268668,0.007283334,0.007803565,0.005158414,0.0055268668,0.0055268668,0.0048145247,0.007803565,0.0059216376,0.0055268668,0.0055268668,0.005158414,0.007283334,0.0048145247,0.007803565,0.0059216376,0.0063446052,0.0048145247,0.0055268668,0.006797785,0.007283334,0.007803565,0.005158414,0.005158414,0.0059216376,0.0048145247,0.005158414,0.007803565,0.0063446052,0.0048145247,0.0048145247,0.0055268668,0.007803565,0.007803565,0.006797785,0.0048145247,0.0048145247,0.007803565,0.007803565,0.0048145247,0.006797785,0.006797785,0.007803565,0.0048145247,0.007803565,0.0048145247,0.005158414,0.007803565,0.0059216376,0.007283334,0.007803565,0.007803565,0.007283334,0.0059216376,0.006797785,0.0048145247,0.0055268668,0.007803565,0.0048145247,0.007803565,0.0048145247,0.005158414,0.007283334,0.007283334,0.0063446052,0.0055268668,0.0059216376,0.007803565,0.0055268668,0.005158414,0.0048145247,0.005158414,0.007803565,0.007803565,0.0055268668,0.0063446052,0.007803565,0.0055268668,0.0063446052,0.0063446052,0.0048145247,0.0055268668,0.007283334,0.007283334,0.0048145247,0.0059216376,0.0059216376,0.0055268668,0.0063446052,0.0055268668,0.0055268668,0.005158414,0.006797785,0.0055268668,0.0059216376,0.0059216376,0.007803565,0.007803565,0.007803565,0.005158414,0.0048145247,0.0055268668,0.006797785,0.007283334,0.0048145247,0.007283334,0.0048145247,0.007803565,0.0059216376,0.0048145247,2,2
0.006507142,0.007469919,0.0049378634,0.0060733384,0.006507142,0.0052905628,0.006507142,0.0049378634,0.0052905628,0.008003477,0.006507142,0.0056684543,0.0049378634,0.007469919,0.008003477,0.008003477,0.007469919,0.0049378634,0.0056684543,0.0060733384,0.0060733384,0.007469919,0.0049378634,0.0060733384,0.0052905628,0.008003477,0.0056684543,0.006507142,0.0052905628,0.008003477,0.008003477,0.006507142,0.0049378634,0.006971931,0.008003477,0.0060733384,0.006507142,0.0060733384,0.0049378634,0.0056684543,0.0049378634,0.006971931,0.008003477,0.0060733384,0.008003477,0.006507142,0.006507142,0.0052905628,0.0049378634,0.0060733384,0.006507142,0.0052905628,0.0049378634,0.0049378634,0.007469919,0.0049378634,0.006507142,0.0049378634,0.0056684543,0.0056684543,0.008003477,0.006971931,0.0049378634,0.0052905628,0.006971931,0.006507142,0.006507142,0.0049378634,0.008003477,0.0049378634,0.0049378634,0.006507142,0.0056684543,0.0056684543,0.008003477,0.0049378634,0.0060733384,0.0049378634,0.0056684543,0.0049378634,0.0049378634,0.006971931,0.007469919,0.0049378634,0.006971931,0.0049378634,0.0052905628,0.0052905628,0.0060733384,0.006507142,0.0060733384,0.006971931,0.0049378634,0.008003477,0.008003477,0.0060733384,0.0049378634,0.006507142,0.0049378634,0.008003477,0.006971931,0.006971931,0.0049378634,0.0049378634,0.006971931,0.006971931,0.006507142,0.0052905628,0.0049378634,0.008003477,0.008003477,0.007469919,0.0049378634,0.0060733384,0.007469919,0.0060733384,0.006971931,0.006507142,0.0052905628,0.0049378634,0.0060733384,0.0056684543,0.0049378634,0.0052905628,0.008003477,0.0049378634,0.008003477,0.0049378634,0.0052905628,0.006971931,0.008003477,0.006507142,0.006971931,0.006507142,0.006971931,0.0060733384,0.0049378634,0.0060733384,0.006507142,0.0056684543,0.007469919,0.006971931,0.0056684543,0.006507142,0.006971931,0.0052905628,0.008003477,0.008003477,0.008003477,0.008003477,0.0060733384,0.0056684543,0.0049378634,0.008003477,0.008003477,0.006971931,0.0052905628,0.0052905628,0.0049378634,0.0056684543,9,4
0.006142705,0.007555237,0.007555237,0.007555237,0.004994261,0.0070515615,0.007555237,0.0065814634,0.007555237,0.0065814634,0.006142705,0.0057331976,0.004661315,0.004661315,0.004994261,0.005350989,0.0057331976,0.006142705,0.007555237,0.0057331976,0.0070515615,0.0070515615,0.005350989,0.0057331976,0.004661315,0.007555237,0.005350989,0.006142705,0.0070515615,0.0070515615,0.0057331976,0.006142705,0.007555237,0.006142705,0.004661315,0.0070515615,0.006142705,0.0057331976,0.004661315,0.006142705,0.007555237,0.005350989,0.004994261,0.004661315,0.004661315,0.0070515615,0.0070515615,0.007555237,0.007555237,0.007555237,0.005350989,0.007555237,0.007555237,0.007555237,0.004661315,0.007555237,0.0065814634,0.007555237,0.007555237,0.006142705,0.0065814634,0.006142705,0.004994261,0.004994261,0.007555237,0.006142705,0.0057331976,0.004661315,0.005350989,0.0065814634,0.007555237,0.007555237,0.004661315,0.004994261,0.004661315,0.007555237,0.006142705,0.007555237,0.007555237,0.0070515615,0.007555237,0.004994261,0.004661315,0.004661315,0.004661315,0.0065814634,0.007555237,0.007555237,0.0057331976,0.007555237,0.007555237,0.0065814634,0.007555237,0.004661315,0.007555237,0.0065814634,0.007555237,0.004661315,0.006142705,0.004661315,0.0065814634,0.0065814634,0.007555237,0.006142705,0.0065814634,0.004661315,0.0057331976,0.005350989,0.004661315,0.006142705,0.0065814634,0.0070515615,0.004661315,0.0070515615,0.0065814634,0.007555237,0.0057331976,0.0057331976,0.006142705,0.004661315,0.0065814634,0.0065814634,0.007555237,0.007555237,0.004994261,0.006142705,0.0070515615,0.006142705,0.0065814634,0.006142705,0.0065814634,0.0057331976,0.0065814634,0.0070515615,0.005350989,0.005350989,0.0057331976,0.004661315,0.006142705,0.005350989,0.0057331976,0.0065814634,0.0057331976,0.004661315,0.0070515615,0.005350989,0.007555237,0.007555237,0.007555237,0.004661315,0.007555237,0.005350989,0.0065814634,0.0065814634,0.0057331976,0.007555237,0.0057331976,0.006142705,0.006142705,0.004661315,1,0
0.0070040654,0.0075043486,0.0075043486,0.0075043486,0.0061013307,0.0070040654,0.0075043486,0.006537134,0.0075043486,0.004629919,0.005694581,0.005694581,0.004629919,0.004629919,0.004629919,0.0061013307,0.006537134,0.006537134,0.0075043486,0.005694581,0.0070040654,0.0070040654,0.005694581,0.005694581,0.004629919,0.004629919,0.005314947,0.0061013307,0.0061013307,0.005694581,0.005694581,0.005694581,0.0075043486,0.006537134,0.004629919,0.0070040654,0.005314947,0.0061013307,0.004960622,0.0070040654,0.004629919,0.0075043486,0.0075043486,0.0075043486,0.006537134,0.0070040654,0.0061013307,0.0075043486,0.0075043486,0.006537134,0.005314947,0.0075043486,0.0075043486,0.0075043486,0.004629919,0.0075043486,0.006537134,0.0075043486,0.0075043486,0.0061013307,0.0061013307,0.005694581,0.004960622,0.005314947,0.006537134,0.0061013307,0.0061013307,0.004629919,0.005314947,0.005314947,0.005314947,0.0075043486,0.004629919,0.005314947,0.004629919,0.006537134,0.0061013307,0.0075043486,0.0075043486,0.0075043486,0.0075043486,0.004960622,0.004629919,0.004629919,0.004629919,0.0075043486,0.0075043486,0.0075043486,0.005694581,0.0075043486,0.0075043486,0.006537134,0.0075043486,0.004629919,0.0075043486,0.0075043486,0.0075043486,0.004629919,0.0061013307,0.004629919,0.005314947,0.0075043486,0.006537134,0.004960622,0.006537134,0.004629919,0.005694581,0.0061013307,0.004629919,0.005694581,0.006537134,0.0075043486,0.0061013307,0.0075043486,0.0075043486,0.004629919,0.006537134,0.0075043486,0.0075043486,0.005314947,0.0075043486,0.0061013307,0.0075043486,0.0075043486,0.005314947,0.0075043486,0.0061013307,0.004629919,0.004629919,0.006537134,0.006537134,0.005314947,0.006537134,0.0070040654,0.006537134,0.006537134,0.004960622,0.004629919,0.0061013307,0.005694581,0.005314947,0.006537134,0.005694581,0.004629919,0.0070040654,0.0061013307,0.0075043486,0.0075043486,0.0075043486,0.004629919,0.004629919,0.005314947,0.0075043486,0.0075043486,0.0061013307,0.004629919,0.0075043486,0.0070040654,0.0070040654,0.0075043486,1,1
0.0051551526,0.006340594,0.0048114806,0.0055233724,0.005917894,0.0048114806,0.005917894,0.006340594,0.007798631,0.007798631,0.006340594,0.005917894,0.0055233724,0.005917894,0.007798631,0.007798631,0.0072787297,0.0048114806,0.007798631,0.0051551526,0.006340594,0.0072787297,0.0048114806,0.005917894,0.005917894,0.007798631,0.0055233724,0.0055233724,0.0048114806,0.0055233724,0.006340594,0.006340594,0.0048114806,0.005917894,0.007798631,0.0067934874,0.0055233724,0.0067934874,0.005917894,0.0072787297,0.0055233724,0.0072787297,0.006340594,0.0051551526,0.007798631,0.006340594,0.005917894,0.0072787297,0.0048114806,0.007798631,0.006340594,0.005917894,0.006340594,0.0048114806,0.0067934874,0.0048114806,0.006340594,0.0051551526,0.005917894,0.0055233724,0.0048114806,0.005917894,0.006340594,0.0051551526,0.007798631,0.0055233724,0.005917894,0.0051551526,0.0067934874,0.0067934874,0.0051551526,0.0051551526,0.0055233724,0.0055233724,0.007798631,0.006340594,0.006340594,0.0051551526,0.0048114806,0.006340594,0.0048114806,0.0067934874,0.007798631,0.007798631,0.0067934874,0.0048114806,0.0055233724,0.005917894,0.007798631,0.005917894,0.005917894,0.0067934874,0.0051551526,0.0055233724,0.007798631,0.005917894,0.0048114806,0.006340594,0.0048114806,0.007798631,0.007798631,0.0072787297,0.0048114806,0.0048114806,0.005917894,0.0048114806,0.0055233724,0.0048114806,0.007798631,0.007798631,0.0072787297,0.007798631,0.0048114806,0.006340594,0.0072787297,0.005917894,0.0067934874,0.0067934874,0.0051551526,0.0051551526,0.006340594,0.0055233724,0.0067934874,0.0072787297,0.007798631,0.0051551526,0.007798631,0.0055233724,0.007798631,0.007798631,0.007798631,0.0055233724,0.005917894,0.0048114806,0.007798631,0.0067934874,0.0055233724,0.0072787297,0.006340594,0.007798631,0.0055233724,0.006340594,0.006340594,0.005917894,0.0067934874,0.0051551526,0.007798631,0.007798631,0.007798631,0.007798631,0.0055233724,0.0055233724,0.006340594,0.0067934874,0.007798631,0.007798631,0.0055233724,0.0048114806,0.005917894,0.0055233724,8,4
0.0049342085,0.0056642587,0.0049342085,0.0060688434,0.0052866465,0.0052866465,0.0052866465,0.00696677,0.00746439,0.007997553,0.006502325,0.006502325,0.0052866465,0.0049342085,0.007997553,0.007997553,0.00696677,0.0052866465,0.007997553,0.0049342085,0.0060688434,0.0052866465,0.0049342085,0.0056642587,0.0052866465,0.007997553,0.0056642587,0.0049342085,0.0049342085,0.007997553,0.00696677,0.0060688434,0.0049342085,0.0052866465,0.007997553,0.0056642587,0.0056642587,0.006502325,0.006502325,0.0060688434,0.0049342085,0.00696677,0.00696677,0.0056642587,0.007997553,0.0056642587,0.0052866465,0.00696677,0.0049342085,0.007997553,0.0060688434,0.006502325,0.006502325,0.0052866465,0.00696677,0.0052866465,0.0060688434,0.007997553,0.0049342085,0.006502325,0.00746439,0.0060688434,0.0060688434,0.0056642587,0.007997553,0.0060688434,0.0060688434,0.0049342085,0.0049342085,0.006502325,0.0049342085,0.006502325,0.0056642587,0.0052866465,0.007997553,0.0056642587,0.0060688434,0.0052866465,0.0049342085,0.0060688434,0.0049342085,0.0060688434,0.00746439,0.007997553,0.007997553,0.0049342085,0.0056642587,0.0052866465,0.0060688434,0.00696677,0.0060688434,0.006502325,0.0056642587,0.0049342085,0.007997553,0.00696677,0.0052866465,0.0052866465,0.0049342085,0.007997553,0.006502325,0.00696677,0.0056642587,0.0049342085,0.007997553,0.006502325,0.0060688434,0.0049342085,0.0049342085,0.007997553,0.007997553,0.00696677,0.0049342085,0.00696677,0.006502325,0.0060688434,0.00696677,0.006502325,0.0056642587,0.0052866465,0.006502325,0.0052866465,0.006502325,0.00696677,0.007997553,0.0049342085,0.007997553,0.00696677,0.006502325,0.00746439,0.007997553,0.0060688434,0.006502325,0.0056642587,0.00696677,0.0056642587,0.0049342085,0.006502325,0.006502325,0.0056642587,0.0060688434,0.006502325,0.0060688434,0.0056642587,0.00696677,0.0052866465,0.00746439,0.007997553,0.007997553,0.007997553,0.0060688434,0.0056642587,0.00696677,0.00746439,0.0056642587,0.007997553,0.0052866465,0.0049342085,0.0052866465,0.0052866465,9,4
0.005394425,0.0066348873,0.005034801,0.005034801,0.007616565,0.005394425,0.005034801,0.005034801,0.005034801,0.008160598,0.0061925678,0.005394425,0.005034801,0.005394425,0.008160598,0.005394425,0.005779735,0.0066348873,0.005034801,0.008160598,0.005034801,0.007616565,0.0066348873,0.005394425,0.008160598,0.0071088006,0.0066348873,0.0066348873,0.005394425,0.008160598,0.008160598,0.005779735,0.005034801,0.0071088006,0.008160598,0.005779735,0.0066348873,0.005394425,0.005034801,0.008160598,0.005034801,0.0061925678,0.008160598,0.0061925678,0.008160598,0.0066348873,0.0061925678,0.005034801,0.005034801,0.008160598,0.0066348873,0.005394425,0.0066348873,0.005034801,0.008160598,0.005034801,0.0071088006,0.005034801,0.005034801,0.007616565,0.008160598,0.005779735,0.005779735,0.005779735,0.008160598,0.005394425,0.0061925678,0.0061925678,0.005394425,0.005779735,0.005034801,0.005034801,0.005034801,0.005394425,0.008160598,0.005034801,0.0061925678,0.005034801,0.005394425,0.005034801,0.005034801,0.005394425,0.005779735,0.008160598,0.008160598,0.005034801,0.005034801,0.005394425,0.0066348873,0.0061925678,0.0061925678,0.0071088006,0.005394425,0.008160598,0.008160598,0.0061925678,0.005034801,0.005394425,0.0066348873,0.008160598,0.0061925678,0.0071088006,0.007616565,0.005394425,0.008160598,0.007616565,0.007616565,0.005034801,0.005034801,0.008160598,0.0071088006,0.005779735,0.0061925678,0.008160598,0.008160598,0.005779735,0.0061925678,0.005034801,0.0066348873,0.005394425,0.005034801,0.005779735,0.005034801,0.005034801,0.005779735,0.005034801,0.005394425,0.005779735,0.008160598,0.005394425,0.0066348873,0.0066348873,0.0061925678,0.0066348873,0.008160598,0.0061925678,0.005394425,0.0066348873,0.005394425,0.007616565,0.005034801,0.005779735,0.007616565,0.005779735,0.007616565,0.005034801,0.005034801,0.005034801,0.005034801,0.008160598,0.005034801,0.005779735,0.005779735,0.005779735,0.0071088006,0.0071088006,0.0071088006,0.005034801,0.005394425,0.008160598,9,4
0.006246517,0.0066926903,0.007682921,0.007682921,0.0047400915,0.007170733,0.007682921,0.006246517,0.007170733,0.0047400915,0.007682921,0.0066926903,0.0047400915,0.0047400915,0.0047400915,0.006246517,0.006246517,0.006246517,0.007682921,0.0054414207,0.007170733,0.007170733,0.0054414207,0.0058300886,0.0047400915,0.0058300886,0.0058300886,0.006246517,0.007170733,0.0058300886,0.0054414207,0.006246517,0.007682921,0.0066926903,0.0050786645,0.0050786645,0.0058300886,0.007682921,0.0054414207,0.006246517,0.0047400915,0.007170733,0.006246517,0.006246517,0.006246517,0.006246517,0.0058300886,0.007682921,0.007682921,0.0066926903,0.0054414207,0.007170733,0.007682921,0.007682921,0.0047400915,0.007682921,0.0066926903,0.007682921,0.007682921,0.0066926903,0.0066926903,0.0054414207,0.0054414207,0.0054414207,0.0066926903,0.0050786645,0.006246517,0.0050786645,0.0047400915,0.0058300886,0.0066926903,0.006246517,0.0054414207,0.0050786645,0.0050786645,0.007682921,0.006246517,0.007682921,0.007682921,0.007682921,0.0054414207,0.0047400915,0.0054414207,0.0047400915,0.0050786645,0.0047400915,0.0047400915,0.007682921,0.006246517,0.0058300886,0.007682921,0.0066926903,0.007682921,0.0047400915,0.007682921,0.0047400915,0.0054414207,0.0058300886,0.006246517,0.0047400915,0.007682921,0.007170733,0.0066926903,0.0054414207,0.0066926903,0.0047400915,0.0058300886,0.006246517,0.0047400915,0.0054414207,0.0058300886,0.007682921,0.0047400915,0.007682921,0.007170733,0.0054414207,0.0066926903,0.007682921,0.007682921,0.0050786645,0.0054414207,0.0058300886,0.007682921,0.007682921,0.0054414207,0.007170733,0.0058300886,0.006246517,0.0066926903,0.0066926903,0.006246517,0.0054414207,0.0066926903,0.007170733,0.0058300886,0.0066926903,0.006246517,0.0047400915,0.006246517,0.006246517,0.0050786645,0.0066926903,0.0047400915,0.0047400915,0.007682921,0.0050786645,0.007682921,0.007682921,0.007682921,0.0047400915,0.0047400915,0.006246517,0.007682921,0.007682921,0.0047400915,0.007170733,0.0066926903,0.007682921,0.0066926903,0.0047400915,2,2
0.007018075,0.007519359,0.007519359,0.007519359,0.0046391794,0.007018075,0.007519359,0.006113535,0.007018075,0.0049705445,0.007519359,0.0065502096,0.0046391794,0.0046391794,0.0046391794,0.007519359,0.006113535,0.005325578,0.007519359,0.0057059717,0.007519359,0.007018075,0.0046391794,0.0049705445,0.0046391794,0.007519359,0.005325578,0.0049705445,0.0049705445,0.007519359,0.007519359,0.0057059717,0.007519359,0.0057059717,0.0046391794,0.007018075,0.006113535,0.0057059717,0.0046391794,0.007519359,0.0046391794,0.007519359,0.007519359,0.007519359,0.005325578,0.007519359,0.007018075,0.007519359,0.007519359,0.007519359,0.007519359,0.007519359,0.006113535,0.007519359,0.0065502096,0.007519359,0.0065502096,0.007519359,0.007519359,0.006113535,0.007519359,0.0049705445,0.0046391794,0.0049705445,0.007519359,0.006113535,0.006113535,0.0049705445,0.0057059717,0.006113535,0.0065502096,0.007519359,0.0046391794,0.005325578,0.0046391794,0.007519359,0.005325578,0.006113535,0.0065502096,0.007018075,0.007519359,0.0049705445,0.0046391794,0.0046391794,0.0046391794,0.007519359,0.007018075,0.007519359,0.005325578,0.007519359,0.007519359,0.0065502096,0.007519359,0.0046391794,0.007519359,0.007519359,0.007519359,0.0046391794,0.0046391794,0.0046391794,0.006113535,0.0065502096,0.006113535,0.0057059717,0.0065502096,0.0046391794,0.005325578,0.005325578,0.0046391794,0.007018075,0.007519359,0.007519359,0.0046391794,0.0065502096,0.007018075,0.006113535,0.007018075,0.007018075,0.007519359,0.0046391794,0.007519359,0.0065502096,0.007519359,0.007519359,0.007018075,0.007018075,0.006113535,0.0049705445,0.0049705445,0.006113535,0.007519359,0.005325578,0.0049705445,0.005325578,0.007519359,0.007519359,0.0049705445,0.0046391794,0.0057059717,0.005325578,0.0057059717,0.0065502096,0.0049705445,0.0046391794,0.0057059717,0.0065502096,0.007519359,0.007519359,0.007519359,0.0046391794,0.0057059717,0.005325578,0.007018075,0.007018075,0.0065502096,0.007018075,0.005325578,0.0046391794,0.0049705445,0.005325578,1,3
0.0064408025,0.0073937643,0.0056106653,0.007921883,0.007921883,0.0064408025,0.0048875227,0.0048875227,0.0048875227,0.007921883,0.0069008535,0.0069008535,0.0048875227,0.005236626,0.0069008535,0.0056106653,0.0064408025,0.0064408025,0.0048875227,0.0064408025,0.0048875227,0.0073937643,0.0056106653,0.005236626,0.0069008535,0.007921883,0.0056106653,0.0048875227,0.0048875227,0.007921883,0.007921883,0.0056106653,0.0048875227,0.0069008535,0.007921883,0.006011422,0.0064408025,0.0069008535,0.006011422,0.007921883,0.0048875227,0.005236626,0.0069008535,0.0073937643,0.007921883,0.007921883,0.0064408025,0.0048875227,0.0048875227,0.0064408025,0.0069008535,0.0064408025,0.0048875227,0.0073937643,0.007921883,0.0048875227,0.0064408025,0.0048875227,0.0048875227,0.006011422,0.007921883,0.005236626,0.006011422,0.0056106653,0.007921883,0.005236626,0.0069008535,0.006011422,0.006011422,0.0073937643,0.0048875227,0.007921883,0.0048875227,0.005236626,0.0069008535,0.007921883,0.0064408025,0.0048875227,0.0048875227,0.0048875227,0.005236626,0.0073937643,0.0048875227,0.0056106653,0.007921883,0.0048875227,0.0048875227,0.005236626,0.0069008535,0.006011422,0.006011422,0.0069008535,0.0048875227,0.007921883,0.007921883,0.0069008535,0.0048875227,0.0069008535,0.0048875227,0.007921883,0.0069008535,0.0073937643,0.005236626,0.0048875227,0.0073937643,0.007921883,0.007921883,0.005236626,0.0048875227,0.007921883,0.007921883,0.0073937643,0.006011422,0.0048875227,0.0069008535,0.007921883,0.0064408025,0.0048875227,0.005236626,0.0048875227,0.0069008535,0.0064408025,0.0048875227,0.0048875227,0.0048875227,0.0056106653,0.006011422,0.0056106653,0.007921883,0.0048875227,0.0073937643,0.0056106653,0.0069008535,0.0064408025,0.0073937643,0.0069008535,0.005236626,0.006011422,0.0056106653,0.007921883,0.006011422,0.0064408025,0.006011422,0.0048875227,0.006011422,0.007921883,0.0073937643,0.0048875227,0.0048875227,0.007921883,0.0064408025,0.0056106653,0.0048875227,0.0064408025,0.007921883,0.007921883,0.006011422,0.0048875227,0.0048875227,0.0073937643,3,4
0.0061973915,0.0066400557,0.0076224986,0.0076224986,0.004702813,0.0066400557,0.0076224986,0.0061973915,0.0071143387,0.004702813,0.0061973915,0.0057842378,0.004702813,0.004702813,0.004702813,0.0057842378,0.0061973915,0.0066400557,0.0076224986,0.0061973915,0.0071143387,0.0071143387,0.0057842378,0.0057842378,0.004702813,0.0050387233,0.005398627,0.0061973915,0.0071143387,0.0066400557,0.0061973915,0.0057842378,0.0076224986,0.0066400557,0.004702813,0.0050387233,0.005398627,0.0076224986,0.005398627,0.005398627,0.004702813,0.0076224986,0.0076224986,0.0076224986,0.0057842378,0.0061973915,0.005398627,0.0076224986,0.0076224986,0.0066400557,0.005398627,0.0076224986,0.0076224986,0.0076224986,0.004702813,0.0076224986,0.0066400557,0.0076224986,0.0076224986,0.0057842378,0.0066400557,0.005398627,0.005398627,0.0050387233,0.0076224986,0.0061973915,0.0061973915,0.0050387233,0.0050387233,0.0061973915,0.0057842378,0.0061973915,0.0057842378,0.0050387233,0.004702813,0.0076224986,0.0061973915,0.0076224986,0.0076224986,0.0076224986,0.0066400557,0.004702813,0.004702813,0.004702813,0.0061973915,0.0050387233,0.0071143387,0.0076224986,0.0061973915,0.0076224986,0.0076224986,0.0066400557,0.0076224986,0.004702813,0.0076224986,0.0071143387,0.0076224986,0.004702813,0.0061973915,0.004702813,0.005398627,0.0071143387,0.0071143387,0.0061973915,0.0066400557,0.004702813,0.0057842378,0.0061973915,0.004702813,0.0057842378,0.0066400557,0.0076224986,0.005398627,0.0076224986,0.0076224986,0.0061973915,0.0066400557,0.0071143387,0.0076224986,0.004702813,0.004702813,0.0050387233,0.0076224986,0.0076224986,0.0050387233,0.0071143387,0.0061973915,0.005398627,0.0061973915,0.0061973915,0.0066400557,0.005398627,0.0061973915,0.0071143387,0.0057842378,0.0071143387,0.005398627,0.004702813,0.0061973915,0.0061973915,0.005398627,0.0057842378,0.0061973915,0.004702813,0.0066400557,0.005398627,0.0076224986,0.0076224986,0.0076224986,0.004702813,0.005398627,0.005398627,0.0076224986,0.0076224986,0.0061973915,0.0061973915,0.0061973915,0.0066400557,0.0061973915,0.004702813,2,2
0.0070631257,0.0075676274,0.0075676274,0.0075676274,0.0046689594,0.0070631257,0.0075676274,0.005359764,0.006592257,0.0046689594,0.0057425997,0.006152779,0.0046689594,0.0046689594,0.0046689594,0.0057425997,0.006592257,0.006592257,0.0075676274,0.006152779,0.0070631257,0.0070631257,0.006152779,0.006152779,0.0046689594,0.0046689594,0.005359764,0.006152779,0.006592257,0.0046689594,0.0046689594,0.006152779,0.0075676274,0.006592257,0.0046689594,0.0070631257,0.006152779,0.0057425997,0.0046689594,0.0070631257,0.0046689594,0.0075676274,0.006152779,0.0070631257,0.0075676274,0.0075676274,0.006592257,0.0075676274,0.0075676274,0.0075676274,0.005359764,0.0075676274,0.0075676274,0.0075676274,0.0046689594,0.0075676274,0.006592257,0.0075676274,0.0075676274,0.0057425997,0.0046689594,0.006592257,0.0046689594,0.0046689594,0.006152779,0.006152779,0.006152779,0.005359764,0.006592257,0.006152779,0.005359764,0.0075676274,0.0046689594,0.0050024516,0.0046689594,0.0075676274,0.006152779,0.0075676274,0.0075676274,0.0075676274,0.0075676274,0.0050024516,0.0046689594,0.0046689594,0.0046689594,0.006152779,0.0075676274,0.0075676274,0.0057425997,0.006592257,0.0075676274,0.006592257,0.0075676274,0.0046689594,0.0075676274,0.0075676274,0.0075676274,0.0046689594,0.006152779,0.0046689594,0.005359764,0.0075676274,0.006592257,0.0050024516,0.0050024516,0.0046689594,0.006152779,0.006152779,0.0046689594,0.0046689594,0.0070631257,0.0075676274,0.005359764,0.0075676274,0.0070631257,0.006152779,0.006592257,0.006152779,0.006152779,0.0070631257,0.0075676274,0.0070631257,0.0075676274,0.0075676274,0.0075676274,0.0075676274,0.0070631257,0.0046689594,0.0046689594,0.006592257,0.0057425997,0.005359764,0.0050024516,0.006152779,0.005359764,0.0057425997,0.0050024516,0.0046689594,0.006152779,0.005359764,0.005359764,0.006592257,0.0057425997,0.0046689594,0.0070631257,0.006592257,0.0075676274,0.0075676274,0.0075676274,0.0046689594,0.0046689594,0.005359764,0.0070631257,0.0070631257,0.006592257,0.0046689594,0.0070631257,0.0075676274,0.0075676274,0.0075676274,1,2
0.006143715,0.006143715,0.0075564794,0.0075564794,0.0046620816,0.00573414,0.0075564794,0.0065825456,0.0075564794,0.0075564794,0.006143715,0.006143715,0.0046620816,0.0046620816,0.0075564794,0.0075564794,0.0065825456,0.0049950825,0.0075564794,0.00573414,0.0075564794,0.007052721,0.0046620816,0.0046620816,0.0046620816,0.0075564794,0.0065825456,0.0049950825,0.0049950825,0.006143715,0.006143715,0.005351869,0.00573414,0.007052721,0.006143715,0.007052721,0.005351869,0.0075564794,0.00573414,0.007052721,0.0046620816,0.006143715,0.0075564794,0.006143715,0.007052721,0.007052721,0.005351869,0.0075564794,0.0075564794,0.005351869,0.005351869,0.007052721,0.006143715,0.007052721,0.005351869,0.005351869,0.0046620816,0.0075564794,0.006143715,0.005351869,0.0075564794,0.00573414,0.0049950825,0.0046620816,0.0075564794,0.0049950825,0.005351869,0.0049950825,0.00573414,0.007052721,0.007052721,0.0075564794,0.005351869,0.005351869,0.006143715,0.0075564794,0.00573414,0.0075564794,0.006143715,0.005351869,0.0046620816,0.006143715,0.0075564794,0.0075564794,0.0065825456,0.0046620816,0.006143715,0.0075564794,0.007052721,0.0046620816,0.007052721,0.0065825456,0.0075564794,0.0046620816,0.0075564794,0.0075564794,0.00573414,0.006143715,0.006143715,0.0075564794,0.006143715,0.0065825456,0.0046620816,0.0046620816,0.0065825456,0.006143715,0.005351869,0.0046620816,0.0046620816,0.0075564794,0.007052721,0.0075564794,0.00573414,0.007052721,0.0065825456,0.005351869,0.0065825456,0.0075564794,0.0075564794,0.0046620816,0.005351869,0.005351869,0.0075564794,0.0075564794,0.0046620816,0.006143715,0.0065825456,0.006143715,0.0075564794,0.006143715,0.0075564794,0.00573414,0.006143715,0.0065825456,0.0065825456,0.0065825456,0.00573414,0.00573414,0.0065825456,0.005351869,0.007052721,0.0065825456,0.006143715,0.005351869,0.00573414,0.006143715,0.0075564794,0.0075564794,0.0075564794,0.005351869,0.0049950825,0.005351869,0.0065825456,0.0065825456,0.005351869,0.0075564794,0.006143715,0.0065825456,0.006143715,0.0046620816,2,2
0.0061043557,0.0075080693,0.0075080693,0.0075080693,0.004963082,0.007007538,0.0075080693,0.006540375,0.007007538,0.004632214,0.007007538,0.0061043557,0.004632214,0.004632214,0.004632214,0.0056974045,0.0061043557,0.006540375,0.0075080693,0.0056974045,0.007007538,0.007007538,0.0053175823,0.0056974045,0.004632214,0.004632214,0.0053175823,0.0061043557,0.006540375,0.0053175823,0.006540375,0.0056974045,0.0075080693,0.0061043557,0.004632214,0.0056974045,0.0053175823,0.0061043557,0.004632214,0.006540375,0.006540375,0.0075080693,0.007007538,0.0075080693,0.004632214,0.0075080693,0.007007538,0.0075080693,0.0075080693,0.007007538,0.0053175823,0.0075080693,0.0075080693,0.0075080693,0.004632214,0.0075080693,0.006540375,0.0075080693,0.0075080693,0.0056974045,0.0061043557,0.0053175823,0.004632214,0.004632214,0.0075080693,0.0061043557,0.0061043557,0.004963082,0.0056974045,0.0061043557,0.0056974045,0.0075080693,0.004632214,0.004963082,0.004632214,0.0075080693,0.0061043557,0.0075080693,0.0075080693,0.0075080693,0.0075080693,0.004963082,0.004632214,0.004632214,0.004632214,0.007007538,0.0075080693,0.0075080693,0.0056974045,0.0075080693,0.0075080693,0.006540375,0.0075080693,0.004632214,0.0075080693,0.007007538,0.0075080693,0.004963082,0.0061043557,0.004632214,0.006540375,0.007007538,0.006540375,0.0053175823,0.006540375,0.004632214,0.0056974045,0.0056974045,0.004632214,0.0056974045,0.0061043557,0.0075080693,0.0053175823,0.007007538,0.007007538,0.0053175823,0.006540375,0.0075080693,0.0075080693,0.004632214,0.0075080693,0.006540375,0.0075080693,0.0075080693,0.007007538,0.007007538,0.007007538,0.0053175823,0.0053175823,0.0061043557,0.0075080693,0.0053175823,0.0061043557,0.007007538,0.007007538,0.006540375,0.0056974045,0.004632214,0.0061043557,0.0061043557,0.0053175823,0.006540375,0.0056974045,0.0053175823,0.006540375,0.006540375,0.0075080693,0.0075080693,0.0075080693,0.004632214,0.004963082,0.0053175823,0.0075080693,0.0075080693,0.0056974045,0.0056974045,0.0053175823,0.007007538,0.006540375,0.0053175823,1,3
0.0059765666,0.00787595,0.0048591834,0.0059765666,0.0064034574,0.0073508937,0.00787595,0.0068608406,0.00787595,0.005206263,0.0068608406,0.0068608406,0.0059765666,0.0048591834,0.00787595,0.0073508937,0.0073508937,0.005206263,0.00787595,0.0059765666,0.0073508937,0.0073508937,0.0055781337,0.0064034574,0.0048591834,0.00787595,0.0068608406,0.005206263,0.0048591834,0.00787595,0.00787595,0.0055781337,0.0048591834,0.005206263,0.00787595,0.0064034574,0.0059765666,0.0059765666,0.0048591834,0.0073508937,0.0048591834,0.0059765666,0.00787595,0.0059765666,0.00787595,0.0055781337,0.0055781337,0.0055781337,0.0048591834,0.0064034574,0.0064034574,0.0064034574,0.0048591834,0.005206263,0.0055781337,0.00787595,0.0048591834,0.0048591834,0.0048591834,0.0064034574,0.00787595,0.0059765666,0.0048591834,0.0048591834,0.00787595,0.005206263,0.0059765666,0.0048591834,0.0059765666,0.0055781337,0.00787595,0.00787595,0.005206263,0.0055781337,0.0048591834,0.00787595,0.0064034574,0.0048591834,0.0048591834,0.0059765666,0.0048591834,0.0064034574,0.0073508937,0.00787595,0.00787595,0.0055781337,0.005206263,0.0048591834,0.0055781337,0.0064034574,0.0064034574,0.0068608406,0.0055781337,0.0048591834,0.00787595,0.0064034574,0.0048591834,0.005206263,0.0048591834,0.00787595,0.0068608406,0.0059765666,0.0064034574,0.005206263,0.0073508937,0.0048591834,0.0055781337,0.0048591834,0.0048591834,0.0059765666,0.0068608406,0.00787595,0.0048591834,0.0048591834,0.0068608406,0.0059765666,0.0068608406,0.0048591834,0.0064034574,0.005206263,0.0068608406,0.005206263,0.0068608406,0.00787595,0.0055781337,0.0064034574,0.00787595,0.0064034574,0.00787595,0.0068608406,0.00787595,0.0055781337,0.0068608406,0.0055781337,0.00787595,0.0068608406,0.0059765666,0.0059765666,0.00787595,0.0064034574,0.0059765666,0.0068608406,0.0059765666,0.0059765666,0.0068608406,0.0064034574,0.00787595,0.00787595,0.00787595,0.005206263,0.0048591834,0.0055781337,0.0068608406,0.0073508937,0.0064034574,0.00787595,0.0059765666,0.0048591834,0.0055781337,0.0048591834,1,4
0.0048478316,0.0051941,0.00785755,0.00785755,0.0051941,0.0051941,0.0063884975,0.00733372,0.00785755,0.00785755,0.0059626037,0.0051941,0.0055651017,0.006844812,0.00785755,0.0055651017,0.0055651017,0.0063884975,0.00733372,0.0048478316,0.0063884975,0.00733372,0.0059626037,0.00733372,0.0048478316,0.0048478316,0.0055651017,0.0063884975,0.0063884975,0.0048478316,0.0055651017,0.0059626037,0.006844812,0.006844812,0.00785755,0.0055651017,0.0048478316,0.0059626037,0.0048478316,0.0055651017,0.0051941,0.00733372,0.00785755,0.0059626037,0.00785755,0.0048478316,0.0051941,0.00785755,0.0059626037,0.006844812,0.0059626037,0.0059626037,0.00785755,0.0055651017,0.0055651017,0.0051941,0.0051941,0.00785755,0.0059626037,0.0051941,0.0055651017,0.0059626037,0.00733372,0.006844812,0.00733372,0.0051941,0.0055651017,0.0051941,0.0055651017,0.006844812,0.0055651017,0.00785755,0.0048478316,0.0048478316,0.00733372,0.0048478316,0.0051941,0.006844812,0.0063884975,0.0048478316,0.0051941,0.0048478316,0.00785755,0.00785755,0.006844812,0.0048478316,0.0055651017,0.00733372,0.00785755,0.0059626037,0.0063884975,0.006844812,0.00785755,0.0048478316,0.00785755,0.0048478316,0.0048478316,0.00785755,0.006844812,0.00733372,0.00785755,0.00785755,0.00733372,0.0059626037,0.0063884975,0.0048478316,0.0055651017,0.0051941,0.0055651017,0.00785755,0.0048478316,0.0048478316,0.00733372,0.00733372,0.006844812,0.0059626037,0.006844812,0.00785755,0.0055651017,0.0048478316,0.0048478316,0.0051941,0.00785755,0.00785755,0.0059626037,0.0059626037,0.0063884975,0.0063884975,0.00785755,0.0063884975,0.0055651017,0.0055651017,0.00733372,0.00733372,0.0051941,0.0059626037,0.0059626037,0.0063884975,0.00733372,0.0055651017,0.0048478316,0.0051941,0.00733372,0.0063884975,0.0063884975,0.0051941,0.00785755,0.00785755,0.00785755,0.0051941,0.0059626037,0.0055651017,0.006844812,0.00733372,0.0048478316,0.0063884975,0.0048478316,0.00785755,0.0063884975,0.0048478316,2,2
0.0078990115,0.0078990115,0.005594467,0.006422207,0.0048734117,0.005994066,0.0078990115,0.007372418,0.0078990115,0.007372418,0.007372418,0.0052215075,0.005594467,0.0078990115,0.0078990115,0.005994066,0.007372418,0.006422207,0.0078990115,0.0052215075,0.005994066,0.007372418,0.006422207,0.007372418,0.0048734117,0.0052215075,0.005594467,0.006422207,0.007372418,0.0052215075,0.0048734117,0.005994066,0.005594467,0.007372418,0.0052215075,0.005994066,0.006422207,0.0048734117,0.005594467,0.005594467,0.0052215075,0.0078990115,0.0068809297,0.0052215075,0.0078990115,0.007372418,0.005994066,0.0068809297,0.0078990115,0.005994066,0.006422207,0.005994066,0.005594467,0.007372418,0.005594467,0.0048734117,0.006422207,0.0052215075,0.005594467,0.0048734117,0.0052215075,0.0068809297,0.0052215075,0.006422207,0.0048734117,0.0052215075,0.005994066,0.0052215075,0.0078990115,0.0048734117,0.005594467,0.0078990115,0.0048734117,0.0048734117,0.006422207,0.0048734117,0.006422207,0.0048734117,0.0048734117,0.0048734117,0.0068809297,0.0068809297,0.0078990115,0.0078990115,0.007372418,0.0048734117,0.0048734117,0.0078990115,0.0078990115,0.0048734117,0.005994066,0.0068809297,0.0048734117,0.0078990115,0.005594467,0.005994066,0.0048734117,0.005994066,0.006422207,0.0078990115,0.0068809297,0.0078990115,0.0052215075,0.005994066,0.0052215075,0.006422207,0.005594467,0.0048734117,0.0078990115,0.0068809297,0.0048734117,0.0048734117,0.007372418,0.0068809297,0.0052215075,0.005994066,0.006422207,0.007372418,0.0068809297,0.0052215075,0.0068809297,0.0052215075,0.0068809297,0.0078990115,0.0052215075,0.005594467,0.006422207,0.0068809297,0.0078990115,0.0068809297,0.006422207,0.005594467,0.007372418,0.006422207,0.0048734117,0.005594467,0.005994066,0.006422207,0.0068809297,0.005594467,0.0068809297,0.0052215075,0.0068809297,0.0078990115,0.005594467,0.0052215075,0.0078990115,0.0078990115,0.0078990115,0.0052215075,0.0048734117,0.005594467,0.006422207,0.007372418,0.0048734117,0.0068809297,0.005594467,0.005594467,0.006422207,0.0048734117,0,3
0.005102271,0.006275552,0.0077186325,0.0077186325,0.0047621243,0.0054667136,0.0077186325,0.0067237993,0.0077186325,0.0077186325,0.0072040637,0.006275552,0.006275552,0.0047621243,0.0077186325,0.0077186325,0.0054667136,0.005857188,0.0077186325,0.0054667136,0.0077186325,0.0072040637,0.0054667136,0.0054667136,0.0047621243,0.0077186325,0.0054667136,0.0047621243,0.0047621243,0.0072040637,0.0077186325,0.0054667136,0.006275552,0.0067237993,0.0072040637,0.006275552,0.0047621243,0.0077186325,0.0047621243,0.0054667136,0.0047621243,0.005857188,0.0077186325,0.006275552,0.0077186325,0.0047621243,0.0047621243,0.006275552,0.0067237993,0.0054667136,0.005857188,0.0067237993,0.0054667136,0.0047621243,0.0054667136,0.005102271,0.0047621243,0.0077186325,0.006275552,0.005857188,0.0067237993,0.005857188,0.0067237993,0.0047621243,0.0077186325,0.005102271,0.0054667136,0.0054667136,0.0054667136,0.0072040637,0.0077186325,0.0077186325,0.0054667136,0.005102271,0.0072040637,0.005102271,0.0054667136,0.0072040637,0.005857188,0.0047621243,0.0047621243,0.0054667136,0.0077186325,0.0077186325,0.0077186325,0.0047621243,0.0054667136,0.0077186325,0.0072040637,0.005857188,0.005857188,0.0067237993,0.0077186325,0.0047621243,0.0077186325,0.006275552,0.0047621243,0.0054667136,0.005857188,0.0077186325,0.0077186325,0.0072040637,0.0047621243,0.0047621243,0.0067237993,0.0047621243,0.0054667136,0.0067237993,0.0047621243,0.0077186325,0.0072040637,0.0077186325,0.005857188,0.005857188,0.005857188,0.0054667136,0.0067237993,0.006275552,0.0054667136,0.0047621243,0.0054667136,0.005102271,0.0067237993,0.0077186325,0.0054667136,0.006275552,0.0067237993,0.0067237993,0.0077186325,0.006275552,0.0077186325,0.0054667136,0.0067237993,0.0072040637,0.005857188,0.0077186325,0.005857188,0.0047621243,0.006275552,0.0072040637,0.0067237993,0.006275552,0.006275552,0.0054667136,0.005857188,0.0067237993,0.0077186325,0.0077186325,0.0077186325,0.0047621243,0.006275552,0.0054667136,0.0067237993,0.0072040637,0.0054667136,0.0077186325,0.006275552,0.006275552,0.005857188,0.0047621243,2,1
0.007571735,0.007571735,0.007571735,0.007571735,0.0053626737,0.007571735,0.007571735,0.0061561186,0.006595835,0.0046714935,0.0061561186,0.005005167,0.0046714935,0.0046714935,0.0046714935,0.0061561186,0.006595835,0.006595835,0.007571735,0.0057457164,0.0070669595,0.0070669595,0.0061561186,0.0061561186,0.0046714935,0.0046714935,0.0053626737,0.0061561186,0.006595835,0.0046714935,0.0046714935,0.0061561186,0.007571735,0.006595835,0.0046714935,0.0070669595,0.0061561186,0.0057457164,0.0046714935,0.007571735,0.0046714935,0.007571735,0.007571735,0.007571735,0.007571735,0.007571735,0.0070669595,0.007571735,0.007571735,0.006595835,0.0053626737,0.007571735,0.007571735,0.007571735,0.0046714935,0.007571735,0.006595835,0.007571735,0.007571735,0.0057457164,0.0046714935,0.0057457164,0.0046714935,0.0046714935,0.0053626737,0.0053626737,0.0061561186,0.0046714935,0.0053626737,0.0061561186,0.0053626737,0.007571735,0.0046714935,0.0053626737,0.0046714935,0.007571735,0.0061561186,0.007571735,0.007571735,0.007571735,0.007571735,0.0061561186,0.0046714935,0.0046714935,0.0046714935,0.0061561186,0.007571735,0.007571735,0.0057457164,0.006595835,0.007571735,0.006595835,0.007571735,0.0046714935,0.007571735,0.007571735,0.007571735,0.0046714935,0.0061561186,0.0046714935,0.005005167,0.007571735,0.006595835,0.005005167,0.0053626737,0.0046714935,0.0061561186,0.0061561186,0.0046714935,0.0046714935,0.006595835,0.007571735,0.0053626737,0.007571735,0.0061561186,0.0046714935,0.006595835,0.007571735,0.007571735,0.0053626737,0.007571735,0.0070669595,0.007571735,0.007571735,0.007571735,0.007571735,0.0061561186,0.0046714935,0.0046714935,0.0061561186,0.005005167,0.0053626737,0.0057457164,0.0070669595,0.0057457164,0.0057457164,0.005005167,0.0046714935,0.0061561186,0.0053626737,0.0053626737,0.006595835,0.0057457164,0.0046714935,0.006595835,0.006595835,0.007571735,0.007571735,0.007571735,0.0046714935,0.0046714935,0.0053626737,0.007571735,0.007571735,0.0061561186,0.005005167,0.0070669595,0.007571735,0.007571735,0.007571735,0,1
0.005471012,0.0067290864,0.007724702,0.007724702,0.0047658687,0.0067290864,0.007724702,0.0067290864,0.0072097285,0.007724702,0.0062804865,0.0058617936,0.0047658687,0.0047658687,0.0062804865,0.007724702,0.0067290864,0.005471012,0.0072097285,0.005471012,0.0067290864,0.0072097285,0.0058617936,0.005471012,0.0047658687,0.007724702,0.005471012,0.0051062834,0.0051062834,0.0058617936,0.0062804865,0.0062804865,0.007724702,0.0062804865,0.0047658687,0.0067290864,0.005471012,0.007724702,0.0067290864,0.0067290864,0.0047658687,0.0067290864,0.007724702,0.005471012,0.0062804865,0.0062804865,0.0058617936,0.0072097285,0.007724702,0.005471012,0.0058617936,0.007724702,0.005471012,0.007724702,0.0047658687,0.007724702,0.0062804865,0.007724702,0.007724702,0.007724702,0.0072097285,0.0058617936,0.0058617936,0.005471012,0.007724702,0.005471012,0.005471012,0.0051062834,0.005471012,0.007724702,0.005471012,0.0062804865,0.005471012,0.005471012,0.0058617936,0.0072097285,0.0058617936,0.007724702,0.007724702,0.0058617936,0.0062804865,0.005471012,0.0047658687,0.0051062834,0.005471012,0.0047658687,0.0062804865,0.007724702,0.0067290864,0.0047658687,0.0067290864,0.0067290864,0.007724702,0.0047658687,0.007724702,0.005471012,0.005471012,0.005471012,0.0062804865,0.0047658687,0.0072097285,0.0062804865,0.0058617936,0.0051062834,0.0072097285,0.0047658687,0.0058617936,0.0062804865,0.0047658687,0.0058617936,0.0062804865,0.007724702,0.0047658687,0.0051062834,0.0067290864,0.0058617936,0.0067290864,0.007724702,0.007724702,0.0051062834,0.005471012,0.005471012,0.007724702,0.007724702,0.0051062834,0.005471012,0.0062804865,0.0062804865,0.0072097285,0.0062804865,0.007724702,0.0058617936,0.0062804865,0.0067290864,0.005471012,0.0072097285,0.0051062834,0.0047658687,0.0062804865,0.005471012,0.0062804865,0.0067290864,0.0047658687,0.0047658687,0.007724702,0.005471012,0.007724702,0.007724702,0.007724702,0.0047658687,0.0058617936,0.0058617936,0.0062804865,0.0067290864,0.0047658687,0.007724702,0.0062804865,0.0067290864,0.0062804865,0.0047658687,2,2
0.006281174,0.006281174,0.005862435,0.007725547,0.00476639,0.0072105173,0.007725547,0.005862435,0.0072105173,0.00476639,0.007725547,0.0067298226,0.00476639,0.00476639,0.0051068417,0.007725547,0.006281174,0.0051068417,0.007725547,0.006281174,0.007725547,0.0072105173,0.00476639,0.00476639,0.00476639,0.007725547,0.005471611,0.0051068417,0.0051068417,0.007725547,0.0067298226,0.005862435,0.007725547,0.0067298226,0.00476639,0.0072105173,0.006281174,0.006281174,0.00476639,0.007725547,0.00476639,0.006281174,0.007725547,0.006281174,0.0072105173,0.007725547,0.006281174,0.005862435,0.007725547,0.007725547,0.0067298226,0.007725547,0.005471611,0.005471611,0.0051068417,0.007725547,0.0067298226,0.007725547,0.007725547,0.0067298226,0.0072105173,0.005862435,0.0051068417,0.0051068417,0.006281174,0.0051068417,0.005862435,0.0051068417,0.005862435,0.0067298226,0.007725547,0.007725547,0.0051068417,0.0051068417,0.00476639,0.007725547,0.005862435,0.005862435,0.005471611,0.007725547,0.0051068417,0.00476639,0.006281174,0.00476639,0.006281174,0.00476639,0.0051068417,0.007725547,0.0051068417,0.005471611,0.007725547,0.0067298226,0.007725547,0.00476639,0.007725547,0.005862435,0.005862435,0.00476639,0.005862435,0.00476639,0.0067298226,0.0072105173,0.005471611,0.005862435,0.0072105173,0.00476639,0.005471611,0.006281174,0.00476639,0.0067298226,0.0072105173,0.007725547,0.00476639,0.0067298226,0.0067298226,0.007725547,0.005471611,0.005471611,0.005471611,0.00476639,0.007725547,0.006281174,0.0072105173,0.007725547,0.005471611,0.007725547,0.006281174,0.0051068417,0.0072105173,0.006281174,0.007725547,0.005471611,0.0051068417,0.006281174,0.0067298226,0.007725547,0.005862435,0.00476639,0.005862435,0.006281174,0.005862435,0.005862435,0.00476639,0.00476639,0.0067298226,0.0067298226,0.007725547,0.007725547,0.007725547,0.005862435,0.005862435,0.005862435,0.0067298226,0.0072105173,0.005862435,0.007725547,0.006281174,0.005862435,0.0051068417,0.00476639,3,1
0.005690677,0.006532653,0.004957222,0.004957222,0.0074992045,0.0060971486,0.0074992045,0.004957222,0.004957222,0.008034854,0.006532653,0.0060971486,0.004957222,0.006532653,0.008034854,0.005690677,0.0074992045,0.004957222,0.004957222,0.0060971486,0.0074992045,0.0074992045,0.005690677,0.004957222,0.008034854,0.008034854,0.005690677,0.006532653,0.004957222,0.008034854,0.006999264,0.004957222,0.004957222,0.0074992045,0.008034854,0.005690677,0.005690677,0.0074992045,0.0060971486,0.0074992045,0.0053113042,0.006532653,0.008034854,0.006532653,0.008034854,0.0060971486,0.005690677,0.005690677,0.004957222,0.006532653,0.006999264,0.0060971486,0.0060971486,0.004957222,0.008034854,0.004957222,0.006532653,0.004957222,0.004957222,0.0053113042,0.008034854,0.0060971486,0.0053113042,0.005690677,0.008034854,0.0060971486,0.006999264,0.0060971486,0.004957222,0.0053113042,0.008034854,0.006999264,0.005690677,0.005690677,0.0060971486,0.006532653,0.006532653,0.004957222,0.005690677,0.004957222,0.004957222,0.006999264,0.004957222,0.0053113042,0.006999264,0.004957222,0.004957222,0.004957222,0.006532653,0.0060971486,0.0060971486,0.006999264,0.004957222,0.008034854,0.008034854,0.0060971486,0.004957222,0.0053113042,0.004957222,0.008034854,0.006999264,0.006999264,0.0074992045,0.0053113042,0.0074992045,0.008034854,0.0074992045,0.004957222,0.004957222,0.008034854,0.008034854,0.0074992045,0.0060971486,0.0053113042,0.006999264,0.005690677,0.006999264,0.0053113042,0.005690677,0.004957222,0.005690677,0.005690677,0.004957222,0.004957222,0.004957222,0.004957222,0.008034854,0.004957222,0.004957222,0.0060971486,0.006999264,0.005690677,0.0074992045,0.006532653,0.0074992045,0.006999264,0.005690677,0.006532653,0.0053113042,0.008034854,0.0060971486,0.006999264,0.0060971486,0.008034854,0.006532653,0.0053113042,0.008034854,0.004957222,0.004957222,0.008034854,0.0060971486,0.005690677,0.004957222,0.006532653,0.008034854,0.008034854,0.0060971486,0.005690677,0.005690677,0.004957222,9,4
0.0049280813,0.005280082,0.0049280813,0.007987622,0.0049280813,0.005280082,0.007987622,0.0069581196,0.007987622,0.007987622,0.0056572254,0.005280082,0.0049280813,0.007987622,0.007987622,0.0049280813,0.0060613076,0.006494251,0.007987622,0.0049280813,0.0049280813,0.0074551213,0.0060613076,0.0069581196,0.0049280813,0.0069581196,0.006494251,0.006494251,0.0060613076,0.0069581196,0.0074551213,0.0060613076,0.005280082,0.0074551213,0.007987622,0.005280082,0.006494251,0.0049280813,0.007987622,0.0056572254,0.0049280813,0.0069581196,0.0074551213,0.0060613076,0.007987622,0.0049280813,0.0056572254,0.0049280813,0.007987622,0.0060613076,0.0056572254,0.0056572254,0.005280082,0.007987622,0.006494251,0.0049280813,0.0056572254,0.006494251,0.0069581196,0.005280082,0.005280082,0.0060613076,0.0049280813,0.0069581196,0.005280082,0.006494251,0.006494251,0.0049280813,0.007987622,0.0049280813,0.0049280813,0.005280082,0.0056572254,0.0056572254,0.0074551213,0.005280082,0.005280082,0.005280082,0.007987622,0.005280082,0.0049280813,0.005280082,0.007987622,0.007987622,0.0069581196,0.0049280813,0.005280082,0.006494251,0.007987622,0.0060613076,0.006494251,0.0060613076,0.005280082,0.007987622,0.0049280813,0.0049280813,0.0049280813,0.0056572254,0.007987622,0.007987622,0.0056572254,0.006494251,0.0049280813,0.005280082,0.0069581196,0.0049280813,0.0056572254,0.0049280813,0.0069581196,0.0069581196,0.0069581196,0.0069581196,0.0049280813,0.007987622,0.0074551213,0.0060613076,0.0069581196,0.006494251,0.006494251,0.0049280813,0.0056572254,0.005280082,0.005280082,0.007987622,0.006494251,0.0049280813,0.007987622,0.0069581196,0.007987622,0.0074551213,0.0060613076,0.0056572254,0.0074551213,0.0074551213,0.005280082,0.0056572254,0.005280082,0.0049280813,0.0069581196,0.0056572254,0.0049280813,0.005280082,0.0074551213,0.007987622,0.0060613076,0.005280082,0.007987622,0.007987622,0.007987622,0.007987622,0.0056572254,0.0056572254,0.0069581196,0.0074551213,0.005280082,0.0060613076,0.005280082,0.0060613076,0.0060613076,0.0049280813,3,3
0.0067653214,0.0067653214,0.0058933585,0.0058933585,0.004791532,0.0072485516,0.007766298,0.0072485516,0.007766298,0.006314306,0.007766298,0.0067653214,0.004791532,0.004791532,0.004791532,0.007766298,0.0067653214,0.0051337797,0.007766298,0.0067653214,0.007766298,0.0072485516,0.004791532,0.0051337797,0.004791532,0.007766298,0.0055004726,0.004791532,0.004791532,0.0067653214,0.0067653214,0.006314306,0.0058933585,0.0058933585,0.004791532,0.0072485516,0.0055004726,0.0067653214,0.004791532,0.007766298,0.0051337797,0.0055004726,0.0058933585,0.0051337797,0.006314306,0.007766298,0.0051337797,0.0055004726,0.004791532,0.0067653214,0.0072485516,0.006314306,0.004791532,0.004791532,0.0051337797,0.006314306,0.004791532,0.007766298,0.0055004726,0.0051337797,0.007766298,0.0058933585,0.0051337797,0.004791532,0.007766298,0.0051337797,0.0058933585,0.0055004726,0.006314306,0.0067653214,0.007766298,0.007766298,0.0055004726,0.004791532,0.004791532,0.007766298,0.0058933585,0.0055004726,0.004791532,0.0051337797,0.006314306,0.0058933585,0.007766298,0.007766298,0.0072485516,0.006314306,0.0072485516,0.007766298,0.0072485516,0.004791532,0.006314306,0.0067653214,0.007766298,0.004791532,0.007766298,0.0051337797,0.0055004726,0.006314306,0.0067653214,0.006314306,0.007766298,0.0067653214,0.0055004726,0.004791532,0.0051337797,0.006314306,0.0055004726,0.004791532,0.004791532,0.007766298,0.0067653214,0.007766298,0.0058933585,0.007766298,0.006314306,0.007766298,0.0067653214,0.0058933585,0.0051337797,0.006314306,0.007766298,0.0067653214,0.004791532,0.0051337797,0.006314306,0.007766298,0.007766298,0.0055004726,0.0072485516,0.0067653214,0.007766298,0.0055004726,0.0067653214,0.0072485516,0.0058933585,0.0067653214,0.0058933585,0.004791532,0.007766298,0.0067653214,0.007766298,0.0058933585,0.0055004726,0.004791532,0.006314306,0.007766298,0.007766298,0.004791532,0.0058933585,0.0058933585,0.006314306,0.0055004726,0.006314306,0.0067653214,0.0067653214,0.007766298,0.006314306,0.006314306,0.0055004726,0.004791532,6,0
0.0048872055,0.0048872055,0.006011032,0.007921369,0.0048872055,0.0052362867,0.0073932847,0.0069004055,0.0069004055,0.007921369,0.005610301,0.0052362867,0.006011032,0.005610301,0.007921369,0.005610301,0.0048872055,0.0069004055,0.007921369,0.005610301,0.0073932847,0.0073932847,0.0048872055,0.0048872055,0.0048872055,0.006011032,0.005610301,0.005610301,0.005610301,0.0052362867,0.006440385,0.005610301,0.0052362867,0.005610301,0.0073932847,0.006440385,0.006440385,0.0052362867,0.006011032,0.005610301,0.0048872055,0.0073932847,0.007921369,0.006011032,0.007921369,0.0048872055,0.005610301,0.007921369,0.006011032,0.0069004055,0.005610301,0.0048872055,0.007921369,0.006440385,0.0069004055,0.0052362867,0.0052362867,0.0073932847,0.006011032,0.005610301,0.006011032,0.0052362867,0.0073932847,0.0048872055,0.006011032,0.0052362867,0.006011032,0.0048872055,0.0069004055,0.0052362867,0.006440385,0.007921369,0.005610301,0.0052362867,0.0069004055,0.0048872055,0.0052362867,0.0073932847,0.006011032,0.0048872055,0.0052362867,0.0069004055,0.007921369,0.007921369,0.0069004055,0.0048872055,0.0052362867,0.007921369,0.007921369,0.006011032,0.0073932847,0.0069004055,0.005610301,0.0048872055,0.007921369,0.006011032,0.0048872055,0.006011032,0.006440385,0.007921369,0.007921369,0.007921369,0.007921369,0.006440385,0.006011032,0.0048872055,0.005610301,0.0073932847,0.0048872055,0.0069004055,0.0048872055,0.0048872055,0.0073932847,0.006011032,0.006440385,0.006011032,0.0069004055,0.007921369,0.006440385,0.005610301,0.0048872055,0.0052362867,0.007921369,0.007921369,0.0052362867,0.007921369,0.0073932847,0.006011032,0.007921369,0.006440385,0.0048872055,0.005610301,0.0073932847,0.0073932847,0.0048872055,0.005610301,0.0052362867,0.006011032,0.006440385,0.006440385,0.005610301,0.006440385,0.006011032,0.006011032,0.006440385,0.0052362867,0.007921369,0.007921369,0.007921369,0.0052362867,0.0048872055,0.005610301,0.0073932847,0.007921369,0.0052362867,0.007921369,0.006440385,0.006440385,0.005610301,0.0048872055,3,3
0.0070708897,0.007575946,0.007575946,0.007575946,0.0046740915,0.0070708897,0.007575946,0.006159542,0.006599503,0.0046740915,0.005748912,0.006159542,0.0046740915,0.0046740915,0.0046740915,0.005748912,0.006599503,0.006599503,0.007575946,0.005748912,0.0070708897,0.0070708897,0.006159542,0.005748912,0.0046740915,0.0046740915,0.0053656558,0.006159542,0.006159542,0.0046740915,0.0046740915,0.005748912,0.007575946,0.006599503,0.0046740915,0.0070708897,0.005748912,0.005748912,0.0046740915,0.006599503,0.0046740915,0.007575946,0.007575946,0.007575946,0.006159542,0.0070708897,0.006159542,0.007575946,0.007575946,0.0070708897,0.0053656558,0.007575946,0.007575946,0.007575946,0.0046740915,0.007575946,0.006599503,0.007575946,0.007575946,0.005748912,0.0053656558,0.005748912,0.0046740915,0.0046740915,0.007575946,0.006159542,0.006159542,0.0053656558,0.006159542,0.005748912,0.005748912,0.007575946,0.0046740915,0.0050079506,0.0046740915,0.007575946,0.006159542,0.007575946,0.007575946,0.007575946,0.007575946,0.0050079506,0.0046740915,0.0046740915,0.0046740915,0.0070708897,0.007575946,0.007575946,0.005748912,0.007575946,0.007575946,0.006599503,0.007575946,0.0046740915,0.007575946,0.007575946,0.007575946,0.0046740915,0.006159542,0.0046740915,0.0053656558,0.007575946,0.006599503,0.0050079506,0.0053656558,0.0046740915,0.006159542,0.006159542,0.0046740915,0.0046740915,0.0070708897,0.007575946,0.0053656558,0.007575946,0.0070708897,0.0050079506,0.006599503,0.007575946,0.007575946,0.006159542,0.007575946,0.0070708897,0.007575946,0.007575946,0.007575946,0.007575946,0.006159542,0.0046740915,0.0046740915,0.006599503,0.005748912,0.0053656558,0.005748912,0.0070708897,0.0053656558,0.006599503,0.0050079506,0.0046740915,0.006159542,0.0053656558,0.0053656558,0.005748912,0.005748912,0.0046740915,0.006599503,0.006159542,0.007575946,0.007575946,0.007575946,0.0046740915,0.0046740915,0.0053656558,0.007575946,0.007575946,0.006599503,0.0046740915,0.006599503,0.007575946,0.007575946,0.0050079506,1,4
0.004801789,0.0059059737,0.0059059737,0.0077829226,0.004801789,0.0067798034,0.0077829226,0.0067798034,0.0077829226,0.0059059737,0.0067798034,0.0067798034,0.0059059737,0.004801789,0.0077829226,0.0077829226,0.0067798034,0.0059059737,0.0077829226,0.005144769,0.0077829226,0.007264068,0.005144769,0.0059059737,0.004801789,0.0077829226,0.005512247,0.005144769,0.004801789,0.0077829226,0.0067798034,0.0059059737,0.0077829226,0.0067798034,0.0063278223,0.004801789,0.004801789,0.0063278223,0.004801789,0.005512247,0.004801789,0.0063278223,0.0077829226,0.0067798034,0.0077829226,0.004801789,0.004801789,0.0063278223,0.005512247,0.0059059737,0.0059059737,0.004801789,0.0063278223,0.005144769,0.0077829226,0.004801789,0.004801789,0.0077829226,0.0059059737,0.0077829226,0.0077829226,0.0059059737,0.0063278223,0.004801789,0.0077829226,0.005144769,0.0059059737,0.005512247,0.0067798034,0.0067798034,0.0077829226,0.0077829226,0.005144769,0.005144769,0.004801789,0.005512247,0.005512247,0.0077829226,0.0059059737,0.005144769,0.004801789,0.005512247,0.0077829226,0.0077829226,0.0077829226,0.004801789,0.004801789,0.0059059737,0.007264068,0.0059059737,0.0059059737,0.0067798034,0.0067798034,0.004801789,0.0077829226,0.005144769,0.004801789,0.007264068,0.0063278223,0.0067798034,0.0077829226,0.0067798034,0.004801789,0.004801789,0.0059059737,0.004801789,0.005512247,0.0067798034,0.0063278223,0.0077829226,0.005512247,0.005512247,0.0059059737,0.005512247,0.007264068,0.005512247,0.0067798034,0.0077829226,0.0063278223,0.005512247,0.004801789,0.005144769,0.0077829226,0.0077829226,0.0059059737,0.0063278223,0.007264068,0.0063278223,0.0077829226,0.0063278223,0.0077829226,0.005512247,0.0063278223,0.007264068,0.0067798034,0.007264068,0.0059059737,0.005512247,0.0077829226,0.0063278223,0.005512247,0.0067798034,0.0063278223,0.005512247,0.0059059737,0.0063278223,0.0077829226,0.0077829226,0.0077829226,0.005144769,0.004801789,0.005512247,0.0067798034,0.007264068,0.005512247,0.0077829226,0.0063278223,0.004801789,0.005512247,0.004801789,3,2
0.0060210824,0.0064511527,0.007934613,0.007934613,0.0069119427,0.0064511527,0.0048953765,0.0048953765,0.0048953765,0.007934613,0.0064511527,0.0060210824,0.0048953765,0.0052450416,0.007405646,0.0056196814,0.0064511527,0.0064511527,0.0048953765,0.0069119427,0.0048953765,0.007405646,0.0060210824,0.0052450416,0.007405646,0.007405646,0.0056196814,0.0048953765,0.0048953765,0.007934613,0.007934613,0.0056196814,0.0052450416,0.0069119427,0.007934613,0.0060210824,0.0064511527,0.0069119427,0.0060210824,0.007934613,0.0048953765,0.0060210824,0.007934613,0.0069119427,0.007934613,0.007934613,0.007405646,0.0048953765,0.0048953765,0.007934613,0.0064511527,0.0064511527,0.0048953765,0.0048953765,0.007934613,0.0048953765,0.0069119427,0.0052450416,0.0048953765,0.007405646,0.007934613,0.0052450416,0.0060210824,0.0056196814,0.007934613,0.0052450416,0.0060210824,0.0060210824,0.0060210824,0.007934613,0.0048953765,0.0064511527,0.0052450416,0.0052450416,0.007934613,0.0056196814,0.0060210824,0.0048953765,0.0048953765,0.0048953765,0.0048953765,0.0060210824,0.0052450416,0.007934613,0.007934613,0.0048953765,0.0048953765,0.0052450416,0.0069119427,0.0060210824,0.0060210824,0.0069119427,0.0048953765,0.007934613,0.007934613,0.0069119427,0.0048953765,0.0060210824,0.0048953765,0.007934613,0.0064511527,0.007405646,0.0060210824,0.0048953765,0.007405646,0.007934613,0.0069119427,0.0064511527,0.0048953765,0.007934613,0.007934613,0.007405646,0.0060210824,0.0064511527,0.007405646,0.0048953765,0.0069119427,0.0048953765,0.0064511527,0.0064511527,0.007405646,0.0064511527,0.0048953765,0.0048953765,0.007405646,0.0052450416,0.0052450416,0.0056196814,0.007934613,0.0048953765,0.007934613,0.0056196814,0.0069119427,0.0064511527,0.007405646,0.007934613,0.0048953765,0.0048953765,0.0056196814,0.007934613,0.0048953765,0.0052450416,0.007405646,0.0064511527,0.0069119427,0.0048953765,0.0048953765,0.0048953765,0.0048953765,0.007934613,0.0048953765,0.0056196814,0.0052450416,0.0048953765,0.007934613,0.007934613,0.0060210824,0.0048953765,0.0048953765,0.007934613,2,4
0.004884574,0.0052334676,0.0060077957,0.007917104,0.004884574,0.0052334676,0.0060077957,0.0068966905,0.007917104,0.007917104,0.005607281,0.0052334676,0.004884574,0.007917104,0.0068966905,0.004884574,0.0064369175,0.0064369175,0.007917104,0.004884574,0.005607281,0.007389304,0.005607281,0.0068966905,0.004884574,0.0060077957,0.0064369175,0.0064369175,0.0068966905,0.005607281,0.0064369175,0.0064369175,0.0064369175,0.0064369175,0.007917104,0.005607281,0.0052334676,0.004884574,0.005607281,0.005607281,0.004884574,0.007389304,0.007389304,0.005607281,0.007917104,0.0060077957,0.0064369175,0.007917104,0.007917104,0.0064369175,0.005607281,0.0060077957,0.007917104,0.007917104,0.005607281,0.0052334676,0.005607281,0.005607281,0.0060077957,0.005607281,0.0064369175,0.005607281,0.0060077957,0.0068966905,0.0064369175,0.0064369175,0.0060077957,0.004884574,0.0068966905,0.0052334676,0.005607281,0.004884574,0.005607281,0.0052334676,0.007917104,0.004884574,0.0052334676,0.0052334676,0.0068966905,0.004884574,0.0068966905,0.0060077957,0.007917104,0.007917104,0.007917104,0.004884574,0.005607281,0.0064369175,0.0064369175,0.0060077957,0.0060077957,0.004884574,0.0052334676,0.007389304,0.007389304,0.004884574,0.004884574,0.0068966905,0.007389304,0.007389304,0.0064369175,0.007917104,0.0060077957,0.005607281,0.0060077957,0.004884574,0.005607281,0.005607281,0.0068966905,0.007917104,0.0052334676,0.0064369175,0.007389304,0.007389304,0.0064369175,0.0060077957,0.0068966905,0.007917104,0.0060077957,0.004884574,0.0052334676,0.0052334676,0.0068966905,0.007917104,0.005607281,0.0052334676,0.007917104,0.0068966905,0.007917104,0.0068966905,0.0060077957,0.005607281,0.007389304,0.007389304,0.0052334676,0.005607281,0.0052334676,0.004884574,0.0064369175,0.005607281,0.004884574,0.005607281,0.007389304,0.007389304,0.0060077957,0.0052334676,0.007917104,0.007917104,0.007917104,0.007917104,0.0052334676,0.005607281,0.0064369175,0.007389304,0.004884574,0.0060077957,0.0052334676,0.005607281,0.0068966905,0.004884574,3,3
0.006646818,0.007630261,0.007630261,0.007630261,0.0047076023,0.007121584,0.007630261,0.006646818,0.007121584,0.0047076023,0.007121584,0.006646818,0.0047076023,0.0047076023,0.0047076023,0.007121584,0.0062037027,0.0057901284,0.007630261,0.0057901284,0.007121584,0.007121584,0.0057901284,0.0054041245,0.0047076023,0.007630261,0.0054041245,0.0057901284,0.0062037027,0.006646818,0.007121584,0.0054041245,0.007630261,0.006646818,0.0047076023,0.0054041245,0.0054041245,0.006646818,0.0050438545,0.0062037027,0.0047076023,0.007121584,0.006646818,0.0057901284,0.007121584,0.007121584,0.006646818,0.007630261,0.007630261,0.007121584,0.0054041245,0.007121584,0.007630261,0.007630261,0.0047076023,0.007630261,0.006646818,0.007630261,0.007630261,0.0057901284,0.007121584,0.0057901284,0.0047076023,0.0047076023,0.007630261,0.0050438545,0.0057901284,0.0054041245,0.0057901284,0.007121584,0.0057901284,0.006646818,0.0057901284,0.0054041245,0.0047076023,0.007630261,0.0062037027,0.007630261,0.007121584,0.007630261,0.0050438545,0.0047076023,0.0062037027,0.0047076023,0.0050438545,0.0047076023,0.0054041245,0.007630261,0.0047076023,0.007121584,0.007630261,0.006646818,0.007630261,0.0047076023,0.007630261,0.0047076023,0.0057901284,0.0047076023,0.0062037027,0.0047076023,0.007121584,0.007630261,0.006646818,0.0050438545,0.0054041245,0.0047076023,0.0062037027,0.0062037027,0.0047076023,0.0047076023,0.0062037027,0.007630261,0.0047076023,0.007121584,0.007121584,0.007121584,0.0057901284,0.006646818,0.0057901284,0.0047076023,0.006646818,0.0062037027,0.007630261,0.007630261,0.0054041245,0.006646818,0.006646818,0.0062037027,0.0062037027,0.0062037027,0.006646818,0.0054041245,0.0062037027,0.007121584,0.007121584,0.006646818,0.0054041245,0.0047076023,0.006646818,0.0062037027,0.0050438545,0.006646818,0.0047076023,0.0047076023,0.007121584,0.007630261,0.007630261,0.007630261,0.007630261,0.0047076023,0.0050438545,0.006646818,0.007630261,0.007121584,0.0062037027,0.007121584,0.007121584,0.0062037027,0.0054041245,0.0047076023,1,1
0.0065176417,0.006983181,0.007481972,0.007481972,0.0046161134,0.006983181,0.007481972,0.0065176417,0.007481972,0.0046161134,0.007481972,0.0065176417,0.0046161134,0.0046161134,0.0046161134,0.007481972,0.006083138,0.004945831,0.007481972,0.0056776013,0.007481972,0.006983181,0.004945831,0.0046161134,0.0052990993,0.007481972,0.0052990993,0.004945831,0.0046161134,0.007481972,0.007481972,0.0056776013,0.007481972,0.0056776013,0.0046161134,0.0056776013,0.0052990993,0.006083138,0.0046161134,0.007481972,0.0056776013,0.006983181,0.007481972,0.007481972,0.0046161134,0.007481972,0.0065176417,0.006983181,0.007481972,0.007481972,0.007481972,0.007481972,0.006083138,0.007481972,0.006083138,0.007481972,0.0065176417,0.007481972,0.007481972,0.0056776013,0.007481972,0.0052990993,0.004945831,0.0056776013,0.007481972,0.0052990993,0.006083138,0.004945831,0.0056776013,0.0065176417,0.006983181,0.007481972,0.0046161134,0.0052990993,0.0046161134,0.007481972,0.0052990993,0.006983181,0.0065176417,0.006983181,0.007481972,0.004945831,0.0046161134,0.0046161134,0.0046161134,0.007481972,0.0065176417,0.007481972,0.0052990993,0.007481972,0.007481972,0.0065176417,0.007481972,0.0046161134,0.007481972,0.007481972,0.007481972,0.0046161134,0.0046161134,0.0046161134,0.006083138,0.0065176417,0.007481972,0.006083138,0.0065176417,0.0046161134,0.0052990993,0.0052990993,0.0046161134,0.006983181,0.006983181,0.007481972,0.004945831,0.007481972,0.004945831,0.004945831,0.006983181,0.007481972,0.007481972,0.0056776013,0.007481972,0.0065176417,0.007481972,0.007481972,0.0065176417,0.006083138,0.0065176417,0.006083138,0.0065176417,0.006083138,0.007481972,0.0052990993,0.004945831,0.0056776013,0.007481972,0.007481972,0.004945831,0.0046161134,0.0056776013,0.0052990993,0.007481972,0.0065176417,0.004945831,0.0046161134,0.0052990993,0.0065176417,0.007481972,0.007481972,0.007481972,0.0046161134,0.0056776013,0.0052990993,0.007481972,0.007481972,0.006983181,0.006083138,0.0056776013,0.006083138,0.004945831,0.0052990993,2,0
0.005442606,0.006694148,0.007684594,0.007684594,0.004741124,0.005442606,0.007684594,0.006694148,0.007684594,0.007684594,0.005442606,0.0050797705,0.004741124,0.007684594,0.0058313585,0.005442606,0.006694148,0.0062478776,0.007684594,0.004741124,0.006694148,0.006694148,0.0058313585,0.0058313585,0.004741124,0.006694148,0.005442606,0.0062478776,0.0058313585,0.004741124,0.006694148,0.0058313585,0.0058313585,0.006694148,0.007684594,0.0071722944,0.005442606,0.007684594,0.004741124,0.005442606,0.004741124,0.006694148,0.007684594,0.0058313585,0.007684594,0.0062478776,0.0058313585,0.006694148,0.006694148,0.0058313585,0.005442606,0.004741124,0.0062478776,0.007684594,0.005442606,0.0050797705,0.005442606,0.0062478776,0.007684594,0.005442606,0.006694148,0.005442606,0.0058313585,0.006694148,0.006694148,0.0062478776,0.0062478776,0.004741124,0.007684594,0.0062478776,0.0062478776,0.0058313585,0.005442606,0.005442606,0.0062478776,0.0058313585,0.0050797705,0.0071722944,0.007684594,0.0058313585,0.007684594,0.004741124,0.007684594,0.007684594,0.0071722944,0.006694148,0.0062478776,0.007684594,0.006694148,0.0050797705,0.0058313585,0.004741124,0.004741124,0.007684594,0.004741124,0.004741124,0.004741124,0.006694148,0.007684594,0.006694148,0.0062478776,0.006694148,0.007684594,0.0062478776,0.006694148,0.0058313585,0.005442606,0.007684594,0.007684594,0.007684594,0.006694148,0.0062478776,0.0058313585,0.007684594,0.0062478776,0.0058313585,0.006694148,0.007684594,0.0058313585,0.004741124,0.0062478776,0.0050797705,0.007684594,0.007684594,0.005442606,0.0058313585,0.007684594,0.0062478776,0.0071722944,0.0071722944,0.0062478776,0.006694148,0.0071722944,0.0071722944,0.0050797705,0.005442606,0.004741124,0.004741124,0.006694148,0.005442606,0.007684594,0.0058313585,0.0062478776,0.0062478776,0.0058313585,0.0050797705,0.007684594,0.007684594,0.007684594,0.0050797705,0.004741124,0.005442606,0.006694148,0.0071722944,0.004741124,0.0058313585,0.005442606,0.0062478776,0.005442606,0.004741124,2,3
0.0052116904,0.0055839485,0.007884161,0.007884161,0.0048642494,0.0055839485,0.007884161,0.006867993,0.007358557,0.007884161,0.0055839485,0.0055839485,0.007884161,0.0048642494,0.007884161,0.0048642494,0.006410133,0.006867993,0.007884161,0.0055839485,0.0055839485,0.005982797,0.006410133,0.006867993,0.0048642494,0.0055839485,0.005982797,0.006410133,0.0052116904,0.0055839485,0.007884161,0.006410133,0.007884161,0.006410133,0.007884161,0.0048642494,0.0048642494,0.007358557,0.0048642494,0.0055839485,0.0048642494,0.005982797,0.007884161,0.005982797,0.007884161,0.0052116904,0.0048642494,0.007884161,0.0048642494,0.005982797,0.005982797,0.005982797,0.007884161,0.0048642494,0.006867993,0.0048642494,0.0048642494,0.007884161,0.005982797,0.006410133,0.006410133,0.0052116904,0.006410133,0.0048642494,0.007884161,0.0052116904,0.0055839485,0.0055839485,0.0055839485,0.006867993,0.005982797,0.007884161,0.0055839485,0.0055839485,0.0055839485,0.006867993,0.0052116904,0.007884161,0.006410133,0.0052116904,0.0048642494,0.0055839485,0.007884161,0.007884161,0.007884161,0.0048642494,0.0055839485,0.007884161,0.006410133,0.0055839485,0.005982797,0.006867993,0.007884161,0.0048642494,0.007884161,0.0048642494,0.0048642494,0.007884161,0.005982797,0.006867993,0.005982797,0.005982797,0.007884161,0.0052116904,0.007884161,0.0048642494,0.0055839485,0.007884161,0.0052116904,0.007884161,0.0048642494,0.0048642494,0.007358557,0.0055839485,0.006867993,0.0048642494,0.006410133,0.007884161,0.0055839485,0.0048642494,0.0048642494,0.0052116904,0.007884161,0.007884161,0.0052116904,0.0055839485,0.007358557,0.006410133,0.007884161,0.006410133,0.0055839485,0.0055839485,0.007358557,0.007358557,0.0055839485,0.0055839485,0.0055839485,0.0055839485,0.007884161,0.0055839485,0.0052116904,0.006410133,0.006410133,0.0055839485,0.0055839485,0.0052116904,0.007884161,0.007884161,0.007884161,0.0048642494,0.0048642494,0.0055839485,0.007358557,0.007884161,0.0048642494,0.0055839485,0.005982797,0.006867993,0.006867993,0.0052116904,2,2
0.004963285,0.0056976373,0.004963285,0.004963285,0.0080446815,0.0053178,0.004963285,0.0053178,0.004963285,0.0080446815,0.0070078247,0.0056976373,0.004963285,0.0053178,0.0080446815,0.0056976373,0.0065406426,0.0065406426,0.0053178,0.0065406426,0.0056976373,0.0075083766,0.0065406426,0.0053178,0.0075083766,0.0070078247,0.0056976373,0.0056976373,0.004963285,0.0080446815,0.0080446815,0.0056976373,0.004963285,0.0070078247,0.0080446815,0.0056976373,0.0065406426,0.0070078247,0.0065406426,0.0070078247,0.004963285,0.006104606,0.0080446815,0.0065406426,0.0080446815,0.0070078247,0.006104606,0.004963285,0.004963285,0.0080446815,0.0065406426,0.0065406426,0.004963285,0.0053178,0.0080446815,0.004963285,0.0070078247,0.004963285,0.004963285,0.0075083766,0.0080446815,0.006104606,0.0065406426,0.004963285,0.0080446815,0.0053178,0.006104606,0.0056976373,0.0053178,0.0065406426,0.004963285,0.0053178,0.004963285,0.0053178,0.0075083766,0.0053178,0.0065406426,0.004963285,0.004963285,0.004963285,0.004963285,0.0053178,0.006104606,0.0080446815,0.0080446815,0.004963285,0.004963285,0.0053178,0.0070078247,0.006104606,0.006104606,0.0070078247,0.004963285,0.0080446815,0.0080446815,0.0070078247,0.004963285,0.0070078247,0.0053178,0.0080446815,0.0075083766,0.0070078247,0.0056976373,0.004963285,0.0075083766,0.0080446815,0.0075083766,0.0056976373,0.004963285,0.0080446815,0.0075083766,0.0080446815,0.0065406426,0.0075083766,0.0075083766,0.006104606,0.0070078247,0.004963285,0.0053178,0.004963285,0.004963285,0.0053178,0.004963285,0.004963285,0.0053178,0.004963285,0.0053178,0.0056976373,0.0080446815,0.004963285,0.0070078247,0.0056976373,0.0075083766,0.0075083766,0.0075083766,0.0075083766,0.0056976373,0.0065406426,0.006104606,0.0080446815,0.004963285,0.0053178,0.0075083766,0.0065406426,0.0070078247,0.004963285,0.004963285,0.004963285,0.004963285,0.0080446815,0.004963285,0.006104606,0.0070078247,0.004963285,0.0080446815,0.0080446815,0.0070078247,0.004963285,0.0056976373,0.0080446815,4,4
0.007301924,0.007301924,0.007823482,0.007823482,0.0048268125,0.0048268125,0.0051715802,0.007301924,0.007301924,0.007823482,0.005540973,0.006360799,0.005540973,0.0048268125,0.006815135,0.0048268125,0.0059367516,0.006815135,0.007823482,0.0048268125,0.0059367516,0.007301924,0.0059367516,0.006360799,0.0051715802,0.0048268125,0.005540973,0.006360799,0.0059367516,0.0048268125,0.0051715802,0.006360799,0.007823482,0.006815135,0.007823482,0.006815135,0.005540973,0.007823482,0.0048268125,0.006815135,0.0048268125,0.006360799,0.007301924,0.005540973,0.007823482,0.005540973,0.0048268125,0.007823482,0.0051715802,0.006815135,0.0059367516,0.0051715802,0.007823482,0.0048268125,0.005540973,0.0048268125,0.0048268125,0.007823482,0.005540973,0.006360799,0.005540973,0.0051715802,0.007301924,0.0048268125,0.007823482,0.0059367516,0.006360799,0.0048268125,0.006360799,0.007301924,0.0059367516,0.0048268125,0.005540973,0.0051715802,0.007823482,0.005540973,0.0051715802,0.007823482,0.0051715802,0.0048268125,0.005540973,0.0048268125,0.007823482,0.007823482,0.007823482,0.006360799,0.005540973,0.007823482,0.007823482,0.0048268125,0.0059367516,0.006815135,0.007823482,0.0048268125,0.007823482,0.005540973,0.0048268125,0.007301924,0.006360799,0.007301924,0.0059367516,0.007301924,0.006815135,0.0051715802,0.007823482,0.0048268125,0.005540973,0.007823482,0.0048268125,0.007823482,0.0051715802,0.0048268125,0.006815135,0.006360799,0.0059367516,0.006815135,0.006815135,0.007823482,0.007301924,0.005540973,0.005540973,0.005540973,0.007823482,0.007823482,0.0059367516,0.0048268125,0.007823482,0.006815135,0.007823482,0.006815135,0.0059367516,0.005540973,0.007301924,0.007301924,0.005540973,0.005540973,0.0048268125,0.0048268125,0.006360799,0.005540973,0.0048268125,0.0051715802,0.007301924,0.0048268125,0.005540973,0.0059367516,0.006815135,0.007823482,0.007823482,0.007823482,0.007301924,0.005540973,0.006815135,0.007301924,0.0048268125,0.0059367516,0.005540973,0.006815135,0.006815135,0.0048268125,2,2
0.0070963046,0.007603176,0.007603176,0.007603176,0.0046908916,0.0070963046,0.007603176,0.0070963046,0.007603176,0.007603176,0.005769575,0.005769575,0.0046908916,0.0046908916,0.0046908916,0.005769575,0.0061816815,0.0066232234,0.007603176,0.0053849416,0.0070963046,0.0070963046,0.0061816815,0.005769575,0.0046908916,0.0046908916,0.0053849416,0.0061816815,0.0066232234,0.0053849416,0.0046908916,0.0053849416,0.007603176,0.0066232234,0.0046908916,0.0066232234,0.0053849416,0.0061816815,0.0050259503,0.0061816815,0.0046908916,0.007603176,0.007603176,0.007603176,0.0070963046,0.0070963046,0.0061816815,0.007603176,0.007603176,0.0070963046,0.0053849416,0.007603176,0.007603176,0.007603176,0.0046908916,0.007603176,0.0066232234,0.007603176,0.007603176,0.0061816815,0.0053849416,0.005769575,0.0050259503,0.0050259503,0.005769575,0.005769575,0.005769575,0.0046908916,0.0053849416,0.0066232234,0.0053849416,0.007603176,0.0046908916,0.0053849416,0.0046908916,0.007603176,0.0061816815,0.007603176,0.007603176,0.0066232234,0.0070963046,0.0046908916,0.0046908916,0.0046908916,0.0046908916,0.0066232234,0.007603176,0.007603176,0.005769575,0.007603176,0.007603176,0.0066232234,0.007603176,0.0046908916,0.007603176,0.007603176,0.007603176,0.0046908916,0.0061816815,0.0046908916,0.0050259503,0.0066232234,0.0066232234,0.0050259503,0.0050259503,0.0046908916,0.005769575,0.0061816815,0.0046908916,0.005769575,0.0070963046,0.007603176,0.0046908916,0.007603176,0.0061816815,0.0046908916,0.0066232234,0.007603176,0.0070963046,0.0050259503,0.007603176,0.0066232234,0.007603176,0.007603176,0.005769575,0.007603176,0.0066232234,0.0046908916,0.0046908916,0.0066232234,0.0066232234,0.0053849416,0.0066232234,0.0070963046,0.0046908916,0.0053849416,0.0046908916,0.0046908916,0.0061816815,0.0053849416,0.005769575,0.0066232234,0.005769575,0.0050259503,0.0066232234,0.0053849416,0.007603176,0.007603176,0.007603176,0.0046908916,0.0046908916,0.0053849416,0.007603176,0.007603176,0.0066232234,0.0046908916,0.007603176,0.0070963046,0.0070963046,0.007603176,1,1
0.006958884,0.0074559404,0.0074559404,0.0074559404,0.004928623,0.006958884,0.0074559404,0.006494965,0.0074559404,0.0046000523,0.0074559404,0.006494965,0.0046000523,0.0046000523,0.0046000523,0.0074559404,0.006494965,0.004928623,0.0074559404,0.006061973,0.006958884,0.006958884,0.0052806623,0.004928623,0.0046000523,0.0074559404,0.0052806623,0.0046000523,0.004928623,0.0074559404,0.0074559404,0.006061973,0.0074559404,0.0056578475,0.0046000523,0.006958884,0.0056578475,0.006061973,0.0046000523,0.0074559404,0.006494965,0.0074559404,0.0074559404,0.0074559404,0.0046000523,0.0074559404,0.006494965,0.0074559404,0.0074559404,0.0074559404,0.0074559404,0.0074559404,0.006061973,0.0074559404,0.006494965,0.0074559404,0.006494965,0.0074559404,0.0074559404,0.006061973,0.0074559404,0.004928623,0.0046000523,0.004928623,0.0074559404,0.006061973,0.006061973,0.004928623,0.0056578475,0.006061973,0.006494965,0.0074559404,0.0046000523,0.0052806623,0.0046000523,0.0074559404,0.0052806623,0.006061973,0.0056578475,0.0074559404,0.0074559404,0.0046000523,0.0046000523,0.0046000523,0.0046000523,0.0074559404,0.006494965,0.0074559404,0.0046000523,0.006958884,0.0074559404,0.006494965,0.0074559404,0.0046000523,0.0074559404,0.0074559404,0.0074559404,0.0046000523,0.006061973,0.0046000523,0.006494965,0.006061973,0.006061973,0.0052806623,0.006958884,0.0046000523,0.0052806623,0.0052806623,0.0046000523,0.006958884,0.0074559404,0.0074559404,0.0046000523,0.006494965,0.006494965,0.0052806623,0.006958884,0.0074559404,0.0074559404,0.0052806623,0.0074559404,0.006494965,0.0074559404,0.0074559404,0.0074559404,0.006958884,0.006061973,0.0052806623,0.0052806623,0.006061973,0.0074559404,0.0052806623,0.006494965,0.006958884,0.0074559404,0.0074559404,0.004928623,0.0046000523,0.0056578475,0.0052806623,0.006494965,0.006494965,0.0052806623,0.0046000523,0.0052806623,0.006494965,0.0074559404,0.0074559404,0.0074559404,0.0046000523,0.0056578475,0.0052806623,0.006494965,0.0074559404,0.0074559404,0.0046000523,0.0056578475,0.0056578475,0.0056578475,0.006061973,1,0
0.0049317805,0.0052840454,0.007993618,0.007993618,0.0049317805,0.0056614717,0.007993618,0.006963343,0.007460717,0.007993618,0.0056614717,0.0052840454,0.006065857,0.0052840454,0.006963343,0.0052840454,0.006499126,0.006963343,0.007993618,0.0049317805,0.0052840454,0.006963343,0.006499126,0.006499126,0.0049317805,0.0056614717,0.0056614717,0.006499126,0.0052840454,0.0049317805,0.006065857,0.0056614717,0.006065857,0.007460717,0.007993618,0.0056614717,0.0056614717,0.006499126,0.0049317805,0.0056614717,0.0049317805,0.006499126,0.007993618,0.006065857,0.007993618,0.0049317805,0.0049317805,0.007993618,0.0052840454,0.006963343,0.0056614717,0.0049317805,0.007993618,0.006065857,0.0056614717,0.0049317805,0.0049317805,0.007993618,0.006065857,0.006065857,0.0056614717,0.0052840454,0.007460717,0.0052840454,0.006963343,0.0052840454,0.0056614717,0.0056614717,0.0049317805,0.006065857,0.0052840454,0.0052840454,0.0056614717,0.0056614717,0.006499126,0.0052840454,0.0052840454,0.006499126,0.0052840454,0.0049317805,0.006963343,0.0052840454,0.007993618,0.007993618,0.007460717,0.0049317805,0.0049317805,0.007993618,0.007993618,0.0049317805,0.007460717,0.006065857,0.006963343,0.0056614717,0.007993618,0.0049317805,0.0049317805,0.007993618,0.006065857,0.007460717,0.0052840454,0.006065857,0.007993618,0.006499126,0.007993618,0.0049317805,0.0056614717,0.007993618,0.0052840454,0.007993618,0.006065857,0.0052840454,0.006963343,0.007993618,0.006499126,0.0052840454,0.006065857,0.007993618,0.0056614717,0.0049317805,0.0049317805,0.0052840454,0.007993618,0.007993618,0.006065857,0.006499126,0.007993618,0.006963343,0.007993618,0.007460717,0.0056614717,0.006499126,0.007460717,0.007460717,0.0052840454,0.0056614717,0.0052840454,0.0049317805,0.006963343,0.0056614717,0.0052840454,0.006065857,0.006499126,0.0052840454,0.0056614717,0.0052840454,0.007993618,0.007993618,0.007993618,0.006499126,0.0049317805,0.0056614717,0.007460717,0.007993618,0.0049317805,0.0056614717,0.0049317805,0.006963343,0.0052840454,0.0052840454,2,2
0.0067048008,0.0076968228,0.0076968228,0.0076968228,0.0058406377,0.00625782,0.0067048008,0.0071837083,0.0076968228,0.0076968228,0.0071837083,0.0067048008,0.0047486685,0.0047486685,0.0047486685,0.0054512667,0.00625782,0.0058406377,0.0071837083,0.0058406377,0.0058406377,0.0071837083,0.00625782,0.00625782,0.0047486685,0.0058406377,0.0058406377,0.005087854,0.00625782,0.0047486685,0.0047486685,0.00625782,0.0076968228,0.0067048008,0.0047486685,0.0067048008,0.00625782,0.0058406377,0.0047486685,0.0067048008,0.005087854,0.00625782,0.0071837083,0.0071837083,0.0054512667,0.0071837083,0.00625782,0.0076968228,0.0076968228,0.0058406377,0.0054512667,0.0076968228,0.0076968228,0.0076968228,0.0047486685,0.0076968228,0.0067048008,0.0076968228,0.0076968228,0.00625782,0.0047486685,0.0058406377,0.005087854,0.0047486685,0.0047486685,0.005087854,0.00625782,0.0047486685,0.0054512667,0.00625782,0.0047486685,0.0076968228,0.0047486685,0.005087854,0.0047486685,0.0076968228,0.00625782,0.0076968228,0.0076968228,0.0071837083,0.0076968228,0.0071837083,0.0047486685,0.0047486685,0.00625782,0.0047486685,0.0076968228,0.0076968228,0.0058406377,0.0047486685,0.0076968228,0.0067048008,0.0076968228,0.0047486685,0.0076968228,0.0076968228,0.0076968228,0.0047486685,0.00625782,0.0047486685,0.005087854,0.0076968228,0.0067048008,0.005087854,0.0058406377,0.0047486685,0.00625782,0.00625782,0.0047486685,0.0047486685,0.0071837083,0.0076968228,0.0054512667,0.0076968228,0.0071837083,0.0047486685,0.0071837083,0.0076968228,0.0076968228,0.00625782,0.0076968228,0.0071837083,0.0076968228,0.0076968228,0.0058406377,0.0076968228,0.0071837083,0.0047486685,0.0047486685,0.0067048008,0.00625782,0.0054512667,0.00625782,0.0071837083,0.005087854,0.0054512667,0.0047486685,0.005087854,0.0067048008,0.0054512667,0.0058406377,0.0067048008,0.005087854,0.0047486685,0.0071837083,0.0054512667,0.0076968228,0.005087854,0.0054512667,0.0047486685,0.0047486685,0.0054512667,0.0076968228,0.0076968228,0.00625782,0.00625782,0.00625782,0.0076968228,0.0071837083,0.0047486685,1,1
0.004808672,0.005520148,0.007794079,0.007794079,0.004808672,0.0051521435,0.007794079,0.006789522,0.0072744805,0.007794079,0.006336893,0.005520148,0.006789522,0.004808672,0.007794079,0.006789522,0.006336893,0.006336893,0.007794079,0.0051521435,0.007794079,0.0072744805,0.0051521435,0.006336893,0.004808672,0.006789522,0.006789522,0.0051521435,0.0051521435,0.0059144394,0.006336893,0.006336893,0.006336893,0.0072744805,0.0072744805,0.004808672,0.004808672,0.005520148,0.0051521435,0.005520148,0.004808672,0.006336893,0.007794079,0.0059144394,0.007794079,0.004808672,0.0051521435,0.0072744805,0.006789522,0.0072744805,0.005520148,0.0059144394,0.006789522,0.004808672,0.006789522,0.004808672,0.0051521435,0.007794079,0.0059144394,0.006789522,0.006789522,0.0051521435,0.006336893,0.0051521435,0.007794079,0.0051521435,0.005520148,0.0051521435,0.006789522,0.006336893,0.006789522,0.0072744805,0.005520148,0.0051521435,0.007794079,0.004808672,0.0051521435,0.007794079,0.006789522,0.0051521435,0.004808672,0.006336893,0.007794079,0.007794079,0.007794079,0.004808672,0.005520148,0.0059144394,0.007794079,0.0059144394,0.0059144394,0.006789522,0.007794079,0.004808672,0.007794079,0.004808672,0.004808672,0.007794079,0.006336893,0.006789522,0.007794079,0.007794079,0.006789522,0.005520148,0.0051521435,0.004808672,0.005520148,0.005520148,0.004808672,0.007794079,0.0072744805,0.007794079,0.004808672,0.007794079,0.0072744805,0.0059144394,0.006789522,0.007794079,0.0059144394,0.004808672,0.004808672,0.0051521435,0.007794079,0.007794079,0.0051521435,0.006336893,0.006789522,0.006336893,0.007794079,0.006336893,0.006336893,0.0059144394,0.006789522,0.0072744805,0.005520148,0.0059144394,0.0059144394,0.004808672,0.0072744805,0.005520148,0.005520148,0.006336893,0.0059144394,0.0051521435,0.005520148,0.0051521435,0.007794079,0.007794079,0.007794079,0.004808672,0.0051521435,0.005520148,0.006336893,0.006789522,0.0059144394,0.007794079,0.006336893,0.006336893,0.005520148,0.004808672,2,1
0.0065986067,0.007069929,0.007574917,0.007574917,0.004673457,0.007069929,0.0065986067,0.0065986067,0.007574917,0.0057481313,0.007574917,0.0065986067,0.004673457,0.004673457,0.004673457,0.007574917,0.0065986067,0.0050072703,0.007574917,0.0061587053,0.007574917,0.007069929,0.0050072703,0.0050072703,0.0050072703,0.007574917,0.005364927,0.004673457,0.004673457,0.007574917,0.0057481313,0.005364927,0.007574917,0.0065986067,0.004673457,0.0057481313,0.0057481313,0.0061587053,0.004673457,0.007574917,0.0057481313,0.0065986067,0.007574917,0.0061587053,0.007069929,0.007574917,0.005364927,0.0057481313,0.0061587053,0.007069929,0.007574917,0.0065986067,0.005364927,0.0057481313,0.005364927,0.007574917,0.0057481313,0.007574917,0.007574917,0.0065986067,0.007574917,0.0057481313,0.0050072703,0.005364927,0.007069929,0.0050072703,0.0057481313,0.0050072703,0.0057481313,0.007069929,0.007069929,0.007574917,0.004673457,0.0050072703,0.004673457,0.007574917,0.005364927,0.0061587053,0.007069929,0.0061587053,0.0065986067,0.004673457,0.005364927,0.004673457,0.004673457,0.0057481313,0.0065986067,0.007574917,0.005364927,0.007574917,0.007574917,0.0065986067,0.007574917,0.004673457,0.007574917,0.0061587053,0.0065986067,0.004673457,0.0065986067,0.005364927,0.0065986067,0.007069929,0.007069929,0.0061587053,0.0065986067,0.004673457,0.005364927,0.0057481313,0.004673457,0.0065986067,0.0061587053,0.007574917,0.0050072703,0.007574917,0.0050072703,0.0061587053,0.0065986067,0.0061587053,0.005364927,0.007574917,0.007574917,0.007069929,0.007574917,0.007574917,0.007574917,0.007574917,0.0065986067,0.0057481313,0.0065986067,0.0061587053,0.007574917,0.005364927,0.0057481313,0.007069929,0.007069929,0.0065986067,0.0050072703,0.0050072703,0.0065986067,0.0061587053,0.005364927,0.0065986067,0.004673457,0.004673457,0.007069929,0.007574917,0.007574917,0.007574917,0.007574917,0.004673457,0.004673457,0.005364927,0.0057481313,0.007069929,0.0065986067,0.007574917,0.0061587053,0.0061587053,0.005364927,0.004673457,2,0
0.004833915,0.006370158,0.004833915,0.005945487,0.004833915,0.006370158,0.007834993,0.0068251626,0.0073126676,0.006370158,0.0068251626,0.005945487,0.004833915,0.007834993,0.0068251626,0.007834993,0.0068251626,0.005945487,0.007834993,0.005549126,0.0068251626,0.0073126676,0.005945487,0.0051791896,0.004833915,0.007834993,0.005549126,0.005549126,0.004833915,0.007834993,0.007834993,0.005549126,0.004833915,0.0068251626,0.007834993,0.005945487,0.005549126,0.0068251626,0.005945487,0.0073126676,0.004833915,0.005945487,0.007834993,0.005945487,0.007834993,0.006370158,0.005945487,0.004833915,0.007834993,0.005945487,0.005945487,0.0068251626,0.004833915,0.004833915,0.007834993,0.0051791896,0.005945487,0.004833915,0.007834993,0.004833915,0.007834993,0.0068251626,0.004833915,0.005945487,0.007834993,0.0051791896,0.006370158,0.0051791896,0.007834993,0.007834993,0.0073126676,0.007834993,0.005549126,0.005549126,0.004833915,0.0051791896,0.005945487,0.004833915,0.0073126676,0.0051791896,0.004833915,0.005549126,0.007834993,0.007834993,0.0068251626,0.004833915,0.004833915,0.0051791896,0.0073126676,0.005945487,0.005945487,0.0068251626,0.004833915,0.007834993,0.007834993,0.0068251626,0.004833915,0.0068251626,0.0051791896,0.007834993,0.006370158,0.0068251626,0.006370158,0.0051791896,0.0073126676,0.0051791896,0.005549126,0.004833915,0.007834993,0.0051791896,0.005945487,0.007834993,0.005549126,0.007834993,0.006370158,0.004833915,0.0068251626,0.004833915,0.005945487,0.004833915,0.004833915,0.0051791896,0.004833915,0.006370158,0.0051791896,0.0068251626,0.007834993,0.005549126,0.007834993,0.0068251626,0.0068251626,0.005549126,0.006370158,0.0068251626,0.007834993,0.0068251626,0.0051791896,0.007834993,0.006370158,0.0068251626,0.005549126,0.005549126,0.006370158,0.0073126676,0.005549126,0.005945487,0.007834993,0.0073126676,0.007834993,0.004833915,0.0051791896,0.005549126,0.006370158,0.0068251626,0.006370158,0.007834993,0.005945487,0.0051791896,0.005549126,0.004833915,6,3
0.0049684173,0.0049684173,0.0061109187,0.008053,0.0049684173,0.005323299,0.008053,0.0070150713,0.008053,0.008053,0.005703529,0.005323299,0.0049684173,0.008053,0.006547406,0.005323299,0.005703529,0.005703529,0.008053,0.0049684173,0.0049684173,0.005323299,0.005703529,0.005703529,0.0049684173,0.005703529,0.005703529,0.006547406,0.006547406,0.006547406,0.0070150713,0.0061109187,0.006547406,0.0075161406,0.008053,0.005323299,0.006547406,0.0049684173,0.006547406,0.005703529,0.0049684173,0.0070150713,0.0075161406,0.006547406,0.008053,0.006547406,0.005703529,0.008053,0.008053,0.0061109187,0.0075161406,0.0061109187,0.005323299,0.008053,0.005703529,0.005323299,0.005323299,0.0049684173,0.008053,0.005323299,0.005703529,0.006547406,0.005323299,0.0075161406,0.0049684173,0.006547406,0.006547406,0.0049684173,0.008053,0.005703529,0.0049684173,0.005703529,0.005703529,0.005703529,0.008053,0.0049684173,0.005323299,0.005323299,0.006547406,0.005323299,0.005703529,0.0049684173,0.008053,0.008053,0.0070150713,0.0049684173,0.0049684173,0.0070150713,0.008053,0.005703529,0.0061109187,0.0049684173,0.0049684173,0.008053,0.0049684173,0.0049684173,0.0049684173,0.0049684173,0.0075161406,0.0061109187,0.0070150713,0.006547406,0.0049684173,0.0049684173,0.006547406,0.0049684173,0.005703529,0.0061109187,0.008053,0.006547406,0.0049684173,0.005703529,0.0070150713,0.008053,0.006547406,0.0061109187,0.0061109187,0.0049684173,0.006547406,0.0049684173,0.0049684173,0.005323299,0.0049684173,0.008053,0.005323299,0.0049684173,0.008053,0.0070150713,0.008053,0.0075161406,0.006547406,0.005703529,0.0075161406,0.0075161406,0.005323299,0.0061109187,0.005323299,0.005703529,0.008053,0.005703529,0.005703529,0.0061109187,0.0075161406,0.0070150713,0.005703529,0.0049684173,0.006547406,0.008053,0.008053,0.008053,0.006547406,0.005703529,0.0075161406,0.0075161406,0.005323299,0.0049684173,0.0049684173,0.0075161406,0.0061109187,0.0061109187,3,3
0.0055069523,0.006773291,0.007775447,0.007775447,0.0047971765,0.0047971765,0.007775447,0.007257091,0.007775447,0.007775447,0.0055069523,0.0063217445,0.0051398273,0.0047971765,0.007775447,0.0047971765,0.0063217445,0.006773291,0.007775447,0.0047971765,0.005900301,0.006773291,0.005900301,0.006773291,0.0047971765,0.006773291,0.0055069523,0.0063217445,0.005900301,0.0051398273,0.006773291,0.0063217445,0.007775447,0.006773291,0.007775447,0.0063217445,0.0055069523,0.007775447,0.0047971765,0.0063217445,0.0051398273,0.006773291,0.0063217445,0.0055069523,0.007775447,0.005900301,0.0047971765,0.007775447,0.0063217445,0.0063217445,0.0055069523,0.005900301,0.007775447,0.0047971765,0.0055069523,0.0047971765,0.0047971765,0.007775447,0.0055069523,0.0063217445,0.006773291,0.0051398273,0.006773291,0.0051398273,0.007775447,0.005900301,0.005900301,0.0047971765,0.006773291,0.006773291,0.006773291,0.0051398273,0.0055069523,0.0051398273,0.007775447,0.0047971765,0.0051398273,0.007775447,0.0047971765,0.0047971765,0.0051398273,0.0051398273,0.007775447,0.007775447,0.007775447,0.0047971765,0.005900301,0.007775447,0.0063217445,0.0063217445,0.0063217445,0.006773291,0.007775447,0.0047971765,0.007775447,0.0051398273,0.0047971765,0.007775447,0.0063217445,0.007775447,0.006773291,0.007257091,0.006773291,0.0051398273,0.007775447,0.0055069523,0.005900301,0.007775447,0.0047971765,0.007775447,0.006773291,0.006773291,0.005900301,0.007775447,0.0055069523,0.005900301,0.006773291,0.007775447,0.005900301,0.0047971765,0.0055069523,0.0051398273,0.007775447,0.007775447,0.005900301,0.0047971765,0.007775447,0.006773291,0.007775447,0.006773291,0.0063217445,0.0055069523,0.007257091,0.007257091,0.0055069523,0.0055069523,0.0051398273,0.0047971765,0.0063217445,0.0055069523,0.0063217445,0.0055069523,0.0063217445,0.0055069523,0.0055069523,0.0051398273,0.007257091,0.007775447,0.007775447,0.007257091,0.0047971765,0.0055069523,0.006773291,0.007257091,0.0047971765,0.005900301,0.0051398273,0.006773291,0.0047971765,0.0047971765,2,2
0.0049743233,0.005329627,0.006118183,0.008062573,0.0049743233,0.005329627,0.006118183,0.0070234104,0.0070234104,0.008062573,0.0057103094,0.005329627,0.005329627,0.0065551894,0.0070234104,0.006118183,0.0065551894,0.0070234104,0.008062573,0.0049743233,0.0049743233,0.0075250757,0.006118183,0.0065551894,0.0049743233,0.0057103094,0.0057103094,0.0065551894,0.005329627,0.006118183,0.006118183,0.005329627,0.005329627,0.0075250757,0.008062573,0.0057103094,0.0065551894,0.005329627,0.0057103094,0.0057103094,0.005329627,0.0075250757,0.008062573,0.006118183,0.008062573,0.0049743233,0.005329627,0.0070234104,0.0065551894,0.0070234104,0.0057103094,0.0049743233,0.005329627,0.0075250757,0.0070234104,0.005329627,0.0057103094,0.0070234104,0.006118183,0.0057103094,0.006118183,0.005329627,0.0075250757,0.006118183,0.0070234104,0.006118183,0.006118183,0.0049743233,0.005329627,0.0065551894,0.0049743233,0.0049743233,0.0057103094,0.0057103094,0.0070234104,0.0049743233,0.005329627,0.005329627,0.0070234104,0.006118183,0.0057103094,0.0057103094,0.008062573,0.008062573,0.008062573,0.0049743233,0.0049743233,0.008062573,0.008062573,0.0049743233,0.0065551894,0.0065551894,0.0057103094,0.0049743233,0.008062573,0.0057103094,0.0049743233,0.0057103094,0.0065551894,0.008062573,0.0070234104,0.0065551894,0.006118183,0.0065551894,0.0065551894,0.0049743233,0.0057103094,0.0049743233,0.0057103094,0.008062573,0.006118183,0.0065551894,0.005329627,0.006118183,0.0070234104,0.006118183,0.0070234104,0.008062573,0.006118183,0.0049743233,0.0049743233,0.005329627,0.006118183,0.008062573,0.0065551894,0.006118183,0.008062573,0.0070234104,0.008062573,0.0070234104,0.005329627,0.006118183,0.0075250757,0.0075250757,0.005329627,0.006118183,0.0049743233,0.005329627,0.0075250757,0.0057103094,0.006118183,0.006118183,0.006118183,0.0057103094,0.0065551894,0.005329627,0.008062573,0.008062573,0.008062573,0.0070234104,0.0049743233,0.0057103094,0.0065551894,0.008062573,0.0049743233,0.0057103094,0.0057103094,0.005329627,0.0049743233,0.005329627,3,3
0.00495962,0.0053138738,0.0061000986,0.008038742,0.00495962,0.0053138738,0.00495962,0.0070026503,0.0075028324,0.008038742,0.006535813,0.0053138738,0.00495962,0.008038742,0.008038742,0.0053138738,0.006535813,0.006535813,0.008038742,0.0053138738,0.00495962,0.0070026503,0.0061000986,0.0061000986,0.00495962,0.0075028324,0.0056934305,0.006535813,0.0061000986,0.0053138738,0.0070026503,0.006535813,0.0056934305,0.0070026503,0.008038742,0.0056934305,0.006535813,0.00495962,0.008038742,0.0056934305,0.00495962,0.0070026503,0.0075028324,0.0061000986,0.008038742,0.0075028324,0.0061000986,0.006535813,0.008038742,0.0056934305,0.0056934305,0.00495962,0.00495962,0.008038742,0.006535813,0.0053138738,0.0056934305,0.00495962,0.008038742,0.00495962,0.006535813,0.0061000986,0.00495962,0.0061000986,0.0053138738,0.0053138738,0.006535813,0.00495962,0.008038742,0.00495962,0.0053138738,0.00495962,0.0056934305,0.0056934305,0.008038742,0.00495962,0.0053138738,0.0053138738,0.008038742,0.00495962,0.00495962,0.00495962,0.008038742,0.008038742,0.0070026503,0.00495962,0.0061000986,0.0061000986,0.006535813,0.0061000986,0.0061000986,0.0061000986,0.00495962,0.008038742,0.0053138738,0.0056934305,0.00495962,0.00495962,0.0070026503,0.008038742,0.006535813,0.006535813,0.00495962,0.0053138738,0.0070026503,0.00495962,0.0056934305,0.0056934305,0.008038742,0.0061000986,0.006535813,0.0053138738,0.0061000986,0.0070026503,0.0056934305,0.0061000986,0.0070026503,0.006535813,0.006535813,0.00495962,0.0070026503,0.0053138738,0.0053138738,0.0075028324,0.0056934305,0.0056934305,0.0075028324,0.0070026503,0.008038742,0.006535813,0.0061000986,0.006535813,0.0075028324,0.0075028324,0.0053138738,0.0061000986,0.0053138738,0.00495962,0.0070026503,0.0056934305,0.0056934305,0.0070026503,0.0070026503,0.0070026503,0.006535813,0.0053138738,0.0075028324,0.008038742,0.008038742,0.008038742,0.00495962,0.0056934305,0.0070026503,0.0075028324,0.00495962,0.006535813,0.0053138738,0.0056934305,0.0070026503,0.00495962,3,3
0.004925055,0.006057585,0.004925055,0.004925055,0.007982717,0.006057585,0.004925055,0.004925055,0.004925055,0.007982717,0.007450543,0.0069538467,0.004925055,0.0052768397,0.0069538467,0.0052768397,0.006057585,0.006490263,0.004925055,0.0069538467,0.004925055,0.007450543,0.005653751,0.005653751,0.007982717,0.007982717,0.006057585,0.0052768397,0.004925055,0.007982717,0.007982717,0.005653751,0.004925055,0.0069538467,0.007982717,0.006057585,0.005653751,0.0069538467,0.006057585,0.007982717,0.004925055,0.006057585,0.007982717,0.0069538467,0.007982717,0.007982717,0.0069538467,0.004925055,0.004925055,0.006490263,0.0069538467,0.006057585,0.004925055,0.004925055,0.007982717,0.004925055,0.006490263,0.0052768397,0.004925055,0.006057585,0.007982717,0.0052768397,0.005653751,0.0052768397,0.007982717,0.005653751,0.006490263,0.006057585,0.0052768397,0.006490263,0.004925055,0.0069538467,0.0052768397,0.0052768397,0.007982717,0.007450543,0.006490263,0.004925055,0.004925055,0.004925055,0.0052768397,0.006490263,0.005653751,0.007982717,0.007982717,0.004925055,0.004925055,0.0052768397,0.007450543,0.006057585,0.006057585,0.0069538467,0.004925055,0.007982717,0.007982717,0.0069538467,0.004925055,0.005653751,0.004925055,0.007982717,0.007450543,0.0069538467,0.005653751,0.0052768397,0.007450543,0.007982717,0.007982717,0.004925055,0.004925055,0.007982717,0.007450543,0.007450543,0.006490263,0.0069538467,0.007450543,0.0069538467,0.006490263,0.004925055,0.0052768397,0.004925055,0.005653751,0.006490263,0.004925055,0.004925055,0.0052768397,0.004925055,0.005653751,0.005653751,0.007982717,0.004925055,0.007982717,0.006057585,0.006490263,0.006490263,0.007450543,0.0069538467,0.0052768397,0.006490263,0.006057585,0.007982717,0.004925055,0.005653751,0.007450543,0.005653751,0.006490263,0.005653751,0.007450543,0.004925055,0.004925055,0.007982717,0.006490263,0.005653751,0.004925055,0.004925055,0.007982717,0.007982717,0.007450543,0.004925055,0.005653751,0.007982717,4,4
0.004944487,0.005676058,0.005676058,0.0060814857,0.008014213,0.005676058,0.004944487,0.004944487,0.004944487,0.008014213,0.0069812834,0.00529766,0.00529766,0.00529766,0.008014213,0.005676058,0.006515871,0.006515871,0.00529766,0.006515871,0.005676058,0.0060814857,0.0060814857,0.005676058,0.006515871,0.0069812834,0.005676058,0.0060814857,0.004944487,0.008014213,0.008014213,0.005676058,0.004944487,0.0069812834,0.008014213,0.004944487,0.0060814857,0.005676058,0.0060814857,0.006515871,0.004944487,0.006515871,0.008014213,0.0069812834,0.008014213,0.0069812834,0.0060814857,0.004944487,0.004944487,0.008014213,0.0069812834,0.004944487,0.005676058,0.004944487,0.008014213,0.004944487,0.0069812834,0.004944487,0.004944487,0.0074799396,0.008014213,0.00529766,0.0060814857,0.004944487,0.008014213,0.00529766,0.0060814857,0.0060814857,0.00529766,0.0060814857,0.004944487,0.004944487,0.00529766,0.00529766,0.008014213,0.0060814857,0.006515871,0.004944487,0.0060814857,0.00529766,0.004944487,0.004944487,0.006515871,0.008014213,0.008014213,0.004944487,0.004944487,0.00529766,0.0069812834,0.0060814857,0.0060814857,0.0069812834,0.004944487,0.008014213,0.008014213,0.0069812834,0.004944487,0.0069812834,0.00529766,0.008014213,0.006515871,0.006515871,0.0074799396,0.0060814857,0.0074799396,0.008014213,0.0074799396,0.006515871,0.004944487,0.008014213,0.008014213,0.0069812834,0.0060814857,0.00529766,0.0069812834,0.0060814857,0.0069812834,0.004944487,0.005676058,0.004944487,0.004944487,0.00529766,0.004944487,0.0069812834,0.005676058,0.004944487,0.004944487,0.0060814857,0.008014213,0.00529766,0.00529766,0.005676058,0.0074799396,0.0074799396,0.0069812834,0.0069812834,0.006515871,0.008014213,0.004944487,0.008014213,0.004944487,0.00529766,0.0074799396,0.006515871,0.0069812834,0.006515871,0.0074799396,0.004944487,0.004944487,0.0074799396,0.00529766,0.005676058,0.0069812834,0.006515871,0.008014213,0.008014213,0.006515871,0.004944487,0.0060814857,0.008014213,4,4
0.00709609,0.0076029464,0.0076029464,0.0076029464,0.005384779,0.00709609,0.0076029464,0.005769401,0.0066230237,0.00469075,0.005769401,0.005769401,0.00469075,0.00469075,0.00469075,0.006181495,0.00709609,0.0066230237,0.0076029464,0.006181495,0.00709609,0.00709609,0.006181495,0.006181495,0.00469075,0.00469075,0.005384779,0.006181495,0.00709609,0.00469075,0.00469075,0.006181495,0.0076029464,0.0066230237,0.00469075,0.00709609,0.006181495,0.005769401,0.00469075,0.0076029464,0.00469075,0.0076029464,0.0076029464,0.0076029464,0.006181495,0.0076029464,0.00709609,0.0076029464,0.0076029464,0.0076029464,0.005384779,0.0076029464,0.0076029464,0.0076029464,0.00469075,0.0076029464,0.0066230237,0.0076029464,0.0076029464,0.005769401,0.00469075,0.0066230237,0.00469075,0.00469075,0.005025799,0.005769401,0.006181495,0.005769401,0.006181495,0.0066230237,0.006181495,0.0076029464,0.00469075,0.005025799,0.00469075,0.0076029464,0.006181495,0.0076029464,0.0076029464,0.0076029464,0.0076029464,0.005025799,0.00469075,0.00469075,0.00469075,0.00469075,0.0076029464,0.0076029464,0.005384779,0.00469075,0.0076029464,0.0066230237,0.0076029464,0.00469075,0.0076029464,0.00709609,0.0076029464,0.005025799,0.006181495,0.00469075,0.005384779,0.0076029464,0.0066230237,0.005025799,0.005025799,0.00469075,0.006181495,0.006181495,0.00469075,0.00469075,0.00709609,0.0076029464,0.005384779,0.0076029464,0.006181495,0.00469075,0.0066230237,0.0076029464,0.0076029464,0.005384779,0.0076029464,0.00709609,0.0076029464,0.0076029464,0.0076029464,0.0076029464,0.00709609,0.00469075,0.00469075,0.0066230237,0.006181495,0.005384779,0.005025799,0.006181495,0.005384779,0.005769401,0.005025799,0.00469075,0.006181495,0.005384779,0.005384779,0.0066230237,0.005769401,0.00469075,0.0066230237,0.006181495,0.0076029464,0.0076029464,0.0076029464,0.00469075,0.00469075,0.005384779,0.0076029464,0.0076029464,0.0066230237,0.005025799,0.0066230237,0.0076029464,0.0076029464,0.00469075,1,1
0.0051377537,0.0063191936,0.0077723097,0.0077723097,0.004795241,0.00550473,0.0077723097,0.006770558,0.007254163,0.0077723097,0.0063191936,0.0063191936,0.00550473,0.004795241,0.0077723097,0.00589792,0.00589792,0.006770558,0.0077723097,0.004795241,0.007254163,0.00550473,0.00589792,0.00589792,0.004795241,0.0077723097,0.0063191936,0.0051377537,0.00550473,0.00589792,0.0077723097,0.00589792,0.00589792,0.0063191936,0.0077723097,0.00550473,0.004795241,0.0077723097,0.004795241,0.00589792,0.004795241,0.00589792,0.0077723097,0.00589792,0.0077723097,0.004795241,0.004795241,0.0077723097,0.0051377537,0.0063191936,0.00589792,0.0051377537,0.0077723097,0.006770558,0.00550473,0.004795241,0.004795241,0.006770558,0.0063191936,0.00589792,0.0077723097,0.0051377537,0.0063191936,0.004795241,0.0077723097,0.0051377537,0.00589792,0.0051377537,0.00550473,0.006770558,0.0063191936,0.006770558,0.00550473,0.00550473,0.00550473,0.00550473,0.0051377537,0.0077723097,0.00589792,0.00589792,0.0063191936,0.006770558,0.0077723097,0.0077723097,0.0077723097,0.004795241,0.00589792,0.006770558,0.0063191936,0.00589792,0.0063191936,0.006770558,0.0077723097,0.004795241,0.0077723097,0.004795241,0.004795241,0.0077723097,0.0063191936,0.006770558,0.0077723097,0.007254163,0.0077723097,0.00589792,0.007254163,0.004795241,0.00550473,0.0063191936,0.004795241,0.0077723097,0.007254163,0.007254163,0.00550473,0.0077723097,0.0063191936,0.0051377537,0.006770558,0.007254163,0.00550473,0.004795241,0.0051377537,0.0051377537,0.0077723097,0.0077723097,0.00589792,0.0063191936,0.0077723097,0.00589792,0.0063191936,0.007254163,0.0063191936,0.0063191936,0.007254163,0.007254163,0.0051377537,0.006770558,0.0051377537,0.0051377537,0.007254163,0.0063191936,0.0051377537,0.00589792,0.0063191936,0.0051377537,0.00550473,0.0051377537,0.0077723097,0.0077723097,0.0077723097,0.004795241,0.0051377537,0.00550473,0.006770558,0.007254163,0.00550473,0.0077723097,0.0063191936,0.00589792,0.0051377537,0.004795241,2,2
0.0048759696,0.0055974033,0.007903158,0.007903158,0.0048759696,0.0059972126,0.007903158,0.0068845414,0.0068845414,0.007903158,0.0055974033,0.0055974033,0.0068845414,0.0048759696,0.007903158,0.0048759696,0.0059972126,0.0068845414,0.007903158,0.0052242484,0.0073762876,0.0055974033,0.0055974033,0.0055974033,0.0048759696,0.0073762876,0.006425578,0.006425578,0.0059972126,0.006425578,0.0052242484,0.0055974033,0.0073762876,0.0073762876,0.007903158,0.0055974033,0.0048759696,0.0068845414,0.0048759696,0.0055974033,0.0048759696,0.0059972126,0.007903158,0.0059972126,0.007903158,0.0048759696,0.0048759696,0.006425578,0.007903158,0.006425578,0.0055974033,0.0048759696,0.0068845414,0.0055974033,0.0068845414,0.0048759696,0.0048759696,0.007903158,0.0059972126,0.0068845414,0.0068845414,0.0052242484,0.0073762876,0.0048759696,0.007903158,0.0059972126,0.0055974033,0.0055974033,0.0048759696,0.0055974033,0.006425578,0.0059972126,0.0055974033,0.0055974033,0.0059972126,0.0048759696,0.0052242484,0.007903158,0.0059972126,0.0048759696,0.0048759696,0.0048759696,0.007903158,0.007903158,0.007903158,0.0048759696,0.0055974033,0.006425578,0.0068845414,0.0059972126,0.0059972126,0.006425578,0.007903158,0.0048759696,0.007903158,0.0048759696,0.0048759696,0.007903158,0.0059972126,0.0073762876,0.0073762876,0.0068845414,0.006425578,0.006425578,0.0068845414,0.0048759696,0.0055974033,0.0052242484,0.0055974033,0.007903158,0.0068845414,0.007903158,0.0048759696,0.007903158,0.006425578,0.0059972126,0.0068845414,0.007903158,0.0055974033,0.0048759696,0.0059972126,0.0052242484,0.0068845414,0.007903158,0.0059972126,0.0059972126,0.007903158,0.006425578,0.007903158,0.0073762876,0.0059972126,0.006425578,0.0073762876,0.0073762876,0.0052242484,0.0059972126,0.0052242484,0.0052242484,0.0073762876,0.0055974033,0.0055974033,0.0059972126,0.0059972126,0.0055974033,0.0059972126,0.0052242484,0.007903158,0.007903158,0.007903158,0.0048759696,0.0048759696,0.0055974033,0.0073762876,0.007903158,0.0052242484,0.0059972126,0.0052242484,0.0059972126,0.0052242484,0.0048759696,2,2
0.006082307,0.0069822273,0.0074809506,0.0074809506,0.0052983756,0.0069822273,0.0074809506,0.0065167514,0.0074809506,0.004615483,0.006082307,0.006082307,0.004615483,0.004615483,0.0052983756,0.0074809506,0.006082307,0.0052983756,0.0074809506,0.005676826,0.0074809506,0.0069822273,0.004615483,0.0049451552,0.0049451552,0.0074809506,0.0052983756,0.005676826,0.004615483,0.0074809506,0.0074809506,0.006082307,0.0074809506,0.005676826,0.004615483,0.005676826,0.006082307,0.006082307,0.004615483,0.0074809506,0.005676826,0.0069822273,0.0074809506,0.0074809506,0.004615483,0.0074809506,0.0065167514,0.0074809506,0.0074809506,0.0074809506,0.0074809506,0.0074809506,0.005676826,0.0074809506,0.005676826,0.0074809506,0.0065167514,0.0074809506,0.0074809506,0.0065167514,0.0074809506,0.005676826,0.004615483,0.0049451552,0.0074809506,0.006082307,0.006082307,0.0049451552,0.005676826,0.006082307,0.0074809506,0.0074809506,0.004615483,0.0049451552,0.004615483,0.0074809506,0.0052983756,0.006082307,0.0065167514,0.0065167514,0.0074809506,0.0049451552,0.004615483,0.004615483,0.004615483,0.0074809506,0.0069822273,0.0074809506,0.0052983756,0.0074809506,0.0074809506,0.0065167514,0.0074809506,0.004615483,0.0074809506,0.0074809506,0.0074809506,0.004615483,0.0049451552,0.0049451552,0.005676826,0.0065167514,0.0074809506,0.006082307,0.0065167514,0.004615483,0.0052983756,0.0052983756,0.004615483,0.0069822273,0.0065167514,0.0074809506,0.004615483,0.0069822273,0.006082307,0.0049451552,0.0069822273,0.0074809506,0.0069822273,0.0052983756,0.0074809506,0.0069822273,0.0074809506,0.0074809506,0.0074809506,0.0069822273,0.0065167514,0.0052983756,0.006082307,0.006082307,0.0074809506,0.0052983756,0.0052983756,0.005676826,0.0074809506,0.0074809506,0.0049451552,0.004615483,0.005676826,0.0052983756,0.005676826,0.0065167514,0.0052983756,0.004615483,0.0052983756,0.0069822273,0.0074809506,0.0074809506,0.0069822273,0.004615483,0.0052983756,0.0052983756,0.0069822273,0.0069822273,0.0069822273,0.0074809506,0.006082307,0.006082307,0.005676826,0.004615483,2,0
0.007539845,0.007539845,0.007539845,0.007539845,0.006130191,0.006568055,0.007539845,0.0057215174,0.006568055,0.0057215174,0.006130191,0.006130191,0.004651819,0.004651819,0.004651819,0.006130191,0.0070371954,0.006568055,0.007539845,0.0057215174,0.0070371954,0.0070371954,0.0057215174,0.0057215174,0.0057215174,0.004651819,0.0053400877,0.006130191,0.006568055,0.004984087,0.0057215174,0.0053400877,0.007539845,0.006568055,0.004651819,0.006568055,0.006130191,0.0057215174,0.004651819,0.007539845,0.004651819,0.007539845,0.007539845,0.007539845,0.0070371954,0.007539845,0.0070371954,0.007539845,0.007539845,0.006568055,0.0053400877,0.007539845,0.007539845,0.007539845,0.004651819,0.007539845,0.006568055,0.007539845,0.007539845,0.006130191,0.004651819,0.0057215174,0.004651819,0.004651819,0.006130191,0.0057215174,0.006130191,0.004651819,0.0053400877,0.0053400877,0.004651819,0.007539845,0.004651819,0.0053400877,0.004651819,0.007539845,0.006130191,0.007539845,0.007539845,0.007539845,0.007539845,0.006130191,0.004651819,0.004651819,0.004651819,0.0070371954,0.007539845,0.007539845,0.0057215174,0.007539845,0.007539845,0.006568055,0.007539845,0.004651819,0.007539845,0.007539845,0.007539845,0.004651819,0.006130191,0.004651819,0.004984087,0.007539845,0.006568055,0.004984087,0.006130191,0.004651819,0.0057215174,0.006130191,0.004651819,0.004984087,0.0070371954,0.007539845,0.006130191,0.007539845,0.0070371954,0.004651819,0.006568055,0.007539845,0.007539845,0.004984087,0.007539845,0.006568055,0.007539845,0.007539845,0.006130191,0.007539845,0.006130191,0.004651819,0.004651819,0.006568055,0.006568055,0.0053400877,0.006568055,0.0070371954,0.0057215174,0.0053400877,0.004984087,0.004984087,0.007539845,0.0053400877,0.0053400877,0.006568055,0.006130191,0.004651819,0.006568055,0.0057215174,0.007539845,0.007539845,0.007539845,0.004651819,0.004651819,0.0053400877,0.007539845,0.007539845,0.006130191,0.004651819,0.006568055,0.007539845,0.0070371954,0.004651819,0,1
0.006215694,0.00764501,0.00764501,0.00764501,0.004716702,0.0058013205,0.00764501,0.0066596656,0.00764501,0.00764501,0.006215694,0.006215694,0.004716702,0.004716702,0.006215694,0.00764501,0.0066596656,0.0054145707,0.0071353493,0.0054145707,0.00764501,0.0071353493,0.0054145707,0.004716702,0.004716702,0.00764501,0.0054145707,0.004716702,0.005053604,0.0058013205,0.0058013205,0.0054145707,0.00764501,0.0071353493,0.004716702,0.006215694,0.005053604,0.00764501,0.006215694,0.006215694,0.004716702,0.006215694,0.00764501,0.0066596656,0.00764501,0.006215694,0.0058013205,0.0071353493,0.00764501,0.0054145707,0.0054145707,0.00764501,0.0054145707,0.00764501,0.004716702,0.005053604,0.004716702,0.00764501,0.00764501,0.006215694,0.00764501,0.0058013205,0.0054145707,0.005053604,0.00764501,0.0054145707,0.0054145707,0.004716702,0.0054145707,0.00764501,0.0054145707,0.006215694,0.0054145707,0.0054145707,0.0071353493,0.00764501,0.0058013205,0.00764501,0.0066596656,0.0058013205,0.0058013205,0.006215694,0.00764501,0.0071353493,0.00764501,0.004716702,0.0058013205,0.00764501,0.006215694,0.004716702,0.0066596656,0.0066596656,0.00764501,0.004716702,0.00764501,0.0058013205,0.004716702,0.0058013205,0.0066596656,0.0054145707,0.0058013205,0.006215694,0.004716702,0.004716702,0.0071353493,0.0058013205,0.0058013205,0.004716702,0.004716702,0.00764501,0.0066596656,0.00764501,0.004716702,0.0071353493,0.0066596656,0.004716702,0.0066596656,0.00764501,0.00764501,0.005053604,0.0054145707,0.0058013205,0.00764501,0.00764501,0.0054145707,0.0054145707,0.0071353493,0.0066596656,0.00764501,0.006215694,0.00764501,0.006215694,0.006215694,0.0071353493,0.005053604,0.0058013205,0.005053604,0.004716702,0.0071353493,0.0054145707,0.0066596656,0.0066596656,0.006215694,0.005053604,0.006215694,0.0054145707,0.00764501,0.00764501,0.00764501,0.004716702,0.0066596656,0.0054145707,0.0066596656,0.0071353493,0.0054145707,0.00764501,0.0058013205,0.0071353493,0.0066596656,0.004716702,1,2
0.005375381,0.005375381,0.0057593314,0.0066114645,0.007589677,0.0050170273,0.0050170273,0.0050170273,0.0050170273,0.008131789,0.0066114645,0.005375381,0.0050170273,0.005375381,0.008131789,0.0057593314,0.0066114645,0.006170707,0.0050170273,0.0066114645,0.005375381,0.0066114645,0.0066114645,0.005375381,0.007083705,0.007589677,0.0057593314,0.006170707,0.0050170273,0.008131789,0.008131789,0.005375381,0.0050170273,0.007083705,0.008131789,0.0050170273,0.0066114645,0.0050170273,0.005375381,0.007083705,0.0050170273,0.0066114645,0.008131789,0.0066114645,0.008131789,0.005375381,0.0057593314,0.0050170273,0.0050170273,0.007589677,0.007083705,0.005375381,0.0066114645,0.0050170273,0.008131789,0.0050170273,0.007083705,0.0050170273,0.0050170273,0.007589677,0.008131789,0.005375381,0.0066114645,0.0050170273,0.008131789,0.005375381,0.006170707,0.0066114645,0.0057593314,0.0066114645,0.0050170273,0.0050170273,0.0050170273,0.005375381,0.008131789,0.005375381,0.0066114645,0.0050170273,0.0066114645,0.005375381,0.0050170273,0.0050170273,0.005375381,0.008131789,0.008131789,0.0050170273,0.0050170273,0.005375381,0.007083705,0.006170707,0.006170707,0.007083705,0.0050170273,0.008131789,0.008131789,0.0057593314,0.0050170273,0.0066114645,0.0066114645,0.008131789,0.0057593314,0.006170707,0.008131789,0.0066114645,0.007589677,0.008131789,0.007083705,0.0057593314,0.0050170273,0.008131789,0.007589677,0.0057593314,0.006170707,0.006170707,0.007589677,0.006170707,0.007083705,0.0050170273,0.0066114645,0.0050170273,0.0050170273,0.005375381,0.0050170273,0.007083705,0.005375381,0.0050170273,0.005375381,0.007083705,0.008131789,0.0050170273,0.0050170273,0.0057593314,0.007589677,0.007589677,0.007589677,0.007083705,0.0057593314,0.007083705,0.0066114645,0.008131789,0.0050170273,0.005375381,0.007589677,0.0066114645,0.007083705,0.0050170273,0.0050170273,0.0050170273,0.0050170273,0.008131789,0.0050170273,0.006170707,0.007083705,0.0057593314,0.007589677,0.005375381,0.0066114645,0.0050170273,0.005375381,0.008131789,9,4
0.0071417596,0.007651878,0.007651878,0.007651878,0.004720939,0.007651878,0.0066656484,0.0071417596,0.007651878,0.007651878,0.005806532,0.005806532,0.004720939,0.004720939,0.004720939,0.005058144,0.006221278,0.0066656484,0.007651878,0.005419435,0.005806532,0.0071417596,0.006221278,0.006221278,0.004720939,0.005806532,0.005419435,0.005419435,0.005806532,0.004720939,0.004720939,0.005806532,0.007651878,0.0066656484,0.004720939,0.006221278,0.006221278,0.006221278,0.004720939,0.006221278,0.004720939,0.007651878,0.007651878,0.007651878,0.007651878,0.0066656484,0.006221278,0.007651878,0.007651878,0.0071417596,0.005419435,0.007651878,0.007651878,0.007651878,0.004720939,0.007651878,0.0066656484,0.007651878,0.007651878,0.006221278,0.004720939,0.005806532,0.005806532,0.005058144,0.005419435,0.005058144,0.006221278,0.004720939,0.005419435,0.006221278,0.004720939,0.007651878,0.004720939,0.005419435,0.004720939,0.007651878,0.006221278,0.007651878,0.007651878,0.0066656484,0.0066656484,0.004720939,0.004720939,0.004720939,0.004720939,0.005806532,0.007651878,0.007651878,0.005806532,0.007651878,0.0071417596,0.0066656484,0.007651878,0.004720939,0.007651878,0.007651878,0.007651878,0.004720939,0.006221278,0.004720939,0.005419435,0.007651878,0.0066656484,0.005058144,0.0066656484,0.004720939,0.006221278,0.006221278,0.004720939,0.004720939,0.007651878,0.0071417596,0.004720939,0.007651878,0.006221278,0.004720939,0.0066656484,0.007651878,0.0071417596,0.004720939,0.007651878,0.0071417596,0.007651878,0.007651878,0.005806532,0.007651878,0.0071417596,0.004720939,0.004720939,0.0066656484,0.0066656484,0.005419435,0.0066656484,0.0071417596,0.005419435,0.005419435,0.004720939,0.004720939,0.006221278,0.005419435,0.005806532,0.006221278,0.005806532,0.004720939,0.006221278,0.005806532,0.007651878,0.007651878,0.007651878,0.005058144,0.004720939,0.005419435,0.007651878,0.007651878,0.006221278,0.004720939,0.0071417596,0.007651878,0.007651878,0.004720939,1,2
0.007459598,0.007459598,0.007459598,0.007459598,0.0046023093,0.0069622984,0.007459598,0.006498151,0.007459598,0.0046023093,0.0069622984,0.006498151,0.0046023093,0.0046023093,0.0046023093,0.006498151,0.0060649468,0.0060649468,0.007459598,0.005660623,0.007459598,0.0069622984,0.0046023093,0.0049310406,0.0046023093,0.0069622984,0.005283253,0.0060649468,0.005283253,0.0060649468,0.007459598,0.0060649468,0.007459598,0.005660623,0.0046023093,0.006498151,0.005660623,0.005660623,0.0046023093,0.0069622984,0.005283253,0.007459598,0.007459598,0.007459598,0.0049310406,0.007459598,0.0069622984,0.007459598,0.007459598,0.007459598,0.005283253,0.007459598,0.0069622984,0.007459598,0.0049310406,0.007459598,0.006498151,0.007459598,0.007459598,0.005660623,0.007459598,0.005283253,0.0046023093,0.0046023093,0.007459598,0.0060649468,0.0060649468,0.0049310406,0.005660623,0.0060649468,0.0060649468,0.007459598,0.0049310406,0.005283253,0.0046023093,0.007459598,0.0060649468,0.007459598,0.007459598,0.007459598,0.007459598,0.0046023093,0.0046023093,0.0046023093,0.0046023093,0.007459598,0.0069622984,0.007459598,0.005283253,0.007459598,0.007459598,0.006498151,0.007459598,0.0046023093,0.007459598,0.007459598,0.007459598,0.0046023093,0.0060649468,0.0046023093,0.005660623,0.0069622984,0.005660623,0.005660623,0.0069622984,0.0046023093,0.005660623,0.005283253,0.0046023093,0.006498151,0.0069622984,0.007459598,0.005283253,0.007459598,0.006498151,0.005660623,0.006498151,0.007459598,0.007459598,0.0046023093,0.007459598,0.0069622984,0.007459598,0.007459598,0.0069622984,0.0069622984,0.0069622984,0.005283253,0.005283253,0.0060649468,0.007459598,0.005283253,0.0049310406,0.0060649468,0.007459598,0.0069622984,0.005283253,0.0046023093,0.0060649468,0.005660623,0.005660623,0.006498151,0.005283253,0.0046023093,0.005660623,0.006498151,0.007459598,0.007459598,0.007459598,0.0046023093,0.0046023093,0.005283253,0.007459598,0.007459598,0.007459598,0.005660623,0.005660623,0.0060649468,0.005660623,0.0060649468,0,0
0.0052331258,0.005606915,0.007916587,0.007916587,0.0048842556,0.0052331258,0.0052331258,0.007388822,0.007388822,0.007916587,0.005606915,0.005606915,0.006436497,0.0048842556,0.007916587,0.0048842556,0.006436497,0.0060074036,0.007916587,0.0048842556,0.0060074036,0.006436497,0.0060074036,0.006436497,0.0052331258,0.005606915,0.005606915,0.006436497,0.006436497,0.0048842556,0.00689624,0.0060074036,0.007388822,0.007388822,0.007916587,0.005606915,0.005606915,0.006436497,0.0048842556,0.0060074036,0.0048842556,0.006436497,0.00689624,0.0060074036,0.007916587,0.0048842556,0.0048842556,0.007388822,0.0052331258,0.007916587,0.006436497,0.0048842556,0.00689624,0.0048842556,0.006436497,0.0052331258,0.0048842556,0.007916587,0.0060074036,0.00689624,0.006436497,0.0052331258,0.006436497,0.0048842556,0.007916587,0.0052331258,0.0060074036,0.0052331258,0.0060074036,0.007388822,0.0060074036,0.0048842556,0.005606915,0.0052331258,0.007916587,0.0048842556,0.0052331258,0.007916587,0.0048842556,0.0048842556,0.0048842556,0.0048842556,0.007916587,0.007916587,0.007916587,0.005606915,0.005606915,0.007916587,0.007916587,0.0060074036,0.006436497,0.00689624,0.007916587,0.0048842556,0.007916587,0.0052331258,0.0048842556,0.007916587,0.0060074036,0.007388822,0.006436497,0.00689624,0.00689624,0.005606915,0.007388822,0.0048842556,0.0060074036,0.007916587,0.0052331258,0.007916587,0.0048842556,0.0048842556,0.006436497,0.006436497,0.00689624,0.006436497,0.00689624,0.007916587,0.005606915,0.0052331258,0.005606915,0.0052331258,0.007916587,0.007916587,0.0060074036,0.0048842556,0.007916587,0.00689624,0.007916587,0.007388822,0.005606915,0.005606915,0.007388822,0.007388822,0.005606915,0.005606915,0.0048842556,0.0048842556,0.006436497,0.005606915,0.0052331258,0.0052331258,0.00689624,0.005606915,0.005606915,0.005606915,0.00689624,0.007916587,0.007916587,0.007916587,0.0060074036,0.005606915,0.00689624,0.007388822,0.0048842556,0.0052331258,0.0048842556,0.00689624,0.00689624,0.0052331258,2,2
0.0063175,0.0067687435,0.0077702263,0.0077702263,0.004793956,0.0051363762,0.007252218,0.0067687435,0.007252218,0.0077702263,0.005503255,0.005896339,0.0067687435,0.004793956,0.0077702263,0.0051363762,0.0063175,0.0063175,0.0077702263,0.005503255,0.007252218,0.007252218,0.005896339,0.0067687435,0.004793956,0.0077702263,0.0067687435,0.005503255,0.005896339,0.0067687435,0.005896339,0.005503255,0.0077702263,0.007252218,0.0077702263,0.004793956,0.004793956,0.0077702263,0.0051363762,0.005503255,0.004793956,0.005896339,0.0077702263,0.005896339,0.0077702263,0.005503255,0.0051363762,0.0077702263,0.0077702263,0.0063175,0.005503255,0.0051363762,0.0077702263,0.004793956,0.005503255,0.004793956,0.0051363762,0.0077702263,0.0063175,0.005896339,0.0067687435,0.0051363762,0.007252218,0.004793956,0.0077702263,0.0051363762,0.005896339,0.0051363762,0.005503255,0.0063175,0.0051363762,0.0063175,0.005503255,0.0051363762,0.0077702263,0.004793956,0.005896339,0.0077702263,0.004793956,0.0051363762,0.004793956,0.0051363762,0.0077702263,0.0077702263,0.0077702263,0.004793956,0.005896339,0.0077702263,0.0077702263,0.005896339,0.007252218,0.0067687435,0.0077702263,0.004793956,0.0077702263,0.004793956,0.0051363762,0.0067687435,0.0067687435,0.0063175,0.0067687435,0.0077702263,0.0067687435,0.0051363762,0.0051363762,0.004793956,0.005503255,0.007252218,0.004793956,0.0077702263,0.005896339,0.0077702263,0.0063175,0.0077702263,0.005896339,0.005896339,0.0067687435,0.0077702263,0.005896339,0.0051363762,0.005503255,0.0051363762,0.0077702263,0.0077702263,0.004793956,0.007252218,0.007252218,0.005503255,0.0063175,0.007252218,0.0051363762,0.005896339,0.007252218,0.007252218,0.005503255,0.005503255,0.005503255,0.0063175,0.007252218,0.005503255,0.005503255,0.005896339,0.0063175,0.005503255,0.005503255,0.0051363762,0.0077702263,0.0077702263,0.0077702263,0.004793956,0.004793956,0.005503255,0.0063175,0.007252218,0.005503255,0.0063175,0.005896339,0.0063175,0.005896339,0.004793956,2,2
0.0049510472,0.0056835893,0.006089554,0.008024846,0.0049510472,0.006524516,0.008024846,0.006990546,0.007489864,0.006990546,0.0056835893,0.006089554,0.0049510472,0.008024846,0.0049510472,0.0049510472,0.006524516,0.006990546,0.008024846,0.0053046886,0.008024846,0.006089554,0.006524516,0.006089554,0.0049510472,0.006089554,0.0056835893,0.006524516,0.0053046886,0.006990546,0.008024846,0.006089554,0.006990546,0.006990546,0.008024846,0.0049510472,0.0056835893,0.0049510472,0.008024846,0.0056835893,0.0049510472,0.006089554,0.008024846,0.006524516,0.008024846,0.006524516,0.0056835893,0.006524516,0.008024846,0.006089554,0.0056835893,0.0053046886,0.0049510472,0.007489864,0.006089554,0.0053046886,0.0049510472,0.0049510472,0.008024846,0.0053046886,0.0056835893,0.006089554,0.0053046886,0.006524516,0.0056835893,0.0056835893,0.006524516,0.0053046886,0.008024846,0.006990546,0.006089554,0.008024846,0.0056835893,0.0056835893,0.0049510472,0.0049510472,0.0053046886,0.0053046886,0.006089554,0.0053046886,0.0049510472,0.0056835893,0.008024846,0.008024846,0.006524516,0.0049510472,0.0049510472,0.0056835893,0.006990546,0.006089554,0.006524516,0.0056835893,0.0049510472,0.008024846,0.0049510472,0.0049510472,0.0049510472,0.006990546,0.006990546,0.006990546,0.006524516,0.006990546,0.007489864,0.0056835893,0.008024846,0.0049510472,0.0056835893,0.0049510472,0.008024846,0.0053046886,0.0049510472,0.0056835893,0.006990546,0.008024846,0.0053046886,0.006089554,0.006089554,0.0049510472,0.006089554,0.0053046886,0.0049510472,0.0053046886,0.0049510472,0.008024846,0.0049510472,0.006089554,0.007489864,0.006524516,0.008024846,0.006524516,0.006089554,0.0056835893,0.007489864,0.007489864,0.006089554,0.006089554,0.0053046886,0.0056835893,0.008024846,0.0056835893,0.0053046886,0.006089554,0.006524516,0.006524516,0.0056835893,0.006089554,0.008024846,0.008024846,0.008024846,0.0049510472,0.0049510472,0.0056835893,0.007489864,0.008024846,0.0049510472,0.006990546,0.006089554,0.006524516,0.008024846,0.0049510472,3,3
0.0069705932,0.0074684857,0.0074684857,0.0074684857,0.0046077925,0.0069705932,0.0074684857,0.006505893,0.0069705932,0.0046077925,0.0069705932,0.006505893,0.0046077925,0.0046077925,0.0046077925,0.006505893,0.006072173,0.006072173,0.0074684857,0.006072173,0.0069705932,0.0069705932,0.004936916,0.005667367,0.0046077925,0.0069705932,0.005289547,0.006072173,0.005289547,0.006072173,0.006505893,0.005667367,0.0074684857,0.006072173,0.0046077925,0.0069705932,0.006072173,0.005667367,0.0046077925,0.006505893,0.005289547,0.0074684857,0.0074684857,0.0074684857,0.005667367,0.0074684857,0.006505893,0.0074684857,0.0074684857,0.0069705932,0.005289547,0.0074684857,0.0074684857,0.0074684857,0.005289547,0.0074684857,0.006505893,0.0074684857,0.0074684857,0.005667367,0.0069705932,0.004936916,0.0046077925,0.0046077925,0.0074684857,0.006072173,0.006072173,0.004936916,0.005667367,0.006072173,0.006072173,0.0074684857,0.004936916,0.005289547,0.0046077925,0.0074684857,0.006072173,0.0074684857,0.0074684857,0.0074684857,0.0074684857,0.0046077925,0.0046077925,0.0046077925,0.0046077925,0.0074684857,0.0074684857,0.0074684857,0.005667367,0.0074684857,0.0074684857,0.006505893,0.0074684857,0.0046077925,0.0074684857,0.0074684857,0.0074684857,0.0046077925,0.006072173,0.0046077925,0.005289547,0.006505893,0.006072173,0.005667367,0.006505893,0.0046077925,0.005667367,0.005289547,0.0046077925,0.006505893,0.0069705932,0.0074684857,0.005289547,0.0074684857,0.0069705932,0.0046077925,0.006505893,0.0074684857,0.0074684857,0.005289547,0.0074684857,0.0069705932,0.0074684857,0.0074684857,0.0074684857,0.0074684857,0.006072173,0.0046077925,0.0046077925,0.006505893,0.0074684857,0.005289547,0.006072173,0.006505893,0.005289547,0.0069705932,0.004936916,0.0046077925,0.006072173,0.005289547,0.005667367,0.006505893,0.005667367,0.004936916,0.006072173,0.006505893,0.0074684857,0.0074684857,0.0074684857,0.0046077925,0.005289547,0.005289547,0.0074684857,0.0074684857,0.006072173,0.0046077925,0.006505893,0.0069705932,0.0074684857,0.004936916,1,1
0.0068196086,0.005174975,0.0068196086,0.0059406487,0.004829981,0.0068196086,0.0078286175,0.0068196086,0.0078286175,0.0055446103,0.006364974,0.0055446103,0.005174975,0.004829981,0.0055446103,0.0078286175,0.006364974,0.0059406487,0.0078286175,0.005174975,0.007306717,0.007306717,0.0059406487,0.0059406487,0.005174975,0.0078286175,0.0055446103,0.004829981,0.004829981,0.0078286175,0.0078286175,0.0059406487,0.006364974,0.0068196086,0.0068196086,0.006364974,0.005174975,0.0059406487,0.0055446103,0.0078286175,0.004829981,0.006364974,0.0055446103,0.0055446103,0.007306717,0.0078286175,0.005174975,0.0055446103,0.004829981,0.0068196086,0.007306717,0.0059406487,0.004829981,0.004829981,0.0078286175,0.006364974,0.0059406487,0.004829981,0.004829981,0.004829981,0.0078286175,0.006364974,0.005174975,0.0055446103,0.0078286175,0.0055446103,0.006364974,0.0055446103,0.0078286175,0.0068196086,0.0078286175,0.0078286175,0.0055446103,0.005174975,0.005174975,0.0078286175,0.006364974,0.005174975,0.004829981,0.006364974,0.005174975,0.0055446103,0.0078286175,0.0078286175,0.0068196086,0.004829981,0.004829981,0.005174975,0.0068196086,0.0059406487,0.0059406487,0.0068196086,0.004829981,0.0078286175,0.0078286175,0.0068196086,0.004829981,0.0068196086,0.005174975,0.0078286175,0.0068196086,0.007306717,0.0055446103,0.004829981,0.007306717,0.0078286175,0.006364974,0.006364974,0.0055446103,0.0078286175,0.0078286175,0.0078286175,0.006364974,0.0055446103,0.0068196086,0.007306717,0.006364974,0.004829981,0.0055446103,0.004829981,0.0078286175,0.005174975,0.006364974,0.004829981,0.0055446103,0.0078286175,0.005174975,0.005174975,0.004829981,0.0068196086,0.0078286175,0.0055446103,0.006364974,0.007306717,0.0068196086,0.0068196086,0.004829981,0.0078286175,0.006364974,0.0059406487,0.0078286175,0.0059406487,0.0055446103,0.0055446103,0.0055446103,0.0078286175,0.0078286175,0.004829981,0.007306717,0.004829981,0.006364974,0.0055446103,0.006364974,0.0068196086,0.006364974,0.0078286175,0.0059406487,0.005174975,0.0055446103,0.004829981,6,0
0.0049217814,0.0049217814,0.006053559,0.007977411,0.0049217814,0.0052733324,0.007977411,0.0069492245,0.007977411,0.007977411,0.006053559,0.0052733324,0.0049217814,0.007445591,0.007977411,0.006053559,0.0049217814,0.0069492245,0.007977411,0.0049217814,0.0069492245,0.007445591,0.0064859493,0.0069492245,0.0049217814,0.006053559,0.006053559,0.005649993,0.0064859493,0.0064859493,0.0064859493,0.005649993,0.0049217814,0.0052733324,0.007977411,0.006053559,0.005649993,0.0052733324,0.006053559,0.005649993,0.005649993,0.007445591,0.007445591,0.005649993,0.007977411,0.0049217814,0.005649993,0.007977411,0.0064859493,0.0064859493,0.006053559,0.006053559,0.007977411,0.007445591,0.0064859493,0.0052733324,0.0052733324,0.0064859493,0.0064859493,0.0052733324,0.005649993,0.0064859493,0.0052733324,0.006053559,0.0049217814,0.005649993,0.005649993,0.0052733324,0.0064859493,0.0064859493,0.005649993,0.007445591,0.0052733324,0.005649993,0.007445591,0.0049217814,0.0052733324,0.0049217814,0.0069492245,0.0052733324,0.0052733324,0.0064859493,0.007977411,0.007977411,0.0064859493,0.0049217814,0.0049217814,0.0069492245,0.007977411,0.0052733324,0.006053559,0.0049217814,0.0052733324,0.006053559,0.0052733324,0.0052733324,0.0049217814,0.0069492245,0.0069492245,0.007445591,0.007445591,0.007445591,0.007977411,0.0064859493,0.0069492245,0.0049217814,0.005649993,0.0049217814,0.0069492245,0.007977411,0.0052733324,0.0049217814,0.0064859493,0.007445591,0.007445591,0.0064859493,0.0064859493,0.0069492245,0.0064859493,0.0049217814,0.0049217814,0.0052733324,0.006053559,0.007977411,0.0064859493,0.005649993,0.0069492245,0.006053559,0.007977411,0.0069492245,0.0052733324,0.005649993,0.007445591,0.007445591,0.0049217814,0.0064859493,0.0052733324,0.006053559,0.0064859493,0.0069492245,0.005649993,0.006053559,0.006053559,0.005649993,0.0069492245,0.0064859493,0.007977411,0.007977411,0.007977411,0.0052733324,0.0049217814,0.005649993,0.0069492245,0.007445591,0.005649993,0.005649993,0.0049217814,0.0069492245,0.0064859493,0.0049217814,3,3
0.006196136,0.0076209544,0.0076209544,0.0076209544,0.005783066,0.005783066,0.0076209544,0.0071128975,0.0076209544,0.0076209544,0.006638711,0.006638711,0.0047018602,0.0047018602,0.0047018602,0.006196136,0.0071128975,0.006638711,0.0076209544,0.005397533,0.006638711,0.0071128975,0.006196136,0.006196136,0.0047018602,0.0047018602,0.005397533,0.006196136,0.0071128975,0.0047018602,0.0047018602,0.006196136,0.0076209544,0.006638711,0.0047018602,0.0071128975,0.006196136,0.005783066,0.0047018602,0.0071128975,0.0047018602,0.0076209544,0.0076209544,0.0076209544,0.0071128975,0.0076209544,0.006638711,0.0076209544,0.0076209544,0.006638711,0.005397533,0.0076209544,0.0076209544,0.0076209544,0.0047018602,0.0076209544,0.006638711,0.0076209544,0.0076209544,0.005783066,0.0047018602,0.0071128975,0.0047018602,0.0047018602,0.005397533,0.0050377026,0.006196136,0.0047018602,0.005397533,0.005397533,0.005397533,0.0076209544,0.0047018602,0.0050377026,0.0047018602,0.0076209544,0.006196136,0.0076209544,0.0076209544,0.0071128975,0.0076209544,0.0050377026,0.0047018602,0.0047018602,0.0047018602,0.0047018602,0.0076209544,0.0076209544,0.005783066,0.0047018602,0.006638711,0.006638711,0.0076209544,0.0047018602,0.0076209544,0.0076209544,0.0076209544,0.0047018602,0.006196136,0.0047018602,0.005397533,0.0076209544,0.006638711,0.0050377026,0.0047018602,0.0047018602,0.005783066,0.006196136,0.0047018602,0.005397533,0.0076209544,0.0076209544,0.0047018602,0.0071128975,0.006638711,0.0047018602,0.006638711,0.0076209544,0.0071128975,0.0050377026,0.0076209544,0.006196136,0.0076209544,0.0076209544,0.0076209544,0.0076209544,0.006638711,0.0047018602,0.0047018602,0.006196136,0.006196136,0.005397533,0.006638711,0.0071128975,0.0050377026,0.005397533,0.005397533,0.0047018602,0.006196136,0.005397533,0.005397533,0.006638711,0.005783066,0.0047018602,0.0071128975,0.005397533,0.0076209544,0.0076209544,0.0076209544,0.0047018602,0.0047018602,0.005397533,0.0076209544,0.0076209544,0.006638711,0.0047018602,0.0071128975,0.0076209544,0.0076209544,0.005397533,1,0
0.007111046,0.0076189707,0.0076189707,0.0076189707,0.0057815607,0.006636983,0.0076189707,0.007111046,0.0076189707,0.007111046,0.0076189707,0.006636983,0.0047006365,0.0047006365,0.005396128,0.006636983,0.007111046,0.005396128,0.007111046,0.006636983,0.007111046,0.007111046,0.006194523,0.006194523,0.0047006365,0.005396128,0.0057815607,0.005396128,0.006636983,0.0047006365,0.0047006365,0.006194523,0.0076189707,0.006636983,0.0047006365,0.006636983,0.006194523,0.0057815607,0.0047006365,0.0076189707,0.007111046,0.006194523,0.0057815607,0.0057815607,0.0047006365,0.0076189707,0.007111046,0.0076189707,0.0076189707,0.006194523,0.005396128,0.0076189707,0.0076189707,0.0076189707,0.0047006365,0.0076189707,0.006636983,0.0076189707,0.0076189707,0.006194523,0.0047006365,0.0076189707,0.0047006365,0.0047006365,0.0047006365,0.0050363913,0.006194523,0.0047006365,0.005396128,0.005396128,0.005396128,0.0076189707,0.0047006365,0.0050363913,0.0047006365,0.0076189707,0.006194523,0.0076189707,0.0076189707,0.0076189707,0.0076189707,0.007111046,0.0047006365,0.0047006365,0.0050363913,0.0047006365,0.0076189707,0.0076189707,0.0057815607,0.0047006365,0.0076189707,0.006636983,0.0076189707,0.0047006365,0.0076189707,0.0076189707,0.0076189707,0.0047006365,0.006194523,0.0047006365,0.0050363913,0.0076189707,0.006636983,0.0050363913,0.0050363913,0.0047006365,0.006194523,0.006194523,0.0047006365,0.0047006365,0.0076189707,0.0076189707,0.0050363913,0.0076189707,0.0057815607,0.0047006365,0.006636983,0.0076189707,0.0076189707,0.0050363913,0.0076189707,0.006636983,0.0076189707,0.0076189707,0.0057815607,0.0076189707,0.007111046,0.0047006365,0.0047006365,0.006636983,0.006636983,0.0057815607,0.006636983,0.007111046,0.005396128,0.005396128,0.0047006365,0.0050363913,0.007111046,0.005396128,0.005396128,0.006636983,0.005396128,0.0047006365,0.007111046,0.0050363913,0.0076189707,0.0076189707,0.006636983,0.0047006365,0.0047006365,0.005396128,0.0076189707,0.0076189707,0.006194523,0.0047006365,0.006194523,0.0076189707,0.0076189707,0.0050363913,1,1
0.004836361,0.0051818104,0.007838958,0.007838958,0.004836361,0.0063733812,0.007838958,0.0068286164,0.0073163677,0.007838958,0.005551934,0.0051818104,0.004836361,0.0068286164,0.0059484956,0.0063733812,0.0059484956,0.0063733812,0.007838958,0.0059484956,0.0059484956,0.0073163677,0.0059484956,0.0059484956,0.004836361,0.0073163677,0.005551934,0.0063733812,0.005551934,0.0063733812,0.0073163677,0.0063733812,0.0068286164,0.0068286164,0.007838958,0.0051818104,0.005551934,0.0063733812,0.004836361,0.005551934,0.004836361,0.0073163677,0.007838958,0.0059484956,0.0073163677,0.0073163677,0.0059484956,0.0068286164,0.007838958,0.0063733812,0.0059484956,0.0051818104,0.004836361,0.0068286164,0.005551934,0.005551934,0.0051818104,0.0051818104,0.0063733812,0.005551934,0.0051818104,0.0063733812,0.005551934,0.007838958,0.005551934,0.0068286164,0.0063733812,0.004836361,0.007838958,0.004836361,0.004836361,0.004836361,0.005551934,0.005551934,0.0063733812,0.0059484956,0.0059484956,0.0059484956,0.007838958,0.0059484956,0.007838958,0.0059484956,0.007838958,0.007838958,0.0073163677,0.004836361,0.0059484956,0.0068286164,0.0068286164,0.0059484956,0.0059484956,0.004836361,0.004836361,0.007838958,0.004836361,0.005551934,0.004836361,0.007838958,0.0068286164,0.0068286164,0.0059484956,0.0063733812,0.007838958,0.005551934,0.007838958,0.007838958,0.0073163677,0.004836361,0.007838958,0.007838958,0.0068286164,0.0063733812,0.0059484956,0.0068286164,0.0063733812,0.0051818104,0.0068286164,0.007838958,0.005551934,0.004836361,0.007838958,0.0051818104,0.004836361,0.0073163677,0.004836361,0.005551934,0.0073163677,0.0063733812,0.007838958,0.0063733812,0.0063733812,0.0063733812,0.0073163677,0.0073163677,0.0051818104,0.005551934,0.0051818104,0.004836361,0.0068286164,0.005551934,0.004836361,0.0051818104,0.0073163677,0.005551934,0.0059484956,0.0051818104,0.007838958,0.007838958,0.007838958,0.0068286164,0.004836361,0.005551934,0.0068286164,0.0073163677,0.004836361,0.0059484956,0.004836361,0.0068286164,0.0051818104,0.0051818104,2,3
0.0049739243,0.005329199,0.0061176918,0.008061926,0.0049739243,0.005329199,0.005329199,0.0070228465,0.0075244713,0.008061926,0.0057098507,0.005329199,0.0049739243,0.0075244713,0.0070228465,0.005329199,0.0057098507,0.006554663,0.008061926,0.0049739243,0.0049739243,0.0061176918,0.0061176918,0.0061176918,0.0049739243,0.006554663,0.0057098507,0.006554663,0.0061176918,0.006554663,0.008061926,0.0057098507,0.005329199,0.006554663,0.008061926,0.0057098507,0.0061176918,0.0049739243,0.0061176918,0.0057098507,0.0049739243,0.0070228465,0.0070228465,0.0057098507,0.008061926,0.005329199,0.0057098507,0.008061926,0.0075244713,0.0061176918,0.0061176918,0.0049739243,0.0057098507,0.0075244713,0.0057098507,0.005329199,0.005329199,0.006554663,0.006554663,0.005329199,0.006554663,0.0057098507,0.0049739243,0.0075244713,0.005329199,0.0057098507,0.0061176918,0.005329199,0.008061926,0.005329199,0.0049739243,0.0049739243,0.0057098507,0.0057098507,0.008061926,0.0049739243,0.005329199,0.005329199,0.008061926,0.0057098507,0.0057098507,0.0049739243,0.008061926,0.008061926,0.0070228465,0.0049739243,0.0061176918,0.0075244713,0.006554663,0.0061176918,0.006554663,0.0057098507,0.0049739243,0.006554663,0.005329199,0.0057098507,0.0049739243,0.0049739243,0.0075244713,0.0061176918,0.006554663,0.006554663,0.0057098507,0.005329199,0.0070228465,0.0049739243,0.0057098507,0.0049739243,0.0070228465,0.0075244713,0.006554663,0.006554663,0.006554663,0.0075244713,0.006554663,0.0061176918,0.0061176918,0.0075244713,0.005329199,0.0049739243,0.0070228465,0.005329199,0.006554663,0.008061926,0.0061176918,0.0049739243,0.008061926,0.0070228465,0.008061926,0.0070228465,0.0070228465,0.0057098507,0.0075244713,0.0075244713,0.0070228465,0.0061176918,0.005329199,0.0049739243,0.0070228465,0.0057098507,0.005329199,0.0061176918,0.0070228465,0.0061176918,0.0057098507,0.0057098507,0.008061926,0.008061926,0.008061926,0.008061926,0.0061176918,0.0057098507,0.0075244713,0.008061926,0.005329199,0.006554663,0.005329199,0.005329199,0.0057098507,0.0049739243,3,3
0.006148855,0.0070586214,0.0075628012,0.0075628012,0.004665982,0.006148855,0.0065880525,0.0057389373,0.0065880525,0.0053563463,0.0065880525,0.006148855,0.004665982,0.004665982,0.004665982,0.006148855,0.006148855,0.006148855,0.0075628012,0.006148855,0.0070586214,0.0070586214,0.0057389373,0.006148855,0.004665982,0.0053563463,0.0053563463,0.006148855,0.0070586214,0.006148855,0.006148855,0.0057389373,0.0075628012,0.0070586214,0.006148855,0.0053563463,0.0057389373,0.006148855,0.004665982,0.0065880525,0.004665982,0.0075628012,0.006148855,0.0070586214,0.004665982,0.0075628012,0.006148855,0.0075628012,0.0075628012,0.0065880525,0.0053563463,0.0075628012,0.0075628012,0.0075628012,0.004665982,0.0075628012,0.006148855,0.0075628012,0.0075628012,0.0065880525,0.0075628012,0.006148855,0.0049992613,0.0049992613,0.0075628012,0.006148855,0.006148855,0.0053563463,0.006148855,0.0065880525,0.0075628012,0.0057389373,0.0049992613,0.004665982,0.0053563463,0.0075628012,0.006148855,0.0075628012,0.0075628012,0.0075628012,0.006148855,0.004665982,0.004665982,0.004665982,0.0053563463,0.0057389373,0.0070586214,0.0075628012,0.0057389373,0.0075628012,0.0075628012,0.0065880525,0.0075628012,0.004665982,0.0075628012,0.0075628012,0.0075628012,0.004665982,0.006148855,0.004665982,0.0070586214,0.0075628012,0.006148855,0.0049992613,0.006148855,0.004665982,0.0057389373,0.006148855,0.004665982,0.0057389373,0.0070586214,0.0075628012,0.0053563463,0.0075628012,0.0075628012,0.004665982,0.0065880525,0.0075628012,0.0075628012,0.0057389373,0.0057389373,0.0053563463,0.0075628012,0.0075628012,0.0049992613,0.0075628012,0.0070586214,0.004665982,0.006148855,0.0070586214,0.0070586214,0.0053563463,0.0053563463,0.006148855,0.006148855,0.0070586214,0.0053563463,0.004665982,0.006148855,0.006148855,0.0049992613,0.006148855,0.0057389373,0.0049992613,0.0065880525,0.0049992613,0.0075628012,0.0075628012,0.0075628012,0.004665982,0.004665982,0.0053563463,0.0075628012,0.0075628012,0.006148855,0.0070586214,0.0065880525,0.0065880525,0.0057389373,0.004665982,2,0
0.004856746,0.0055753356,0.0059735687,0.007871999,0.004856746,0.0064002452,0.007871999,0.0068573994,0.0073472066,0.007871999,0.0059735687,0.0052036517,0.004856746,0.007871999,0.0055753356,0.004856746,0.0064002452,0.0068573994,0.007871999,0.0052036517,0.0068573994,0.0055753356,0.0059735687,0.0064002452,0.004856746,0.007871999,0.0059735687,0.0064002452,0.004856746,0.007871999,0.007871999,0.0055753356,0.004856746,0.0068573994,0.007871999,0.004856746,0.0055753356,0.004856746,0.007871999,0.0059735687,0.004856746,0.0059735687,0.007871999,0.0068573994,0.007871999,0.0068573994,0.0059735687,0.004856746,0.007871999,0.0055753356,0.0055753356,0.004856746,0.0052036517,0.007871999,0.0059735687,0.0052036517,0.0055753356,0.004856746,0.007871999,0.004856746,0.0073472066,0.0073472066,0.0052036517,0.0059735687,0.007871999,0.0064002452,0.0064002452,0.0052036517,0.007871999,0.0068573994,0.0068573994,0.0073472066,0.0055753356,0.0055753356,0.0064002452,0.004856746,0.0052036517,0.004856746,0.0055753356,0.0052036517,0.004856746,0.0055753356,0.007871999,0.007871999,0.0068573994,0.004856746,0.004856746,0.0064002452,0.0073472066,0.0059735687,0.0059735687,0.004856746,0.004856746,0.007871999,0.004856746,0.0052036517,0.004856746,0.0064002452,0.0068573994,0.0073472066,0.0064002452,0.0059735687,0.0073472066,0.0059735687,0.007871999,0.004856746,0.0055753356,0.004856746,0.007871999,0.0059735687,0.0059735687,0.007871999,0.0064002452,0.007871999,0.0064002452,0.0059735687,0.0064002452,0.004856746,0.0064002452,0.004856746,0.004856746,0.0052036517,0.0052036517,0.007871999,0.004856746,0.0068573994,0.007871999,0.0064002452,0.007871999,0.0068573994,0.0064002452,0.0064002452,0.0068573994,0.0073472066,0.0059735687,0.0068573994,0.0052036517,0.0052036517,0.007871999,0.0064002452,0.0052036517,0.0068573994,0.0064002452,0.0073472066,0.0055753356,0.0052036517,0.007871999,0.007871999,0.007871999,0.004856746,0.004856746,0.0055753356,0.0068573994,0.0073472066,0.0064002452,0.0073472066,0.0064002452,0.0059735687,0.0064002452,0.004856746,3,3
0.006532399,0.007498913,0.007498913,0.007498913,0.004957029,0.006998992,0.007498913,0.0060969116,0.006998992,0.004626565,0.006532399,0.0056904564,0.004626565,0.004626565,0.0053110975,0.006532399,0.0060969116,0.0060969116,0.007498913,0.0056904564,0.007498913,0.006998992,0.004626565,0.004957029,0.004626565,0.006998992,0.0053110975,0.0053110975,0.004626565,0.006998992,0.007498913,0.0060969116,0.007498913,0.0056904564,0.004626565,0.006532399,0.0056904564,0.0056904564,0.004626565,0.007498913,0.004626565,0.007498913,0.007498913,0.007498913,0.0053110975,0.007498913,0.006998992,0.007498913,0.007498913,0.007498913,0.0053110975,0.007498913,0.007498913,0.007498913,0.004626565,0.007498913,0.006532399,0.007498913,0.007498913,0.0056904564,0.007498913,0.004957029,0.004626565,0.004626565,0.007498913,0.0060969116,0.0060969116,0.004957029,0.0056904564,0.0060969116,0.0060969116,0.007498913,0.004626565,0.004957029,0.004626565,0.007498913,0.0060969116,0.007498913,0.007498913,0.007498913,0.007498913,0.004626565,0.004626565,0.004626565,0.004626565,0.007498913,0.006998992,0.007498913,0.0053110975,0.007498913,0.007498913,0.006532399,0.007498913,0.004626565,0.007498913,0.007498913,0.007498913,0.004626565,0.0060969116,0.004626565,0.006532399,0.006532399,0.0060969116,0.0053110975,0.006532399,0.004626565,0.0056904564,0.0053110975,0.004626565,0.006998992,0.007498913,0.007498913,0.004626565,0.006532399,0.006998992,0.0056904564,0.006532399,0.007498913,0.007498913,0.004626565,0.007498913,0.006532399,0.007498913,0.007498913,0.007498913,0.007498913,0.006998992,0.004626565,0.004957029,0.006532399,0.007498913,0.0053110975,0.004957029,0.0060969116,0.006532399,0.007498913,0.004957029,0.004626565,0.0060969116,0.0053110975,0.0056904564,0.006532399,0.0056904564,0.004626565,0.0060969116,0.006532399,0.007498913,0.007498913,0.007498913,0.004626565,0.0053110975,0.0053110975,0.007498913,0.007498913,0.006532399,0.0053110975,0.0053110975,0.0060969116,0.0056904564,0.0060969116,1,0
0.0061384747,0.0065769306,0.0075500337,0.0075500337,0.004658105,0.007046705,0.0075500337,0.0065769306,0.007046705,0.004658105,0.0061384747,0.0061384747,0.004658105,0.004658105,0.004658105,0.0061384747,0.0061384747,0.0061384747,0.0075500337,0.0057292487,0.0075500337,0.007046705,0.004658105,0.0053473036,0.0049908217,0.0075500337,0.0053473036,0.0049908217,0.004658105,0.0075500337,0.0075500337,0.0057292487,0.0075500337,0.0057292487,0.004658105,0.0053473036,0.0061384747,0.0061384747,0.004658105,0.007046705,0.0075500337,0.0065769306,0.0075500337,0.0075500337,0.004658105,0.0061384747,0.0053473036,0.0075500337,0.0075500337,0.007046705,0.0061384747,0.0075500337,0.0061384747,0.007046705,0.0061384747,0.0075500337,0.0065769306,0.0075500337,0.0075500337,0.0057292487,0.0075500337,0.0057292487,0.0049908217,0.0053473036,0.0075500337,0.0057292487,0.0061384747,0.0049908217,0.0057292487,0.007046705,0.0075500337,0.0075500337,0.004658105,0.0049908217,0.004658105,0.007046705,0.0053473036,0.0075500337,0.0075500337,0.0075500337,0.0061384747,0.0049908217,0.004658105,0.004658105,0.004658105,0.0065769306,0.007046705,0.0075500337,0.0057292487,0.0075500337,0.0075500337,0.0065769306,0.0075500337,0.004658105,0.0075500337,0.0075500337,0.0075500337,0.004658105,0.0061384747,0.004658105,0.0053473036,0.0061384747,0.007046705,0.0057292487,0.0065769306,0.004658105,0.0057292487,0.0053473036,0.004658105,0.007046705,0.007046705,0.0075500337,0.0053473036,0.0061384747,0.0075500337,0.004658105,0.007046705,0.0075500337,0.0075500337,0.0065769306,0.0075500337,0.0065769306,0.0075500337,0.0075500337,0.0061384747,0.007046705,0.0065769306,0.004658105,0.0053473036,0.0065769306,0.0075500337,0.0053473036,0.0057292487,0.0065769306,0.0053473036,0.0065769306,0.0057292487,0.004658105,0.0065769306,0.0053473036,0.0057292487,0.0057292487,0.0053473036,0.004658105,0.0053473036,0.0057292487,0.0075500337,0.0075500337,0.0075500337,0.004658105,0.0053473036,0.0053473036,0.007046705,0.0075500337,0.0061384747,0.0061384747,0.0057292487,0.007046705,0.0065769306,0.004658105,2,0
0.004970903,0.004970903,0.0070185806,0.008057029,0.004970903,0.0057063824,0.004970903,0.0070185806,0.007519901,0.008057029,0.0057063824,0.0053259623,0.004970903,0.008057029,0.0070185806,0.004970903,0.0057063824,0.006113976,0.008057029,0.004970903,0.004970903,0.0070185806,0.006113976,0.006550682,0.006113976,0.0057063824,0.0057063824,0.006550682,0.006550682,0.004970903,0.006550682,0.006113976,0.0070185806,0.007519901,0.008057029,0.0057063824,0.006113976,0.0057063824,0.0057063824,0.0057063824,0.004970903,0.006550682,0.007519901,0.006113976,0.008057029,0.004970903,0.004970903,0.008057029,0.006113976,0.0070185806,0.008057029,0.004970903,0.006113976,0.008057029,0.0057063824,0.004970903,0.0053259623,0.006113976,0.006550682,0.0053259623,0.007519901,0.0053259623,0.004970903,0.0070185806,0.0053259623,0.0057063824,0.0057063824,0.0057063824,0.008057029,0.0053259623,0.004970903,0.004970903,0.0057063824,0.0057063824,0.008057029,0.004970903,0.0053259623,0.0053259623,0.0070185806,0.0057063824,0.0070185806,0.004970903,0.008057029,0.008057029,0.007519901,0.004970903,0.0053259623,0.0070185806,0.0070185806,0.006550682,0.006113976,0.004970903,0.0053259623,0.008057029,0.004970903,0.0053259623,0.004970903,0.004970903,0.008057029,0.006113976,0.0070185806,0.0070185806,0.0057063824,0.0053259623,0.0070185806,0.0053259623,0.0057063824,0.008057029,0.006550682,0.008057029,0.004970903,0.004970903,0.0070185806,0.007519901,0.0057063824,0.006113976,0.006550682,0.007519901,0.0057063824,0.004970903,0.006550682,0.0053259623,0.008057029,0.008057029,0.0057063824,0.004970903,0.008057029,0.0070185806,0.008057029,0.007519901,0.0057063824,0.0057063824,0.007519901,0.007519901,0.0053259623,0.0057063824,0.004970903,0.004970903,0.006550682,0.0057063824,0.004970903,0.0053259623,0.007519901,0.0057063824,0.0057063824,0.0057063824,0.006550682,0.008057029,0.008057029,0.008057029,0.006113976,0.0057063824,0.0070185806,0.007519901,0.004970903,0.004970903,0.004970903,0.0070185806,0.006550682,0.0057063824,3,3
0.0048563234,0.0052031986,0.0059730485,0.007871314,0.0048563234,0.0052031986,0.0073465668,0.006856802,0.007871314,0.007871314,0.0059730485,0.00557485,0.0048563234,0.006856802,0.007871314,0.0059730485,0.006399688,0.006399688,0.007871314,0.0048563234,0.006399688,0.0073465668,0.00557485,0.006399688,0.0059730485,0.006856802,0.00557485,0.0059730485,0.0052031986,0.0052031986,0.006399688,0.006399688,0.0059730485,0.0059730485,0.0073465668,0.0052031986,0.00557485,0.0048563234,0.0059730485,0.00557485,0.0052031986,0.007871314,0.007871314,0.00557485,0.007871314,0.0052031986,0.00557485,0.006856802,0.006856802,0.006399688,0.00557485,0.0059730485,0.006856802,0.006399688,0.00557485,0.0048563234,0.0059730485,0.00557485,0.006399688,0.0052031986,0.006856802,0.0059730485,0.006399688,0.0059730485,0.007871314,0.00557485,0.0059730485,0.0052031986,0.006856802,0.006856802,0.0048563234,0.006399688,0.0048563234,0.0052031986,0.007871314,0.0048563234,0.0052031986,0.0052031986,0.006856802,0.0052031986,0.00557485,0.0073465668,0.007871314,0.007871314,0.007871314,0.0048563234,0.00557485,0.0059730485,0.006856802,0.0059730485,0.0059730485,0.006856802,0.00557485,0.0059730485,0.007871314,0.0052031986,0.0048563234,0.006856802,0.0073465668,0.0073465668,0.007871314,0.007871314,0.00557485,0.0048563234,0.006399688,0.0048563234,0.00557485,0.0048563234,0.006856802,0.007871314,0.006856802,0.007871314,0.0052031986,0.007871314,0.0073465668,0.0059730485,0.006856802,0.007871314,0.0059730485,0.0048563234,0.0048563234,0.0052031986,0.006856802,0.007871314,0.0059730485,0.0059730485,0.006856802,0.006399688,0.007871314,0.0073465668,0.0059730485,0.00557485,0.0073465668,0.0073465668,0.0052031986,0.006856802,0.00557485,0.0048563234,0.006856802,0.006399688,0.00557485,0.006856802,0.006399688,0.00557485,0.006399688,0.0052031986,0.007871314,0.007871314,0.007871314,0.0073465668,0.0048563234,0.00557485,0.006399688,0.006856802,0.0048563234,0.006399688,0.00557485,0.0059730485,0.0052031986,0.0052031986,3,1
0.0069430396,0.0074389637,0.0074389637,0.0074389637,0.0045895786,0.0069430396,0.0074389637,0.0064801765,0.0069430396,0.0045895786,0.0074389637,0.0064801765,0.0045895786,0.0045895786,0.0045895786,0.0064801765,0.0060481704,0.0060481704,0.0074389637,0.0060481704,0.0074389637,0.0069430396,0.0045895786,0.0045895786,0.0045895786,0.0074389637,0.0052686385,0.004917401,0.0045895786,0.0064801765,0.0074389637,0.0060481704,0.0074389637,0.005644965,0.0045895786,0.0069430396,0.0060481704,0.005644965,0.0045895786,0.0074389637,0.0045895786,0.0074389637,0.0074389637,0.0074389637,0.005644965,0.0074389637,0.0064801765,0.0074389637,0.0074389637,0.0074389637,0.0052686385,0.0074389637,0.0074389637,0.0074389637,0.0052686385,0.0074389637,0.0064801765,0.0074389637,0.0074389637,0.005644965,0.0074389637,0.0052686385,0.0045895786,0.0045895786,0.0074389637,0.0060481704,0.0060481704,0.004917401,0.005644965,0.0060481704,0.0060481704,0.0074389637,0.004917401,0.0052686385,0.0045895786,0.0074389637,0.0060481704,0.0074389637,0.0074389637,0.0074389637,0.0074389637,0.0045895786,0.0045895786,0.0045895786,0.0045895786,0.0074389637,0.0069430396,0.0074389637,0.0052686385,0.0074389637,0.0074389637,0.0064801765,0.0074389637,0.0045895786,0.0074389637,0.0074389637,0.0074389637,0.0045895786,0.0060481704,0.0045895786,0.0060481704,0.0069430396,0.0064801765,0.0052686385,0.0064801765,0.0045895786,0.005644965,0.0052686385,0.0045895786,0.0060481704,0.0074389637,0.0074389637,0.0052686385,0.0069430396,0.0074389637,0.0064801765,0.0064801765,0.0074389637,0.0074389637,0.0045895786,0.0074389637,0.0064801765,0.0074389637,0.0074389637,0.0069430396,0.0074389637,0.0074389637,0.0045895786,0.004917401,0.0069430396,0.0074389637,0.0052686385,0.004917401,0.0060481704,0.0064801765,0.0074389637,0.0052686385,0.0045895786,0.0060481704,0.005644965,0.005644965,0.0064801765,0.005644965,0.0045895786,0.0052686385,0.0064801765,0.0074389637,0.0074389637,0.0074389637,0.0045895786,0.0045895786,0.0052686385,0.0069430396,0.0074389637,0.0074389637,0.0045895786,0.0064801765,0.0060481704,0.0060481704,0.0069430396,1,0
0.0065376638,0.0065376638,0.007504957,0.007504957,0.0046302937,0.007504957,0.007504957,0.007004633,0.007504957,0.007504957,0.0061018253,0.0056950427,0.0046302937,0.0046302937,0.0056950427,0.0049610245,0.007004633,0.005315378,0.007504957,0.0046302937,0.0061018253,0.007004633,0.0056950427,0.0061018253,0.0056950427,0.007504957,0.005315378,0.0061018253,0.005315378,0.007004633,0.0061018253,0.0056950427,0.007504957,0.007004633,0.0046302937,0.007004633,0.0061018253,0.0056950427,0.0046302937,0.007004633,0.0046302937,0.0065376638,0.007504957,0.007004633,0.0061018253,0.007504957,0.0065376638,0.007004633,0.007504957,0.005315378,0.007004633,0.007504957,0.007504957,0.007504957,0.005315378,0.007504957,0.0061018253,0.007504957,0.007504957,0.007504957,0.005315378,0.0056950427,0.0056950427,0.0061018253,0.007504957,0.0061018253,0.0061018253,0.0046302937,0.0056950427,0.007004633,0.0046302937,0.007504957,0.0046302937,0.0049610245,0.0046302937,0.007504957,0.0061018253,0.007504957,0.007504957,0.0056950427,0.007504957,0.0049610245,0.0046302937,0.0046302937,0.0049610245,0.007504957,0.007504957,0.007504957,0.0056950427,0.007504957,0.0065376638,0.0065376638,0.007504957,0.0046302937,0.007504957,0.007504957,0.007504957,0.0046302937,0.0046302937,0.0046302937,0.0065376638,0.007504957,0.005315378,0.0046302937,0.0065376638,0.0046302937,0.0061018253,0.005315378,0.0046302937,0.0056950427,0.007504957,0.007504957,0.0046302937,0.007004633,0.0065376638,0.0046302937,0.007004633,0.007004633,0.007504957,0.0046302937,0.007504957,0.007004633,0.007504957,0.007504957,0.0061018253,0.007004633,0.005315378,0.0046302937,0.0046302937,0.007004633,0.0065376638,0.005315378,0.0065376638,0.007004633,0.005315378,0.005315378,0.0049610245,0.0046302937,0.0061018253,0.0056950427,0.0056950427,0.0065376638,0.005315378,0.0046302937,0.0061018253,0.0056950427,0.007504957,0.007504957,0.007504957,0.0065376638,0.0046302937,0.005315378,0.007504957,0.007504957,0.007504957,0.0046302937,0.007504957,0.007504957,0.007504957,0.0046302937,2,1
0.0049514654,0.0049514654,0.008025524,0.008025524,0.0049514654,0.0053051366,0.0049514654,0.0069911364,0.0074904966,0.008025524,0.0056840694,0.0056840694,0.008025524,0.0049514654,0.008025524,0.0049514654,0.0060900687,0.006525067,0.008025524,0.0049514654,0.0053051366,0.0074904966,0.006525067,0.006525067,0.0049514654,0.0049514654,0.0056840694,0.006525067,0.0060900687,0.0049514654,0.0049514654,0.0069911364,0.008025524,0.006525067,0.0074904966,0.0060900687,0.0049514654,0.008025524,0.0049514654,0.006525067,0.0049514654,0.006525067,0.0069911364,0.0060900687,0.008025524,0.0049514654,0.0049514654,0.008025524,0.0049514654,0.008025524,0.0060900687,0.0049514654,0.008025524,0.0049514654,0.0056840694,0.0049514654,0.0049514654,0.008025524,0.0060900687,0.0069911364,0.0056840694,0.0053051366,0.0069911364,0.0049514654,0.008025524,0.0053051366,0.0056840694,0.0056840694,0.0049514654,0.0056840694,0.0053051366,0.0049514654,0.0056840694,0.0056840694,0.008025524,0.0049514654,0.0053051366,0.008025524,0.0056840694,0.0049514654,0.0049514654,0.0049514654,0.008025524,0.008025524,0.0074904966,0.0049514654,0.0053051366,0.008025524,0.0069911364,0.0049514654,0.006525067,0.006525067,0.008025524,0.0049514654,0.008025524,0.0049514654,0.0049514654,0.008025524,0.006525067,0.0069911364,0.0060900687,0.0069911364,0.0074904966,0.0053051366,0.008025524,0.0049514654,0.0056840694,0.008025524,0.0053051366,0.008025524,0.0049514654,0.0049514654,0.0074904966,0.0056840694,0.006525067,0.0056840694,0.006525067,0.008025524,0.0060900687,0.0049514654,0.0053051366,0.0053051366,0.008025524,0.008025524,0.0056840694,0.0049514654,0.008025524,0.0069911364,0.008025524,0.0074904966,0.0053051366,0.0056840694,0.0074904966,0.0074904966,0.0053051366,0.0056840694,0.0049514654,0.0049514654,0.006525067,0.0056840694,0.0049514654,0.0053051366,0.0074904966,0.0053051366,0.0056840694,0.0056840694,0.006525067,0.008025524,0.008025524,0.008025524,0.006525067,0.0056840694,0.0069911364,0.0074904966,0.0053051366,0.0053051366,0.0053051366,0.0069911364,0.0060900687,0.0053051366,2,2
0.005244514,0.005619116,0.007404901,0.007933815,0.0048948843,0.005244514,0.0060204766,0.007404901,0.007933815,0.007933815,0.0069112475,0.0060204766,0.0048948843,0.0048948843,0.007933815,0.0048948843,0.006450504,0.005619116,0.007933815,0.0048948843,0.005244514,0.006450504,0.0060204766,0.006450504,0.005244514,0.007933815,0.005619116,0.005619116,0.0060204766,0.005619116,0.005244514,0.006450504,0.0069112475,0.007404901,0.007933815,0.005244514,0.005619116,0.0069112475,0.0048948843,0.005619116,0.0048948843,0.0069112475,0.007404901,0.0060204766,0.007933815,0.0048948843,0.0048948843,0.007404901,0.0060204766,0.0069112475,0.005619116,0.0060204766,0.006450504,0.005619116,0.007933815,0.0048948843,0.005244514,0.0069112475,0.005619116,0.0060204766,0.0060204766,0.005244514,0.0069112475,0.0060204766,0.0060204766,0.005244514,0.0060204766,0.0048948843,0.0060204766,0.0069112475,0.005619116,0.0048948843,0.005619116,0.005619116,0.007933815,0.0048948843,0.005244514,0.006450504,0.005244514,0.0048948843,0.006450504,0.005619116,0.007933815,0.007933815,0.007933815,0.005244514,0.005244514,0.007933815,0.007933815,0.0060204766,0.0060204766,0.0069112475,0.0069112475,0.0048948843,0.007933815,0.005619116,0.0048948843,0.0060204766,0.006450504,0.007933815,0.007404901,0.007404901,0.005244514,0.005244514,0.006450504,0.0048948843,0.0060204766,0.005244514,0.0048948843,0.007933815,0.006450504,0.007933815,0.006450504,0.007933815,0.006450504,0.005619116,0.0069112475,0.007404901,0.0060204766,0.0048948843,0.005619116,0.005244514,0.007933815,0.007933815,0.0060204766,0.0048948843,0.007933815,0.0069112475,0.007933815,0.007404901,0.0060204766,0.005619116,0.007404901,0.007404901,0.005244514,0.005619116,0.0048948843,0.0048948843,0.0069112475,0.005619116,0.005244514,0.0060204766,0.006450504,0.005619116,0.005619116,0.005619116,0.006450504,0.007933815,0.007933815,0.007933815,0.006450504,0.005619116,0.0069112475,0.007404901,0.0048948843,0.006450504,0.005619116,0.0060204766,0.0069112475,0.0048948843,3,2
0.0070610233,0.007565375,0.007565375,0.007565375,0.0057408903,0.0061509474,0.007565375,0.0065902947,0.0070610233,0.0057408903,0.0065902947,0.0065902947,0.00466757,0.00466757,0.00466757,0.0061509474,0.0065902947,0.0057408903,0.007565375,0.0070610233,0.0065902947,0.0070610233,0.0061509474,0.0061509474,0.00466757,0.00466757,0.005358169,0.0061509474,0.0065902947,0.005000963,0.00466757,0.005358169,0.007565375,0.0065902947,0.00466757,0.0065902947,0.0061509474,0.0057408903,0.00466757,0.0065902947,0.00466757,0.007565375,0.007565375,0.007565375,0.0070610233,0.007565375,0.0065902947,0.007565375,0.007565375,0.0065902947,0.005358169,0.007565375,0.007565375,0.007565375,0.00466757,0.007565375,0.0065902947,0.007565375,0.007565375,0.0061509474,0.00466757,0.0065902947,0.00466757,0.00466757,0.0057408903,0.005000963,0.0061509474,0.00466757,0.005358169,0.0057408903,0.005358169,0.007565375,0.00466757,0.005000963,0.00466757,0.007565375,0.0061509474,0.007565375,0.007565375,0.0070610233,0.007565375,0.005358169,0.00466757,0.00466757,0.00466757,0.0065902947,0.007565375,0.007565375,0.0057408903,0.0070610233,0.0070610233,0.0065902947,0.007565375,0.00466757,0.007565375,0.007565375,0.007565375,0.00466757,0.0061509474,0.00466757,0.005000963,0.007565375,0.0065902947,0.005000963,0.0065902947,0.00466757,0.0057408903,0.0061509474,0.00466757,0.005358169,0.007565375,0.007565375,0.00466757,0.0070610233,0.0061509474,0.00466757,0.0065902947,0.007565375,0.0070610233,0.005000963,0.007565375,0.0070610233,0.007565375,0.007565375,0.0057408903,0.007565375,0.0070610233,0.00466757,0.00466757,0.0065902947,0.0065902947,0.0057408903,0.0065902947,0.0070610233,0.0057408903,0.005358169,0.005000963,0.00466757,0.0065902947,0.005358169,0.0057408903,0.0065902947,0.0057408903,0.00466757,0.0070610233,0.005358169,0.007565375,0.007565375,0.007565375,0.00466757,0.00466757,0.005358169,0.007565375,0.007565375,0.0061509474,0.00466757,0.0070610233,0.007565375,0.007565375,0.0070610233,1,3
0.006550112,0.00701797,0.0075192465,0.0075192465,0.00463911,0.00701797,0.006550112,0.006550112,0.00701797,0.0053254985,0.0075192465,0.006550112,0.00463911,0.00463911,0.00463911,0.0075192465,0.0061134435,0.0053254985,0.0075192465,0.0057058865,0.0075192465,0.006550112,0.00463911,0.0049704704,0.00463911,0.0075192465,0.0053254985,0.0049704704,0.00463911,0.00701797,0.0075192465,0.0057058865,0.0075192465,0.0057058865,0.00463911,0.0075192465,0.0057058865,0.0061134435,0.00463911,0.0075192465,0.0049704704,0.0075192465,0.0075192465,0.0075192465,0.00463911,0.00701797,0.0057058865,0.006550112,0.0075192465,0.0075192465,0.0075192465,0.0075192465,0.0061134435,0.0075192465,0.0057058865,0.0075192465,0.0061134435,0.0075192465,0.0075192465,0.0075192465,0.0075192465,0.0049704704,0.00463911,0.0049704704,0.0075192465,0.0061134435,0.0061134435,0.0049704704,0.0057058865,0.0061134435,0.006550112,0.0075192465,0.00463911,0.0049704704,0.00463911,0.0075192465,0.0053254985,0.0049704704,0.0053254985,0.006550112,0.0075192465,0.0049704704,0.00463911,0.00463911,0.00463911,0.00701797,0.0061134435,0.0075192465,0.0057058865,0.0075192465,0.0075192465,0.006550112,0.0075192465,0.00463911,0.0075192465,0.0075192465,0.0075192465,0.00463911,0.00463911,0.00463911,0.0057058865,0.006550112,0.00701797,0.0061134435,0.00701797,0.00463911,0.0053254985,0.0053254985,0.00463911,0.00701797,0.00701797,0.0075192465,0.00463911,0.00701797,0.0057058865,0.0049704704,0.006550112,0.00701797,0.006550112,0.0061134435,0.0075192465,0.00701797,0.0075192465,0.0075192465,0.0075192465,0.0075192465,0.00701797,0.0053254985,0.0061134435,0.0061134435,0.0075192465,0.0053254985,0.0061134435,0.0061134435,0.0075192465,0.0075192465,0.0049704704,0.00463911,0.0057058865,0.0053254985,0.00701797,0.006550112,0.0049704704,0.00463911,0.0053254985,0.0075192465,0.0075192465,0.0075192465,0.0075192465,0.00463911,0.0061134435,0.0053254985,0.006550112,0.006550112,0.0075192465,0.0057058865,0.0057058865,0.0061134435,0.0053254985,0.006550112,2,0
0.0070708063,0.0075758565,0.0075758565,0.0075758565,0.0053655924,0.0065994253,0.0075758565,0.0065994253,0.0075758565,0.0070708063,0.0061594695,0.0061594695,0.0046740365,0.0046740365,0.0046740365,0.0061594695,0.0070708063,0.0065994253,0.0075758565,0.0061594695,0.0070708063,0.0070708063,0.0061594695,0.0061594695,0.0046740365,0.0046740365,0.0053655924,0.0061594695,0.0070708063,0.0046740365,0.0046740365,0.0061594695,0.0075758565,0.0065994253,0.0046740365,0.0070708063,0.0061594695,0.0057488442,0.0046740365,0.0070708063,0.0046740365,0.0075758565,0.0075758565,0.0075758565,0.0070708063,0.0075758565,0.0065994253,0.0075758565,0.0075758565,0.0065994253,0.0053655924,0.0075758565,0.0075758565,0.0075758565,0.0046740365,0.0075758565,0.0065994253,0.0075758565,0.0075758565,0.0057488442,0.0046740365,0.0065994253,0.0050078915,0.0050078915,0.0053655924,0.0050078915,0.0061594695,0.0046740365,0.0053655924,0.0050078915,0.0053655924,0.0075758565,0.0046740365,0.0046740365,0.0046740365,0.0075758565,0.0061594695,0.0075758565,0.0075758565,0.0075758565,0.0075758565,0.0053655924,0.0046740365,0.0046740365,0.0057488442,0.0046740365,0.0075758565,0.0075758565,0.0057488442,0.0046740365,0.0075758565,0.0065994253,0.0075758565,0.0046740365,0.0075758565,0.0075758565,0.0075758565,0.0046740365,0.0061594695,0.0046740365,0.0053655924,0.0070708063,0.0065994253,0.0053655924,0.0046740365,0.0046740365,0.0057488442,0.0061594695,0.0046740365,0.0050078915,0.0070708063,0.0075758565,0.0053655924,0.0075758565,0.0065994253,0.0046740365,0.0070708063,0.0075758565,0.0075758565,0.0061594695,0.0075758565,0.0065994253,0.0075758565,0.0075758565,0.0070708063,0.0075758565,0.0065994253,0.0046740365,0.0046740365,0.0061594695,0.0057488442,0.0053655924,0.0065994253,0.0070708063,0.0050078915,0.0057488442,0.0050078915,0.0046740365,0.0061594695,0.0053655924,0.0061594695,0.0061594695,0.0053655924,0.0046740365,0.0065994253,0.0050078915,0.0075758565,0.0075758565,0.0075758565,0.0046740365,0.0046740365,0.0053655924,0.0075758565,0.0075758565,0.0065994253,0.0046740365,0.0070708063,0.0075758565,0.0075758565,0.0070708063,1,1
0.005403229,0.0050430186,0.0076289964,0.0076289964,0.004706822,0.0066457163,0.0076289964,0.0071204035,0.0076289964,0.0057891686,0.0076289964,0.0066457163,0.004706822,0.004706822,0.004706822,0.0071204035,0.0071204035,0.0062026745,0.0076289964,0.004706822,0.0071204035,0.0071204035,0.005403229,0.0057891686,0.004706822,0.0050430186,0.0066457163,0.0057891686,0.0062026745,0.0050430186,0.0057891686,0.0057891686,0.0076289964,0.0071204035,0.004706822,0.0057891686,0.0062026745,0.0062026745,0.004706822,0.0071204035,0.004706822,0.0076289964,0.0076289964,0.0076289964,0.0066457163,0.0062026745,0.0057891686,0.0076289964,0.0076289964,0.005403229,0.005403229,0.0071204035,0.0076289964,0.0076289964,0.004706822,0.0076289964,0.0066457163,0.0076289964,0.0076289964,0.0057891686,0.0050430186,0.0057891686,0.0057891686,0.0062026745,0.004706822,0.0062026745,0.0062026745,0.005403229,0.0057891686,0.0062026745,0.0076289964,0.0076289964,0.0062026745,0.004706822,0.004706822,0.0076289964,0.0062026745,0.0076289964,0.0076289964,0.0076289964,0.0076289964,0.0050430186,0.004706822,0.004706822,0.005403229,0.0050430186,0.0071204035,0.0076289964,0.0057891686,0.0076289964,0.0076289964,0.0066457163,0.0076289964,0.004706822,0.0076289964,0.0071204035,0.0076289964,0.004706822,0.0062026745,0.004706822,0.005403229,0.0076289964,0.0062026745,0.0050430186,0.0062026745,0.004706822,0.0062026745,0.0062026745,0.004706822,0.004706822,0.0066457163,0.0076289964,0.004706822,0.0071204035,0.0066457163,0.004706822,0.0066457163,0.0076289964,0.0076289964,0.0071204035,0.0066457163,0.0066457163,0.0076289964,0.0076289964,0.005403229,0.0076289964,0.0066457163,0.0050430186,0.0062026745,0.0076289964,0.005403229,0.0062026745,0.0062026745,0.0071204035,0.004706822,0.0066457163,0.005403229,0.004706822,0.0062026745,0.0062026745,0.0050430186,0.0071204035,0.004706822,0.004706822,0.0071204035,0.0050430186,0.0076289964,0.0057891686,0.0057891686,0.004706822,0.0076289964,0.005403229,0.0071204035,0.004706822,0.0076289964,0.004706822,0.0062026745,0.0071204035,0.0057891686,0.005403229,2,2
0.0053939126,0.0053939126,0.0076158424,0.0076158424,0.0046987063,0.0053939126,0.0076158424,0.0066342577,0.0071081263,0.0076158424,0.0061919796,0.0057791867,0.0046987063,0.0046987063,0.0066342577,0.0066342577,0.0066342577,0.0050343233,0.0076158424,0.0050343233,0.0066342577,0.0071081263,0.0053939126,0.0053939126,0.0053939126,0.0076158424,0.0053939126,0.0050343233,0.0066342577,0.0076158424,0.0046987063,0.0050343233,0.0071081263,0.0071081263,0.0046987063,0.0071081263,0.0053939126,0.0061919796,0.0046987063,0.0076158424,0.0046987063,0.0071081263,0.0076158424,0.0057791867,0.0076158424,0.0076158424,0.0066342577,0.0076158424,0.0076158424,0.0071081263,0.0053939126,0.0061919796,0.0076158424,0.0076158424,0.0053939126,0.0076158424,0.0066342577,0.0076158424,0.0066342577,0.0061919796,0.0076158424,0.0057791867,0.0046987063,0.0046987063,0.0076158424,0.0050343233,0.0057791867,0.0050343233,0.0053939126,0.0061919796,0.0057791867,0.0071081263,0.0050343233,0.0050343233,0.0046987063,0.0076158424,0.0061919796,0.0076158424,0.0076158424,0.0071081263,0.0061919796,0.0046987063,0.0046987063,0.0046987063,0.0066342577,0.0061919796,0.0066342577,0.0076158424,0.0050343233,0.0066342577,0.0071081263,0.0066342577,0.0076158424,0.0046987063,0.0076158424,0.0046987063,0.0057791867,0.0057791867,0.0066342577,0.0046987063,0.0071081263,0.0076158424,0.0061919796,0.0046987063,0.0066342577,0.0046987063,0.0057791867,0.0057791867,0.0046987063,0.0057791867,0.0076158424,0.0053939126,0.0046987063,0.0076158424,0.0061919796,0.0053939126,0.0066342577,0.0076158424,0.0076158424,0.0050343233,0.0076158424,0.0071081263,0.0076158424,0.0076158424,0.0053939126,0.0071081263,0.0066342577,0.0057791867,0.0066342577,0.0071081263,0.0066342577,0.0053939126,0.0066342577,0.0071081263,0.0066342577,0.0066342577,0.0053939126,0.0046987063,0.0061919796,0.0061919796,0.0071081263,0.0066342577,0.0053939126,0.0050343233,0.0057791867,0.0050343233,0.0076158424,0.0076158424,0.0076158424,0.0050343233,0.0061919796,0.0061919796,0.0066342577,0.0071081263,0.0050343233,0.0076158424,0.0053939126,0.0057791867,0.0053939126,0.0046987063,2,1
0.005269899,0.0060496177,0.004918577,0.004918577,0.007972217,0.007972217,0.0060496177,0.004918577,0.004918577,0.007972217,0.007440743,0.0069447,0.005269899,0.005269899,0.006481726,0.0069447,0.007440743,0.004918577,0.004918577,0.005269899,0.0060496177,0.007440743,0.005269899,0.004918577,0.0069447,0.0069447,0.0056463145,0.0060496177,0.004918577,0.007972217,0.007972217,0.0056463145,0.004918577,0.0069447,0.007972217,0.0060496177,0.0056463145,0.0069447,0.0060496177,0.007440743,0.004918577,0.0060496177,0.007972217,0.0069447,0.007972217,0.0060496177,0.0060496177,0.004918577,0.004918577,0.007440743,0.007972217,0.0069447,0.005269899,0.004918577,0.007972217,0.004918577,0.006481726,0.005269899,0.004918577,0.0060496177,0.007972217,0.0060496177,0.006481726,0.004918577,0.007972217,0.005269899,0.0060496177,0.0060496177,0.005269899,0.006481726,0.0069447,0.007972217,0.0056463145,0.0056463145,0.005269899,0.007972217,0.006481726,0.004918577,0.0056463145,0.004918577,0.005269899,0.007440743,0.0056463145,0.004918577,0.007972217,0.004918577,0.004918577,0.005269899,0.0069447,0.0060496177,0.0060496177,0.0069447,0.004918577,0.007972217,0.007972217,0.0069447,0.004918577,0.0056463145,0.0056463145,0.007972217,0.007972217,0.007440743,0.0056463145,0.004918577,0.007440743,0.007972217,0.0069447,0.006481726,0.004918577,0.007972217,0.007972217,0.007972217,0.006481726,0.005269899,0.0069447,0.007972217,0.0069447,0.004918577,0.0056463145,0.004918577,0.0056463145,0.0056463145,0.004918577,0.004918577,0.0056463145,0.0056463145,0.006481726,0.0060496177,0.007972217,0.0060496177,0.007440743,0.0056463145,0.0069447,0.0060496177,0.007440743,0.0069447,0.0060496177,0.007972217,0.004918577,0.007972217,0.004918577,0.0060496177,0.0069447,0.005269899,0.0056463145,0.0069447,0.007972217,0.004918577,0.004918577,0.005269899,0.006481726,0.0056463145,0.004918577,0.005269899,0.007972217,0.007972217,0.006481726,0.004918577,0.0056463145,0.004918577,4,4
0.0070203487,0.007521795,0.007521795,0.007521795,0.0046406826,0.0070203487,0.007521795,0.0065523316,0.007521795,0.0046406826,0.0070203487,0.0061155157,0.0046406826,0.0046406826,0.0046406826,0.0061155157,0.0061155157,0.0061155157,0.007521795,0.0057078204,0.0070203487,0.0070203487,0.0057078204,0.0057078204,0.0046406826,0.0057078204,0.0053273034,0.0061155157,0.0057078204,0.0046406826,0.0061155157,0.0057078204,0.007521795,0.0061155157,0.0046406826,0.0070203487,0.0053273034,0.0057078204,0.0046406826,0.0070203487,0.0046406826,0.007521795,0.007521795,0.007521795,0.007521795,0.007521795,0.0065523316,0.007521795,0.007521795,0.0070203487,0.0053273034,0.007521795,0.0070203487,0.007521795,0.0053273034,0.007521795,0.0065523316,0.007521795,0.007521795,0.0057078204,0.0065523316,0.004972155,0.0046406826,0.0046406826,0.007521795,0.0061155157,0.0061155157,0.004972155,0.0057078204,0.0061155157,0.0065523316,0.007521795,0.0046406826,0.0053273034,0.0046406826,0.007521795,0.0053273034,0.007521795,0.007521795,0.0070203487,0.007521795,0.004972155,0.0046406826,0.0046406826,0.0046406826,0.0065523316,0.0070203487,0.007521795,0.0057078204,0.007521795,0.007521795,0.0065523316,0.007521795,0.0046406826,0.007521795,0.0070203487,0.007521795,0.0053273034,0.0061155157,0.0046406826,0.0053273034,0.0061155157,0.0061155157,0.0057078204,0.0065523316,0.0046406826,0.0061155157,0.0061155157,0.0046406826,0.004972155,0.0070203487,0.007521795,0.0053273034,0.0065523316,0.0070203487,0.004972155,0.0065523316,0.007521795,0.007521795,0.0053273034,0.007521795,0.0070203487,0.007521795,0.007521795,0.0070203487,0.0070203487,0.0061155157,0.004972155,0.004972155,0.0061155157,0.007521795,0.0053273034,0.0061155157,0.0061155157,0.0053273034,0.0061155157,0.004972155,0.004972155,0.0070203487,0.0053273034,0.0057078204,0.0065523316,0.0057078204,0.0046406826,0.0061155157,0.0065523316,0.007521795,0.007521795,0.007521795,0.0046406826,0.004972155,0.0053273034,0.007521795,0.007521795,0.0061155157,0.0046406826,0.0070203487,0.0065523316,0.0065523316,0.0070203487,1,3
0.006947037,0.006051653,0.006947037,0.007974899,0.0049202316,0.005271672,0.006051653,0.0074432464,0.007974899,0.007974899,0.0056482144,0.005271672,0.006051653,0.006947037,0.0074432464,0.0049202316,0.0074432464,0.006483907,0.007974899,0.0049202316,0.0056482144,0.0074432464,0.006483907,0.006483907,0.0049202316,0.0049202316,0.0056482144,0.006483907,0.006051653,0.0049202316,0.0049202316,0.006483907,0.007974899,0.006947037,0.0049202316,0.0056482144,0.0056482144,0.0049202316,0.0056482144,0.006051653,0.0049202316,0.006947037,0.006947037,0.0056482144,0.007974899,0.0049202316,0.005271672,0.0074432464,0.006483907,0.006947037,0.0056482144,0.005271672,0.006947037,0.005271672,0.0056482144,0.0049202316,0.005271672,0.006483907,0.0056482144,0.006483907,0.0056482144,0.005271672,0.0074432464,0.006051653,0.006051653,0.005271672,0.006483907,0.0049202316,0.005271672,0.006051653,0.0049202316,0.0049202316,0.0056482144,0.005271672,0.007974899,0.0049202316,0.005271672,0.007974899,0.0056482144,0.0049202316,0.0074432464,0.006947037,0.007974899,0.007974899,0.007974899,0.0049202316,0.0049202316,0.0074432464,0.007974899,0.0049202316,0.006483907,0.006947037,0.006947037,0.0049202316,0.007974899,0.0049202316,0.0049202316,0.0056482144,0.007974899,0.007974899,0.006051653,0.007974899,0.006051653,0.005271672,0.006051653,0.0049202316,0.006051653,0.006947037,0.005271672,0.007974899,0.005271672,0.0056482144,0.0074432464,0.0074432464,0.006483907,0.0056482144,0.006483907,0.007974899,0.006051653,0.0049202316,0.0056482144,0.005271672,0.007974899,0.007974899,0.006051653,0.0049202316,0.007974899,0.006947037,0.007974899,0.0074432464,0.0049202316,0.0056482144,0.0074432464,0.0074432464,0.005271672,0.0056482144,0.005271672,0.0049202316,0.006947037,0.0056482144,0.0049202316,0.005271672,0.0074432464,0.0056482144,0.006483907,0.0056482144,0.007974899,0.007974899,0.007974899,0.007974899,0.006483907,0.0056482144,0.006947037,0.0074432464,0.0049202316,0.005271672,0.0049202316,0.006483907,0.006947037,0.005271672,3,2
0.004942959,0.0065138573,0.004942959,0.004942959,0.0074776285,0.0065138573,0.004942959,0.004942959,0.004942959,0.008011737,0.008011737,0.0069791265,0.004942959,0.0052960226,0.0074776285,0.0052960226,0.0065138573,0.0065138573,0.004942959,0.0065138573,0.0056743044,0.0074776285,0.0056743044,0.004942959,0.008011737,0.008011737,0.0065138573,0.0052960226,0.004942959,0.008011737,0.008011737,0.0056743044,0.004942959,0.0065138573,0.008011737,0.0060796067,0.0056743044,0.0074776285,0.0056743044,0.0074776285,0.0052960226,0.0065138573,0.0056743044,0.0052960226,0.0074776285,0.008011737,0.0065138573,0.004942959,0.004942959,0.0065138573,0.0074776285,0.0060796067,0.004942959,0.004942959,0.008011737,0.004942959,0.0065138573,0.004942959,0.004942959,0.004942959,0.008011737,0.0060796067,0.0052960226,0.0052960226,0.008011737,0.0065138573,0.0074776285,0.0060796067,0.004942959,0.004942959,0.0056743044,0.008011737,0.004942959,0.0052960226,0.0065138573,0.008011737,0.0065138573,0.004942959,0.004942959,0.004942959,0.0052960226,0.008011737,0.008011737,0.004942959,0.008011737,0.004942959,0.004942959,0.0052960226,0.0069791265,0.0060796067,0.0060796067,0.0069791265,0.004942959,0.008011737,0.008011737,0.0069791265,0.004942959,0.0060796067,0.004942959,0.008011737,0.008011737,0.0074776285,0.0052960226,0.004942959,0.0074776285,0.008011737,0.008011737,0.004942959,0.004942959,0.008011737,0.008011737,0.008011737,0.0065138573,0.004942959,0.0069791265,0.0074776285,0.0065138573,0.004942959,0.0052960226,0.004942959,0.0069791265,0.0065138573,0.0052960226,0.004942959,0.004942959,0.0065138573,0.0065138573,0.004942959,0.004942959,0.0056743044,0.0074776285,0.0056743044,0.0069791265,0.0065138573,0.0074776285,0.0069791265,0.0052960226,0.0065138573,0.0060796067,0.008011737,0.0069791265,0.0065138573,0.0056743044,0.004942959,0.0056743044,0.0060796067,0.008011737,0.004942959,0.004942959,0.008011737,0.0069791265,0.0056743044,0.004942959,0.0060796067,0.008011737,0.008011737,0.0065138573,0.004942959,0.004942959,0.0074776285,9,1
0.0048344773,0.005179792,0.006825957,0.007835905,0.0048344773,0.0055497717,0.007835905,0.006825957,0.0073135183,0.007835905,0.0055497717,0.0055497717,0.0063708993,0.0048344773,0.007835905,0.0073135183,0.0048344773,0.005179792,0.007835905,0.0055497717,0.0055497717,0.0063708993,0.0055497717,0.0048344773,0.0048344773,0.007835905,0.0055497717,0.0055497717,0.0055497717,0.005946179,0.006825957,0.005179792,0.0063708993,0.0073135183,0.006825957,0.0055497717,0.005179792,0.007835905,0.0048344773,0.0055497717,0.0048344773,0.0063708993,0.007835905,0.005946179,0.007835905,0.005946179,0.005179792,0.007835905,0.007835905,0.006825957,0.0055497717,0.005179792,0.007835905,0.0048344773,0.0055497717,0.005179792,0.0048344773,0.007835905,0.005946179,0.0063708993,0.0063708993,0.005946179,0.0073135183,0.005179792,0.007835905,0.0063708993,0.005946179,0.0048344773,0.0063708993,0.006825957,0.0048344773,0.005179792,0.0055497717,0.0055497717,0.006825957,0.0048344773,0.005179792,0.005946179,0.0055497717,0.0048344773,0.0048344773,0.0073135183,0.007835905,0.007835905,0.007835905,0.0048344773,0.0063708993,0.007835905,0.006825957,0.0055497717,0.0063708993,0.006825957,0.007835905,0.0048344773,0.007835905,0.0048344773,0.0048344773,0.007835905,0.0063708993,0.006825957,0.0073135183,0.0063708993,0.006825957,0.0048344773,0.006825957,0.0048344773,0.0055497717,0.007835905,0.0048344773,0.007835905,0.0063708993,0.0073135183,0.005946179,0.006825957,0.005946179,0.005946179,0.005946179,0.007835905,0.0048344773,0.0048344773,0.006825957,0.005946179,0.007835905,0.007835905,0.005179792,0.0055497717,0.007835905,0.006825957,0.007835905,0.006825957,0.006825957,0.0055497717,0.0073135183,0.0073135183,0.0055497717,0.006825957,0.005179792,0.0048344773,0.0073135183,0.0063708993,0.005946179,0.0055497717,0.0063708993,0.005179792,0.0055497717,0.005179792,0.007835905,0.007835905,0.007835905,0.007835905,0.005179792,0.0055497717,0.0073135183,0.007835905,0.0048344773,0.0063708993,0.005946179,0.005946179,0.0055497717,0.0048344773,3,2
0.0049768356,0.0053323186,0.0061212727,0.008066645,0.0049768356,0.0057131927,0.0065584998,0.0070269573,0.008066645,0.008066645,0.0057131927,0.0053323186,0.0049768356,0.008066645,0.0065584998,0.0053323186,0.0065584998,0.0053323186,0.008066645,0.0049768356,0.0049768356,0.0061212727,0.0061212727,0.0061212727,0.0049768356,0.0070269573,0.0057131927,0.0065584998,0.0061212727,0.0070269573,0.0070269573,0.0065584998,0.0053323186,0.007528876,0.008066645,0.0057131927,0.0065584998,0.0049768356,0.008066645,0.0057131927,0.0049768356,0.0070269573,0.007528876,0.0057131927,0.008066645,0.0057131927,0.0061212727,0.0049768356,0.008066645,0.0057131927,0.0065584998,0.0061212727,0.0053323186,0.008066645,0.0057131927,0.0049768356,0.0061212727,0.0049768356,0.0070269573,0.0049768356,0.008066645,0.0061212727,0.0049768356,0.0065584998,0.0049768356,0.0065584998,0.0065584998,0.0049768356,0.008066645,0.0057131927,0.0049768356,0.0061212727,0.0049768356,0.0057131927,0.007528876,0.0049768356,0.0053323186,0.0049768356,0.008066645,0.0049768356,0.0049768356,0.0061212727,0.008066645,0.008066645,0.008066645,0.0049768356,0.0053323186,0.0061212727,0.0070269573,0.0070269573,0.0061212727,0.0061212727,0.0049768356,0.008066645,0.0049768356,0.0049768356,0.0049768356,0.0049768356,0.007528876,0.0065584998,0.0070269573,0.0065584998,0.0049768356,0.0049768356,0.0065584998,0.0049768356,0.0057131927,0.0049768356,0.008066645,0.0065584998,0.0053323186,0.0061212727,0.0065584998,0.008066645,0.0070269573,0.0061212727,0.0065584998,0.0049768356,0.0061212727,0.0049768356,0.0049768356,0.0053323186,0.0053323186,0.008066645,0.0053323186,0.0049768356,0.008066645,0.0070269573,0.008066645,0.0070269573,0.0061212727,0.0065584998,0.007528876,0.007528876,0.0053323186,0.0065584998,0.0053323186,0.0049768356,0.0065584998,0.0057131927,0.0057131927,0.0061212727,0.007528876,0.0070269573,0.0057131927,0.0053323186,0.008066645,0.008066645,0.008066645,0.008066645,0.0065584998,0.0057131927,0.0070269573,0.007528876,0.0049768356,0.0061212727,0.0057131927,0.0061212727,0.0057131927,0.0049768356,3,3
0.0055887876,0.007890993,0.0048684645,0.0048684645,0.006415688,0.0059879813,0.006873945,0.0048684645,0.0055887876,0.007890993,0.007364934,0.0059879813,0.0048684645,0.007364934,0.007890993,0.005216207,0.0059879813,0.0048684645,0.0048684645,0.006415688,0.006415688,0.007364934,0.0048684645,0.0048684645,0.0055887876,0.007890993,0.0055887876,0.0059879813,0.0055887876,0.007890993,0.006873945,0.0048684645,0.0048684645,0.007364934,0.007890993,0.006873945,0.006415688,0.0055887876,0.006415688,0.007890993,0.0048684645,0.0059879813,0.007890993,0.0059879813,0.007890993,0.007890993,0.006873945,0.0059879813,0.0048684645,0.006415688,0.007364934,0.0059879813,0.006873945,0.0059879813,0.007890993,0.0048684645,0.006415688,0.005216207,0.0048684645,0.0048684645,0.007890993,0.0059879813,0.0059879813,0.0048684645,0.007364934,0.0055887876,0.006873945,0.0059879813,0.007364934,0.0048684645,0.006873945,0.006873945,0.0055887876,0.0055887876,0.007364934,0.007364934,0.006415688,0.0048684645,0.0059879813,0.0048684645,0.0055887876,0.006873945,0.005216207,0.0048684645,0.007364934,0.0048684645,0.0048684645,0.005216207,0.006415688,0.0059879813,0.0059879813,0.006873945,0.0048684645,0.007890993,0.007890993,0.006873945,0.0048684645,0.006873945,0.0048684645,0.007890993,0.007890993,0.007364934,0.005216207,0.0048684645,0.007364934,0.007890993,0.007890993,0.0048684645,0.0048684645,0.007890993,0.007890993,0.007890993,0.0059879813,0.0048684645,0.006873945,0.007364934,0.006873945,0.0048684645,0.0055887876,0.0048684645,0.005216207,0.005216207,0.0048684645,0.0048684645,0.006415688,0.0048684645,0.007890993,0.0048684645,0.0048684645,0.006415688,0.007364934,0.0055887876,0.0059879813,0.005216207,0.0059879813,0.006873945,0.0059879813,0.007890993,0.006415688,0.006415688,0.006415688,0.006415688,0.0059879813,0.007364934,0.0055887876,0.006873945,0.007890993,0.007890993,0.007890993,0.007890993,0.0059879813,0.0055887876,0.0048684645,0.006873945,0.007890993,0.007890993,0.006415688,0.0048684645,0.0055887876,0.0048684645,1,4
0.0047930568,0.0051354133,0.0058952337,0.0077687693,0.0047930568,0.005502223,0.0077687693,0.006767474,0.0077687693,0.0077687693,0.0063163154,0.0063163154,0.0047930568,0.0077687693,0.0077687693,0.0077687693,0.006767474,0.005502223,0.0077687693,0.0051354133,0.0077687693,0.0072508585,0.0051354133,0.0047930568,0.0047930568,0.0072508585,0.005502223,0.0058952337,0.0051354133,0.005502223,0.0063163154,0.0058952337,0.005502223,0.0072508585,0.0077687693,0.005502223,0.0063163154,0.0047930568,0.0058952337,0.005502223,0.0051354133,0.006767474,0.0077687693,0.0058952337,0.0077687693,0.0063163154,0.0063163154,0.0072508585,0.0077687693,0.0058952337,0.0072508585,0.0058952337,0.0051354133,0.0051354133,0.005502223,0.005502223,0.0058952337,0.0047930568,0.005502223,0.0051354133,0.0077687693,0.0063163154,0.005502223,0.0051354133,0.0063163154,0.005502223,0.0058952337,0.0047930568,0.0077687693,0.0063163154,0.0058952337,0.0058952337,0.005502223,0.005502223,0.0077687693,0.006767474,0.0051354133,0.006767474,0.0063163154,0.005502223,0.0047930568,0.0072508585,0.0077687693,0.0077687693,0.006767474,0.0047930568,0.0051354133,0.0063163154,0.0063163154,0.0058952337,0.0058952337,0.006767474,0.0047930568,0.0077687693,0.006767474,0.0047930568,0.0047930568,0.006767474,0.0063163154,0.0072508585,0.0077687693,0.0072508585,0.005502223,0.0047930568,0.006767474,0.0063163154,0.005502223,0.0047930568,0.0077687693,0.0077687693,0.0072508585,0.0077687693,0.0058952337,0.0077687693,0.0058952337,0.0058952337,0.0063163154,0.005502223,0.0051354133,0.0047930568,0.0047930568,0.0051354133,0.0063163154,0.0077687693,0.0047930568,0.005502223,0.0077687693,0.006767474,0.0077687693,0.006767474,0.0063163154,0.0063163154,0.0072508585,0.0072508585,0.0058952337,0.0072508585,0.0058952337,0.0051354133,0.0072508585,0.005502223,0.0072508585,0.0058952337,0.0063163154,0.005502223,0.005502223,0.0058952337,0.0077687693,0.0077687693,0.0077687693,0.006767474,0.0063163154,0.005502223,0.0063163154,0.006767474,0.005502223,0.0077687693,0.0058952337,0.0051354133,0.0063163154,0.0047930568,3,3
0.007041095,0.007544023,0.007544023,0.007544023,0.0057246876,0.0061335876,0.007544023,0.007041095,0.007544023,0.007544023,0.0061335876,0.0057246876,0.0046543963,0.0046543963,0.0057246876,0.0065716947,0.007041095,0.0057246876,0.007041095,0.0057246876,0.0061335876,0.007041095,0.0061335876,0.0061335876,0.0065716947,0.0065716947,0.0053430465,0.0061335876,0.007041095,0.0065716947,0.0061335876,0.0057246876,0.007544023,0.0065716947,0.0046543963,0.0065716947,0.0061335876,0.0057246876,0.0046543963,0.007544023,0.004986848,0.0065716947,0.0065716947,0.007544023,0.0061335876,0.0061335876,0.0053430465,0.007544023,0.007544023,0.0061335876,0.0053430465,0.007544023,0.007544023,0.007544023,0.0046543963,0.007544023,0.0065716947,0.007544023,0.007544023,0.0061335876,0.0057246876,0.007041095,0.004986848,0.0053430465,0.007544023,0.0057246876,0.0061335876,0.0046543963,0.0053430465,0.007041095,0.004986848,0.007544023,0.0046543963,0.004986848,0.0046543963,0.007544023,0.0061335876,0.007544023,0.007544023,0.007041095,0.007544023,0.004986848,0.0046543963,0.0046543963,0.0046543963,0.007544023,0.007544023,0.007544023,0.0057246876,0.007544023,0.007041095,0.0065716947,0.007544023,0.0046543963,0.007544023,0.007544023,0.007544023,0.0046543963,0.0061335876,0.0046543963,0.0065716947,0.007544023,0.0061335876,0.004986848,0.0065716947,0.0046543963,0.0061335876,0.0053430465,0.0046543963,0.004986848,0.007544023,0.007041095,0.004986848,0.007041095,0.0053430465,0.0046543963,0.007041095,0.007544023,0.007041095,0.0046543963,0.007544023,0.007041095,0.007544023,0.007544023,0.0061335876,0.007544023,0.0061335876,0.0046543963,0.0046543963,0.0061335876,0.0065716947,0.0053430465,0.0065716947,0.007041095,0.0065716947,0.0057246876,0.004986848,0.0046543963,0.0061335876,0.0053430465,0.0057246876,0.0065716947,0.0057246876,0.0046543963,0.0061335876,0.0057246876,0.007544023,0.007544023,0.007544023,0.0046543963,0.0046543963,0.0053430465,0.007544023,0.007544023,0.0065716947,0.0053430465,0.0046543963,0.0061335876,0.0053430465,0.0046543963,1,3
0.004894592,0.0056187804,0.004894592,0.007933341,0.0056187804,0.0056187804,0.0052442006,0.0069108345,0.0074044587,0.007933341,0.0056187804,0.0052442006,0.004894592,0.0074044587,0.007933341,0.004894592,0.0064501185,0.0056187804,0.007933341,0.004894592,0.0052442006,0.0069108345,0.0060201166,0.0064501185,0.004894592,0.0069108345,0.0069108345,0.0064501185,0.0060201166,0.0064501185,0.0069108345,0.0064501185,0.004894592,0.0074044587,0.007933341,0.0056187804,0.0064501185,0.004894592,0.0064501185,0.0056187804,0.004894592,0.0069108345,0.0069108345,0.0060201166,0.007933341,0.004894592,0.0052442006,0.004894592,0.0074044587,0.0069108345,0.0056187804,0.0052442006,0.0064501185,0.007933341,0.0069108345,0.0056187804,0.0060201166,0.0052442006,0.0074044587,0.0069108345,0.0069108345,0.0060201166,0.0060201166,0.0069108345,0.0069108345,0.0060201166,0.0060201166,0.004894592,0.0069108345,0.0060201166,0.004894592,0.0052442006,0.0056187804,0.0056187804,0.0069108345,0.0056187804,0.0052442006,0.004894592,0.0056187804,0.0060201166,0.004894592,0.0056187804,0.007933341,0.007933341,0.0069108345,0.004894592,0.0056187804,0.0064501185,0.0069108345,0.0060201166,0.0060201166,0.0064501185,0.0056187804,0.0056187804,0.0074044587,0.0056187804,0.004894592,0.0056187804,0.0064501185,0.007933341,0.0069108345,0.0069108345,0.0052442006,0.004894592,0.0069108345,0.004894592,0.0056187804,0.004894592,0.007933341,0.0074044587,0.0069108345,0.0069108345,0.0052442006,0.0069108345,0.0069108345,0.0060201166,0.0069108345,0.0064501185,0.0064501185,0.004894592,0.0074044587,0.0056187804,0.0056187804,0.0074044587,0.007933341,0.004894592,0.007933341,0.0069108345,0.007933341,0.0074044587,0.0064501185,0.0056187804,0.0074044587,0.0074044587,0.0056187804,0.0064501185,0.004894592,0.0052442006,0.0069108345,0.0056187804,0.0060201166,0.0056187804,0.0060201166,0.0060201166,0.0074044587,0.0052442006,0.0074044587,0.007933341,0.007933341,0.007933341,0.004894592,0.0056187804,0.0074044587,0.007933341,0.004894592,0.0069108345,0.0060201166,0.0056187804,0.0060201166,0.004894592,3,3
0.0048436867,0.0051896595,0.007850832,0.007850832,0.0048436867,0.006383036,0.007850832,0.00683896,0.007850832,0.007850832,0.006383036,0.005957506,0.0048436867,0.005560344,0.007850832,0.005560344,0.00683896,0.006383036,0.007850832,0.0048436867,0.005957506,0.00683896,0.005957506,0.005560344,0.0048436867,0.0073274504,0.005560344,0.006383036,0.005560344,0.0073274504,0.00683896,0.005560344,0.0073274504,0.00683896,0.007850832,0.0051896595,0.005957506,0.00683896,0.0048436867,0.005560344,0.0048436867,0.005957506,0.007850832,0.005957506,0.007850832,0.0048436867,0.0048436867,0.007850832,0.00683896,0.005957506,0.005560344,0.0048436867,0.007850832,0.006383036,0.005560344,0.0051896595,0.0048436867,0.00683896,0.005957506,0.005957506,0.00683896,0.0051896595,0.006383036,0.0048436867,0.007850832,0.0051896595,0.005560344,0.005560344,0.0048436867,0.005957506,0.00683896,0.006383036,0.005560344,0.005560344,0.006383036,0.0051896595,0.0051896595,0.005957506,0.005957506,0.0051896595,0.0051896595,0.005560344,0.007850832,0.007850832,0.0073274504,0.0048436867,0.005957506,0.00683896,0.0073274504,0.005957506,0.00683896,0.005957506,0.00683896,0.005560344,0.007850832,0.0048436867,0.0048436867,0.007850832,0.005957506,0.0073274504,0.0073274504,0.00683896,0.0073274504,0.005957506,0.007850832,0.0048436867,0.005560344,0.0051896595,0.005560344,0.007850832,0.00683896,0.007850832,0.006383036,0.0073274504,0.006383036,0.005957506,0.00683896,0.007850832,0.005560344,0.0048436867,0.0051896595,0.0051896595,0.007850832,0.007850832,0.005560344,0.005957506,0.0073274504,0.00683896,0.007850832,0.006383036,0.005957506,0.006383036,0.0073274504,0.0073274504,0.0051896595,0.005957506,0.0051896595,0.0048436867,0.00683896,0.005560344,0.005957506,0.005957506,0.005957506,0.005560344,0.006383036,0.0051896595,0.007850832,0.007850832,0.007850832,0.0051896595,0.0048436867,0.005560344,0.00683896,0.0073274504,0.0051896595,0.005957506,0.005957506,0.005957506,0.006383036,0.0051896595,2,2
0.004960125,0.004960125,0.008039559,0.008039559,0.004960125,0.0053144144,0.0070033628,0.0070033628,0.0075035957,0.008039559,0.0056940094,0.0053144144,0.0053144144,0.004960125,0.008039559,0.0056940094,0.0056940094,0.0070033628,0.008039559,0.004960125,0.004960125,0.0061007193,0.006536478,0.006536478,0.004960125,0.0061007193,0.0056940094,0.006536478,0.0056940094,0.0056940094,0.0075035957,0.0061007193,0.006536478,0.0075035957,0.0070033628,0.0056940094,0.0056940094,0.0075035957,0.004960125,0.0056940094,0.004960125,0.0070033628,0.0075035957,0.0056940094,0.008039559,0.004960125,0.004960125,0.008039559,0.0061007193,0.006536478,0.0061007193,0.0053144144,0.008039559,0.0053144144,0.0056940094,0.004960125,0.004960125,0.008039559,0.0061007193,0.0061007193,0.0061007193,0.0061007193,0.0070033628,0.0056940094,0.008039559,0.006536478,0.0056940094,0.0056940094,0.004960125,0.0056940094,0.004960125,0.004960125,0.0056940094,0.0056940094,0.008039559,0.004960125,0.0053144144,0.006536478,0.0056940094,0.0053144144,0.0056940094,0.004960125,0.008039559,0.008039559,0.0070033628,0.004960125,0.0056940094,0.008039559,0.0070033628,0.0061007193,0.006536478,0.0053144144,0.006536478,0.004960125,0.0070033628,0.0053144144,0.0053144144,0.008039559,0.0056940094,0.0070033628,0.0061007193,0.006536478,0.0075035957,0.0053144144,0.008039559,0.004960125,0.0056940094,0.008039559,0.0053144144,0.008039559,0.004960125,0.004960125,0.006536478,0.0056940094,0.006536478,0.0061007193,0.0056940094,0.008039559,0.004960125,0.004960125,0.0056940094,0.0053144144,0.008039559,0.008039559,0.0056940094,0.004960125,0.0075035957,0.0070033628,0.008039559,0.006536478,0.006536478,0.0056940094,0.0075035957,0.0075035957,0.0053144144,0.0056940094,0.0056940094,0.004960125,0.006536478,0.0056940094,0.004960125,0.0053144144,0.0075035957,0.004960125,0.0056940094,0.0056940094,0.008039559,0.008039559,0.008039559,0.008039559,0.006536478,0.0056940094,0.0075035957,0.008039559,0.0053144144,0.0053144144,0.004960125,0.0075035957,0.0053144144,0.0056940094,2,2
0.006635853,0.007617674,0.007617674,0.007617674,0.005035534,0.0071098357,0.007617674,0.006193469,0.006635853,0.0046998365,0.0057805767,0.006193469,0.0046998365,0.0046998365,0.0046998365,0.0057805767,0.006193469,0.006635853,0.007617674,0.0057805767,0.0071098357,0.0071098357,0.006193469,0.006193469,0.0046998365,0.0046998365,0.00539521,0.006193469,0.006635853,0.0046998365,0.0046998365,0.006193469,0.007617674,0.006635853,0.0046998365,0.0071098357,0.006193469,0.0057805767,0.0046998365,0.0071098357,0.00539521,0.007617674,0.007617674,0.007617674,0.006193469,0.007617674,0.006635853,0.007617674,0.007617674,0.006635853,0.00539521,0.007617674,0.007617674,0.007617674,0.0046998365,0.007617674,0.006635853,0.007617674,0.007617674,0.0057805767,0.0046998365,0.0071098357,0.0046998365,0.0046998365,0.0057805767,0.006193469,0.006193469,0.00539521,0.006193469,0.006193469,0.0057805767,0.007617674,0.005035534,0.0046998365,0.0046998365,0.006193469,0.006193469,0.007617674,0.007617674,0.007617674,0.007617674,0.005035534,0.0046998365,0.0046998365,0.0046998365,0.006193469,0.007617674,0.007617674,0.0057805767,0.006635853,0.007617674,0.006635853,0.007617674,0.0046998365,0.007617674,0.007617674,0.007617674,0.0046998365,0.006193469,0.0046998365,0.0057805767,0.007617674,0.006635853,0.005035534,0.005035534,0.0046998365,0.006193469,0.006193469,0.0046998365,0.0046998365,0.0071098357,0.007617674,0.00539521,0.007617674,0.007617674,0.005035534,0.006635853,0.007617674,0.007617674,0.00539521,0.007617674,0.0071098357,0.007617674,0.007617674,0.0071098357,0.007617674,0.006635853,0.0046998365,0.0046998365,0.006635853,0.0046998365,0.00539521,0.005035534,0.0057805767,0.00539521,0.006193469,0.005035534,0.0046998365,0.006193469,0.00539521,0.00539521,0.0057805767,0.0057805767,0.0046998365,0.0071098357,0.006635853,0.007617674,0.007617674,0.007617674,0.0046998365,0.0046998365,0.00539521,0.007617674,0.007617674,0.006635853,0.00539521,0.006635853,0.006635853,0.0071098357,0.0046998365,1,1
0.005737136,0.006146926,0.0049976925,0.008100451,0.005737136,0.0053546657,0.0053546657,0.007560428,0.007560428,0.008100451,0.006146926,0.0053546657,0.0049976925,0.008100451,0.0065859854,0.0049976925,0.0065859854,0.0053546657,0.008100451,0.0049976925,0.0053546657,0.0065859854,0.006146926,0.0065859854,0.0049976925,0.0049976925,0.005737136,0.0065859854,0.007560428,0.0049976925,0.007560428,0.0065859854,0.005737136,0.007560428,0.008100451,0.005737136,0.0065859854,0.0049976925,0.008100451,0.005737136,0.0049976925,0.0065859854,0.0070564062,0.006146926,0.008100451,0.006146926,0.0053546657,0.006146926,0.008100451,0.0065859854,0.005737136,0.005737136,0.0053546657,0.008100451,0.006146926,0.0049976925,0.0049976925,0.0053546657,0.008100451,0.0049976925,0.005737136,0.005737136,0.006146926,0.006146926,0.0070564062,0.0053546657,0.0065859854,0.0049976925,0.008100451,0.0049976925,0.0065859854,0.0049976925,0.005737136,0.0053546657,0.008100451,0.0049976925,0.0053546657,0.0053546657,0.008100451,0.0049976925,0.0049976925,0.0049976925,0.008100451,0.008100451,0.0065859854,0.0053546657,0.0053546657,0.007560428,0.008100451,0.006146926,0.006146926,0.0049976925,0.0049976925,0.006146926,0.0065859854,0.0053546657,0.0049976925,0.006146926,0.0070564062,0.008100451,0.005737136,0.0065859854,0.0049976925,0.0065859854,0.0065859854,0.0049976925,0.006146926,0.005737136,0.0070564062,0.006146926,0.0053546657,0.005737136,0.0053546657,0.008100451,0.0070564062,0.0070564062,0.0065859854,0.0053546657,0.0065859854,0.0049976925,0.0053546657,0.0053546657,0.005737136,0.008100451,0.006146926,0.0049976925,0.008100451,0.0065859854,0.008100451,0.007560428,0.0049976925,0.005737136,0.007560428,0.007560428,0.0049976925,0.005737136,0.0049976925,0.0049976925,0.0070564062,0.005737136,0.0049976925,0.005737136,0.007560428,0.0070564062,0.0070564062,0.005737136,0.0065859854,0.008100451,0.008100451,0.008100451,0.006146926,0.005737136,0.0070564062,0.007560428,0.0049976925,0.0049976925,0.0049976925,0.005737136,0.0070564062,0.0053546657,3,3
0.006171018,0.0075900606,0.0075900606,0.0075900606,0.0050172806,0.0070840633,0.0075900606,0.0066117984,0.0075900606,0.0046828,0.0070840633,0.006171018,0.0046828,0.0046828,0.0053756526,0.0066117984,0.006171018,0.006171018,0.0075900606,0.005759623,0.0070840633,0.0070840633,0.0046828,0.0050172806,0.0046828,0.0075900606,0.0053756526,0.0050172806,0.0050172806,0.0075900606,0.006171018,0.0053756526,0.0075900606,0.0066117984,0.0046828,0.005759623,0.0053756526,0.005759623,0.0046828,0.0075900606,0.0046828,0.0075900606,0.0075900606,0.006171018,0.0075900606,0.0066117984,0.0066117984,0.0075900606,0.0075900606,0.0070840633,0.0053756526,0.0075900606,0.005759623,0.006171018,0.0046828,0.0075900606,0.0066117984,0.0075900606,0.0075900606,0.006171018,0.0070840633,0.005759623,0.0046828,0.0050172806,0.0075900606,0.0050172806,0.005759623,0.0050172806,0.005759623,0.0070840633,0.0070840633,0.0075900606,0.0046828,0.0050172806,0.0053756526,0.0075900606,0.006171018,0.0075900606,0.0075900606,0.0070840633,0.0053756526,0.0046828,0.005759623,0.0046828,0.006171018,0.0070840633,0.0070840633,0.0075900606,0.0066117984,0.0050172806,0.0070840633,0.0066117984,0.0075900606,0.0046828,0.0075900606,0.005759623,0.0075900606,0.0046828,0.006171018,0.0053756526,0.0053756526,0.006171018,0.0066117984,0.006171018,0.006171018,0.0046828,0.005759623,0.0053756526,0.0046828,0.0070840633,0.006171018,0.0075900606,0.0046828,0.005759623,0.0070840633,0.0053756526,0.0066117984,0.0066117984,0.006171018,0.005759623,0.0075900606,0.0070840633,0.0075900606,0.0075900606,0.0070840633,0.0066117984,0.0066117984,0.0053756526,0.006171018,0.006171018,0.0070840633,0.0053756526,0.005759623,0.0066117984,0.0070840633,0.0070840633,0.0053756526,0.0046828,0.006171018,0.0053756526,0.0066117984,0.0066117984,0.006171018,0.0053756526,0.0053756526,0.0070840633,0.0075900606,0.0075900606,0.0075900606,0.0046828,0.0050172806,0.006171018,0.006171018,0.0066117984,0.0046828,0.0066117984,0.006171018,0.006171018,0.005759623,0.0050172806,1,2
0.0075356495,0.0075356495,0.0075356495,0.0075356495,0.005337116,0.0065644006,0.0075356495,0.0065644006,0.0075356495,0.0046492303,0.0061267796,0.005337116,0.0046492303,0.0046492303,0.0046492303,0.0061267796,0.0061267796,0.0061267796,0.0075356495,0.0057183336,0.0070332796,0.0070332796,0.005337116,0.0057183336,0.0046492303,0.0049813134,0.005337116,0.0061267796,0.0061267796,0.0057183336,0.0065644006,0.0061267796,0.0075356495,0.0061267796,0.0046492303,0.0070332796,0.0057183336,0.0065644006,0.005337116,0.0075356495,0.0049813134,0.0075356495,0.0075356495,0.0075356495,0.0046492303,0.0075356495,0.0070332796,0.0075356495,0.0075356495,0.0070332796,0.005337116,0.0075356495,0.0075356495,0.0075356495,0.0046492303,0.0075356495,0.0065644006,0.0075356495,0.0075356495,0.0057183336,0.0065644006,0.005337116,0.0046492303,0.0049813134,0.0070332796,0.0061267796,0.0061267796,0.0049813134,0.0057183336,0.0049813134,0.0057183336,0.0075356495,0.0046492303,0.005337116,0.0046492303,0.0075356495,0.0061267796,0.0075356495,0.0075356495,0.0075356495,0.0075356495,0.0046492303,0.0046492303,0.0046492303,0.0046492303,0.0075356495,0.0075356495,0.0075356495,0.0057183336,0.0075356495,0.0075356495,0.0065644006,0.0075356495,0.0046492303,0.0075356495,0.0075356495,0.0075356495,0.005337116,0.0061267796,0.0046492303,0.0057183336,0.0075356495,0.0065644006,0.0049813134,0.0065644006,0.0046492303,0.0061267796,0.0057183336,0.0046492303,0.005337116,0.0070332796,0.0075356495,0.0057183336,0.0075356495,0.0065644006,0.0046492303,0.0065644006,0.0075356495,0.0075356495,0.005337116,0.0075356495,0.0057183336,0.0075356495,0.0075356495,0.0065644006,0.0070332796,0.0057183336,0.0046492303,0.0049813134,0.0065644006,0.0065644006,0.005337116,0.0061267796,0.0070332796,0.0065644006,0.0065644006,0.0049813134,0.0046492303,0.0065644006,0.005337116,0.005337116,0.0065644006,0.0057183336,0.0046492303,0.0065644006,0.0057183336,0.0075356495,0.0075356495,0.0075356495,0.0046492303,0.0046492303,0.005337116,0.0075356495,0.0075356495,0.0065644006,0.0049813134,0.0057183336,0.0065644006,0.0065644006,0.0046492303,0,3
0.004901902,0.0052520325,0.006921156,0.007945189,0.004901902,0.0064597516,0.007945189,0.006921156,0.007945189,0.007945189,0.005627172,0.0052520325,0.004901902,0.007945189,0.006921156,0.004901902,0.0064597516,0.006921156,0.007945189,0.005627172,0.0074155172,0.0074155172,0.0064597516,0.0064597516,0.004901902,0.005627172,0.005627172,0.0064597516,0.0052520325,0.0064597516,0.007945189,0.0060291076,0.0060291076,0.006921156,0.007945189,0.005627172,0.0064597516,0.004901902,0.0064597516,0.005627172,0.0052520325,0.0064597516,0.007945189,0.0060291076,0.007945189,0.004901902,0.0052520325,0.0064597516,0.0064597516,0.006921156,0.0060291076,0.005627172,0.0064597516,0.0060291076,0.005627172,0.004901902,0.004901902,0.006921156,0.0064597516,0.005627172,0.004901902,0.006921156,0.005627172,0.005627172,0.005627172,0.0052520325,0.0060291076,0.0052520325,0.0074155172,0.0060291076,0.006921156,0.007945189,0.005627172,0.005627172,0.005627172,0.004901902,0.0052520325,0.0060291076,0.005627172,0.004901902,0.005627172,0.005627172,0.007945189,0.007945189,0.007945189,0.004901902,0.004901902,0.006921156,0.007945189,0.0060291076,0.006921156,0.004901902,0.005627172,0.005627172,0.0064597516,0.004901902,0.004901902,0.006921156,0.0074155172,0.0074155172,0.006921156,0.0064597516,0.0074155172,0.004901902,0.007945189,0.004901902,0.005627172,0.0074155172,0.006921156,0.006921156,0.0052520325,0.004901902,0.0074155172,0.005627172,0.0064597516,0.0064597516,0.005627172,0.007945189,0.0052520325,0.004901902,0.004901902,0.0052520325,0.007945189,0.007945189,0.0060291076,0.0060291076,0.0074155172,0.0064597516,0.007945189,0.006921156,0.0064597516,0.005627172,0.0074155172,0.0074155172,0.005627172,0.005627172,0.005627172,0.0060291076,0.007945189,0.005627172,0.005627172,0.005627172,0.0060291076,0.0060291076,0.006921156,0.0052520325,0.007945189,0.007945189,0.007945189,0.004901902,0.004901902,0.005627172,0.006921156,0.0074155172,0.004901902,0.0060291076,0.0060291076,0.0060291076,0.0052520325,0.0052520325,3,2
0.006128537,0.007035297,0.007537811,0.007537811,0.004650564,0.006128537,0.007537811,0.0065662833,0.007537811,0.006128537,0.007537811,0.006128537,0.004650564,0.004650564,0.007537811,0.007537811,0.006128537,0.005338647,0.007537811,0.0057199737,0.007537811,0.007035297,0.004650564,0.004650564,0.004650564,0.007537811,0.005338647,0.004982742,0.004650564,0.007537811,0.0057199737,0.005338647,0.007537811,0.007035297,0.004650564,0.0057199737,0.006128537,0.006128537,0.004982742,0.007035297,0.004650564,0.006128537,0.007537811,0.0065662833,0.007537811,0.006128537,0.0057199737,0.007537811,0.007537811,0.007035297,0.005338647,0.0065662833,0.0057199737,0.007035297,0.004650564,0.007537811,0.0065662833,0.007537811,0.007537811,0.0057199737,0.007537811,0.0057199737,0.004650564,0.004650564,0.007537811,0.004982742,0.0057199737,0.005338647,0.006128537,0.007035297,0.007537811,0.007537811,0.005338647,0.005338647,0.004650564,0.007537811,0.0057199737,0.007537811,0.007537811,0.0057199737,0.004650564,0.005338647,0.007537811,0.007035297,0.007035297,0.004650564,0.005338647,0.007537811,0.006128537,0.005338647,0.006128537,0.0065662833,0.007537811,0.004650564,0.007537811,0.004650564,0.004650564,0.004650564,0.0065662833,0.006128537,0.007035297,0.007035297,0.007035297,0.006128537,0.006128537,0.006128537,0.005338647,0.004982742,0.004650564,0.007537811,0.007035297,0.007537811,0.004650564,0.0065662833,0.007035297,0.0065662833,0.0065662833,0.007537811,0.006128537,0.004650564,0.006128537,0.006128537,0.007537811,0.007537811,0.007035297,0.006128537,0.0065662833,0.006128537,0.007537811,0.006128537,0.007035297,0.005338647,0.0065662833,0.007035297,0.0065662833,0.007537811,0.006128537,0.004650564,0.0057199737,0.0065662833,0.0057199737,0.0065662833,0.004982742,0.004650564,0.007035297,0.006128537,0.007537811,0.007537811,0.007537811,0.004650564,0.004982742,0.005338647,0.0065662833,0.0065662833,0.0057199737,0.007537811,0.006128537,0.006128537,0.005338647,0.004650564,2,3
0.00669349,0.0076838387,0.0076838387,0.0076838387,0.0047406578,0.00669349,0.0076838387,0.00717159,0.0076838387,0.0076838387,0.00717159,0.00669349,0.0047406578,0.0047406578,0.005442071,0.0047406578,0.00717159,0.0062472634,0.0076838387,0.0047406578,0.00717159,0.00717159,0.0058307853,0.00717159,0.0058307853,0.0050792713,0.0058307853,0.005442071,0.0062472634,0.0047406578,0.0047406578,0.0058307853,0.0076838387,0.00669349,0.0047406578,0.00669349,0.0062472634,0.0062472634,0.0047406578,0.0062472634,0.0047406578,0.0062472634,0.0076838387,0.0076838387,0.005442071,0.00717159,0.0062472634,0.0076838387,0.0076838387,0.005442071,0.00669349,0.0076838387,0.0076838387,0.0076838387,0.0050792713,0.0076838387,0.00669349,0.0076838387,0.0076838387,0.0062472634,0.0047406578,0.0058307853,0.00669349,0.0058307853,0.0047406578,0.0050792713,0.0062472634,0.0047406578,0.005442071,0.00669349,0.0050792713,0.0076838387,0.0047406578,0.0050792713,0.0047406578,0.0076838387,0.0062472634,0.0076838387,0.0076838387,0.00717159,0.00717159,0.0076838387,0.0047406578,0.0047406578,0.00669349,0.0047406578,0.0076838387,0.00717159,0.0058307853,0.0047406578,0.0076838387,0.00669349,0.0076838387,0.0047406578,0.0076838387,0.0076838387,0.0076838387,0.0047406578,0.0062472634,0.0047406578,0.005442071,0.0076838387,0.0062472634,0.0050792713,0.0050792713,0.0047406578,0.0058307853,0.0062472634,0.0047406578,0.0050792713,0.0076838387,0.0076838387,0.0050792713,0.0076838387,0.0062472634,0.0047406578,0.00669349,0.0076838387,0.00669349,0.0047406578,0.0076838387,0.00717159,0.0076838387,0.0076838387,0.005442071,0.0076838387,0.00669349,0.0050792713,0.0047406578,0.00669349,0.0062472634,0.005442071,0.0062472634,0.00717159,0.0050792713,0.005442071,0.0047406578,0.0047406578,0.0062472634,0.005442071,0.0058307853,0.00717159,0.0058307853,0.0047406578,0.00669349,0.0050792713,0.0076838387,0.0047406578,0.0050792713,0.0047406578,0.0047406578,0.005442071,0.0076838387,0.0076838387,0.00669349,0.0047406578,0.0062472634,0.0076838387,0.0076838387,0.0047406578,1,1
0.0062090675,0.0066525657,0.0076368595,0.0076368595,0.004711673,0.0071277423,0.0076368595,0.0066525657,0.0076368595,0.0050482163,0.0076368595,0.0066525657,0.004711673,0.004711673,0.0066525657,0.0076368595,0.0062090675,0.005408798,0.0076368595,0.0057951356,0.0071277423,0.0071277423,0.004711673,0.0050482163,0.005408798,0.0076368595,0.005408798,0.0050482163,0.004711673,0.0076368595,0.0057951356,0.005408798,0.0076368595,0.0071277423,0.004711673,0.005408798,0.005408798,0.0057951356,0.004711673,0.0076368595,0.004711673,0.0062090675,0.0076368595,0.0057951356,0.0076368595,0.0071277423,0.0066525657,0.0076368595,0.0076368595,0.0071277423,0.005408798,0.0076368595,0.0066525657,0.0071277423,0.004711673,0.0076368595,0.0057951356,0.0076368595,0.0076368595,0.0071277423,0.0076368595,0.0057951356,0.004711673,0.004711673,0.0076368595,0.0050482163,0.0057951356,0.0057951356,0.0062090675,0.0066525657,0.0076368595,0.0076368595,0.005408798,0.005408798,0.004711673,0.0066525657,0.005408798,0.0076368595,0.0062090675,0.0057951356,0.0050482163,0.005408798,0.0076368595,0.0071277423,0.0071277423,0.004711673,0.0057951356,0.0076368595,0.0066525657,0.004711673,0.0057951356,0.0066525657,0.0076368595,0.004711673,0.0076368595,0.0057951356,0.0062090675,0.005408798,0.0062090675,0.005408798,0.0066525657,0.0062090675,0.0071277423,0.0062090675,0.0071277423,0.004711673,0.005408798,0.0050482163,0.004711673,0.0076368595,0.0062090675,0.0076368595,0.004711673,0.005408798,0.0071277423,0.0050482163,0.0066525657,0.0071277423,0.0057951356,0.004711673,0.0062090675,0.0062090675,0.0076368595,0.0076368595,0.0050482163,0.0062090675,0.0071277423,0.0057951356,0.0062090675,0.0062090675,0.0076368595,0.005408798,0.0050482163,0.0057951356,0.0071277423,0.0076368595,0.005408798,0.004711673,0.0062090675,0.0062090675,0.0057951356,0.0066525657,0.0050482163,0.004711673,0.0071277423,0.004711673,0.0076368595,0.0076368595,0.0076368595,0.004711673,0.0050482163,0.005408798,0.0076368595,0.0071277423,0.0050482163,0.0066525657,0.0062090675,0.0066525657,0.0062090675,0.004711673,2,4
0.007501298,0.007501298,0.007501298,0.007501298,0.004958606,0.0070012184,0.007501298,0.0065344763,0.007501298,0.004958606,0.0060988506,0.0056922664,0.0046280366,0.0046280366,0.0056922664,0.007501298,0.0060988506,0.005312787,0.007501298,0.0056922664,0.0070012184,0.0070012184,0.004958606,0.004958606,0.0046280366,0.0065344763,0.005312787,0.0060988506,0.0060988506,0.0070012184,0.007501298,0.0060988506,0.007501298,0.0056922664,0.0046280366,0.0070012184,0.0060988506,0.0056922664,0.0046280366,0.007501298,0.0056922664,0.007501298,0.007501298,0.007501298,0.0046280366,0.007501298,0.0070012184,0.007501298,0.007501298,0.007501298,0.005312787,0.0070012184,0.007501298,0.007501298,0.0046280366,0.007501298,0.0065344763,0.007501298,0.007501298,0.0056922664,0.007501298,0.004958606,0.0046280366,0.0046280366,0.007501298,0.0060988506,0.0060988506,0.004958606,0.0056922664,0.0060988506,0.0060988506,0.007501298,0.0046280366,0.004958606,0.0046280366,0.007501298,0.0060988506,0.0060988506,0.0065344763,0.007501298,0.007501298,0.0046280366,0.0046280366,0.0046280366,0.0046280366,0.007501298,0.0070012184,0.007501298,0.004958606,0.007501298,0.007501298,0.0065344763,0.007501298,0.0046280366,0.007501298,0.007501298,0.007501298,0.0046280366,0.004958606,0.0046280366,0.0065344763,0.0070012184,0.0060988506,0.005312787,0.0070012184,0.0046280366,0.005312787,0.005312787,0.0046280366,0.0070012184,0.007501298,0.007501298,0.0046280366,0.0065344763,0.0070012184,0.005312787,0.0065344763,0.007501298,0.0070012184,0.0046280366,0.007501298,0.0060988506,0.007501298,0.007501298,0.0070012184,0.007501298,0.0056922664,0.0046280366,0.004958606,0.0065344763,0.007501298,0.005312787,0.0060988506,0.0070012184,0.007501298,0.0070012184,0.004958606,0.0046280366,0.0060988506,0.005312787,0.0056922664,0.0065344763,0.0056922664,0.0046280366,0.0065344763,0.0060988506,0.007501298,0.007501298,0.007501298,0.0046280366,0.0056922664,0.005312787,0.0070012184,0.007501298,0.0070012184,0.0060988506,0.005312787,0.005312787,0.0056922664,0.0046280366,0,0
0.006356589,0.005537306,0.007818304,0.0072970907,0.004823618,0.0059328224,0.007818304,0.006356589,0.007818304,0.007818304,0.0072970907,0.0068106246,0.005168157,0.004823618,0.0059328224,0.0068106246,0.0072970907,0.005168157,0.0059328224,0.005168157,0.0072970907,0.005537306,0.005537306,0.0059328224,0.004823618,0.007818304,0.005537306,0.005168157,0.004823618,0.007818304,0.007818304,0.005537306,0.005168157,0.0068106246,0.007818304,0.0059328224,0.006356589,0.0068106246,0.0059328224,0.0072970907,0.004823618,0.0068106246,0.007818304,0.0068106246,0.007818304,0.007818304,0.0068106246,0.004823618,0.004823618,0.0068106246,0.007818304,0.0059328224,0.0068106246,0.004823618,0.007818304,0.004823618,0.006356589,0.0059328224,0.004823618,0.004823618,0.007818304,0.005168157,0.0059328224,0.005168157,0.007818304,0.005168157,0.0059328224,0.0059328224,0.0059328224,0.0072970907,0.007818304,0.007818304,0.005537306,0.005537306,0.004823618,0.0068106246,0.006356589,0.004823618,0.004823618,0.005168157,0.0059328224,0.005168157,0.007818304,0.007818304,0.0059328224,0.004823618,0.004823618,0.005168157,0.0072970907,0.0059328224,0.0059328224,0.0068106246,0.004823618,0.007818304,0.007818304,0.0068106246,0.004823618,0.005537306,0.004823618,0.007818304,0.007818304,0.0068106246,0.006356589,0.004823618,0.0072970907,0.007818304,0.0068106246,0.006356589,0.004823618,0.007818304,0.007818304,0.007818304,0.006356589,0.0068106246,0.0068106246,0.0072970907,0.0068106246,0.004823618,0.005537306,0.004823618,0.004823618,0.005168157,0.004823618,0.005168157,0.004823618,0.005537306,0.0068106246,0.005168157,0.007818304,0.004823618,0.007818304,0.005537306,0.0068106246,0.006356589,0.0072970907,0.0068106246,0.005168157,0.0059328224,0.005168157,0.007818304,0.0059328224,0.0068106246,0.0059328224,0.0072970907,0.005537306,0.007818304,0.006356589,0.007818304,0.007818304,0.004823618,0.0059328224,0.005537306,0.004823618,0.004823618,0.007818304,0.007818304,0.0059328224,0.005168157,0.005537306,0.004823618,2,4
0.005992508,0.007896958,0.0048721447,0.006420538,0.006420538,0.00522015,0.005992508,0.0068791406,0.007896958,0.007896958,0.005992508,0.00522015,0.0048721447,0.0068791406,0.007896958,0.006420538,0.0048721447,0.0048721447,0.007896958,0.006420538,0.0055930126,0.0073705013,0.0055930126,0.006420538,0.0048721447,0.0068791406,0.0068791406,0.006420538,0.005992508,0.006420538,0.007896958,0.0055930126,0.00522015,0.0068791406,0.007896958,0.005992508,0.006420538,0.0048721447,0.007896958,0.0055930126,0.0048721447,0.0068791406,0.007896958,0.005992508,0.007896958,0.006420538,0.00522015,0.006420538,0.0048721447,0.007896958,0.006420538,0.005992508,0.0055930126,0.0073705013,0.0068791406,0.005992508,0.006420538,0.00522015,0.005992508,0.006420538,0.005992508,0.005992508,0.005992508,0.005992508,0.0055930126,0.005992508,0.005992508,0.0048721447,0.0068791406,0.0068791406,0.0048721447,0.006420538,0.0055930126,0.0055930126,0.007896958,0.0055930126,0.00522015,0.0048721447,0.0055930126,0.005992508,0.0048721447,0.006420538,0.007896958,0.007896958,0.007896958,0.0048721447,0.00522015,0.0055930126,0.0068791406,0.005992508,0.005992508,0.006420538,0.0055930126,0.0055930126,0.007896958,0.00522015,0.0048721447,0.0055930126,0.0073705013,0.007896958,0.006420538,0.006420538,0.0048721447,0.0048721447,0.006420538,0.0048721447,0.0055930126,0.0048721447,0.007896958,0.006420538,0.0073705013,0.007896958,0.0048721447,0.00522015,0.0073705013,0.005992508,0.0068791406,0.005992508,0.0055930126,0.0048721447,0.0055930126,0.00522015,0.0048721447,0.0073705013,0.007896958,0.00522015,0.007896958,0.006420538,0.007896958,0.0073705013,0.005992508,0.006420538,0.0073705013,0.0073705013,0.00522015,0.006420538,0.00522015,0.0048721447,0.006420538,0.005992508,0.0055930126,0.0055930126,0.006420538,0.006420538,0.0068791406,0.00522015,0.007896958,0.007896958,0.007896958,0.007896958,0.0055930126,0.0055930126,0.0073705013,0.007896958,0.0055930126,0.005992508,0.0055930126,0.005992508,0.005992508,0.0048721447,1,3
0.0054970356,0.0063103605,0.0077614454,0.0077614454,0.0047885384,0.0054970356,0.0077614454,0.006761094,0.0077614454,0.0077614454,0.0054970356,0.0054970356,0.005130572,0.0047885384,0.0077614454,0.0047885384,0.0054970356,0.0063103605,0.0077614454,0.0063103605,0.0077614454,0.0072440226,0.005889676,0.0054970356,0.0047885384,0.0077614454,0.0054970356,0.0054970356,0.005130572,0.005889676,0.005889676,0.0063103605,0.0063103605,0.0063103605,0.0047885384,0.005130572,0.0047885384,0.0077614454,0.005130572,0.0054970356,0.0047885384,0.0063103605,0.0077614454,0.005889676,0.0077614454,0.0072440226,0.0047885384,0.0077614454,0.0054970356,0.006761094,0.0054970356,0.0077614454,0.006761094,0.0054970356,0.0054970356,0.0047885384,0.0047885384,0.0077614454,0.005889676,0.006761094,0.006761094,0.005889676,0.0063103605,0.0047885384,0.0077614454,0.005130572,0.0054970356,0.005130572,0.0054970356,0.0077614454,0.0054970356,0.0077614454,0.0054970356,0.0054970356,0.005889676,0.0054970356,0.005130572,0.0077614454,0.0063103605,0.005130572,0.006761094,0.005889676,0.0077614454,0.006761094,0.0072440226,0.006761094,0.005889676,0.0077614454,0.0072440226,0.005889676,0.006761094,0.006761094,0.0077614454,0.0047885384,0.0077614454,0.0063103605,0.0054970356,0.0077614454,0.0063103605,0.006761094,0.0077614454,0.006761094,0.005130572,0.0047885384,0.0072440226,0.005889676,0.005889676,0.0072440226,0.0047885384,0.0077614454,0.0054970356,0.0063103605,0.006761094,0.0054970356,0.005889676,0.0047885384,0.006761094,0.0077614454,0.006761094,0.0054970356,0.005130572,0.005130572,0.0077614454,0.0077614454,0.005130572,0.0054970356,0.006761094,0.006761094,0.0077614454,0.0063103605,0.0063103605,0.0054970356,0.0072440226,0.0072440226,0.005130572,0.0054970356,0.005130572,0.005130572,0.0072440226,0.0054970356,0.0077614454,0.0063103605,0.0063103605,0.005130572,0.005889676,0.005130572,0.0077614454,0.0077614454,0.0077614454,0.0047885384,0.0054970356,0.0054970356,0.006761094,0.0072440226,0.0047885384,0.0063103605,0.005889676,0.006761094,0.006761094,0.0047885384,2,2
0.006131411,0.007038596,0.007541346,0.007541346,0.0046527446,0.0065693627,0.007541346,0.007038596,0.007541346,0.007541346,0.007038596,0.0053411503,0.0046527446,0.0046527446,0.0046527446,0.007038596,0.007038596,0.006131411,0.007541346,0.0049850787,0.007038596,0.007038596,0.0057226564,0.0065693627,0.0049850787,0.0046527446,0.0053411503,0.006131411,0.007038596,0.0046527446,0.0049850787,0.0053411503,0.007541346,0.0065693627,0.0046527446,0.007038596,0.006131411,0.0057226564,0.0046527446,0.007038596,0.0046527446,0.007541346,0.007541346,0.007541346,0.007038596,0.007038596,0.006131411,0.007541346,0.007541346,0.0057226564,0.0057226564,0.007541346,0.007541346,0.007541346,0.0046527446,0.007541346,0.0065693627,0.007541346,0.007541346,0.006131411,0.0046527446,0.0057226564,0.0057226564,0.0053411503,0.006131411,0.0057226564,0.006131411,0.0053411503,0.0057226564,0.0057226564,0.0057226564,0.007541346,0.0053411503,0.0049850787,0.0046527446,0.007541346,0.006131411,0.007541346,0.007541346,0.007038596,0.007541346,0.0046527446,0.0046527446,0.0046527446,0.0046527446,0.0065693627,0.007038596,0.007541346,0.0057226564,0.007541346,0.007541346,0.0065693627,0.007541346,0.0046527446,0.007541346,0.007541346,0.007541346,0.0046527446,0.006131411,0.0046527446,0.0049850787,0.007541346,0.006131411,0.0053411503,0.0053411503,0.0046527446,0.0057226564,0.006131411,0.0046527446,0.0057226564,0.007038596,0.007541346,0.0046527446,0.007541346,0.0065693627,0.0046527446,0.007038596,0.007541346,0.007541346,0.006131411,0.006131411,0.0065693627,0.007541346,0.007541346,0.0049850787,0.007541346,0.0065693627,0.0046527446,0.0049850787,0.006131411,0.0065693627,0.0053411503,0.0065693627,0.007038596,0.007541346,0.0057226564,0.0046527446,0.0046527446,0.006131411,0.0053411503,0.0053411503,0.0065693627,0.0057226564,0.0046527446,0.006131411,0.0049850787,0.007541346,0.007541346,0.007541346,0.0046527446,0.0049850787,0.0053411503,0.007541346,0.007541346,0.0065693627,0.0046527446,0.007541346,0.007038596,0.007038596,0.007541346,2,1
0.0076039336,0.0076039336,0.0076039336,0.0076039336,0.004691359,0.0070970114,0.0076039336,0.006182297,0.0066238837,0.004691359,0.006182297,0.0066238837,0.004691359,0.004691359,0.004691359,0.00577015,0.006182297,0.0066238837,0.0076039336,0.006182297,0.0070970114,0.0070970114,0.005385478,0.00577015,0.004691359,0.004691359,0.005385478,0.006182297,0.005385478,0.004691359,0.004691359,0.006182297,0.0076039336,0.0066238837,0.004691359,0.0070970114,0.00577015,0.00577015,0.004691359,0.0066238837,0.004691359,0.0076039336,0.0076039336,0.0076039336,0.004691359,0.0070970114,0.0066238837,0.0076039336,0.0076039336,0.0070970114,0.005385478,0.0076039336,0.0076039336,0.0076039336,0.004691359,0.0076039336,0.0066238837,0.0076039336,0.0076039336,0.00577015,0.004691359,0.00577015,0.004691359,0.004691359,0.006182297,0.006182297,0.006182297,0.0050264513,0.00577015,0.006182297,0.006182297,0.0076039336,0.0050264513,0.005385478,0.004691359,0.0076039336,0.006182297,0.0076039336,0.0076039336,0.0076039336,0.0076039336,0.004691359,0.004691359,0.004691359,0.004691359,0.00577015,0.0076039336,0.0076039336,0.00577015,0.0070970114,0.0076039336,0.0066238837,0.0076039336,0.004691359,0.0076039336,0.0070970114,0.0076039336,0.0050264513,0.006182297,0.004691359,0.005385478,0.0076039336,0.0066238837,0.0050264513,0.0050264513,0.004691359,0.006182297,0.006182297,0.004691359,0.004691359,0.0070970114,0.0076039336,0.005385478,0.0076039336,0.0076039336,0.0050264513,0.0066238837,0.0076039336,0.0070970114,0.006182297,0.0076039336,0.0070970114,0.0076039336,0.0076039336,0.0076039336,0.0076039336,0.0076039336,0.004691359,0.0050264513,0.0070970114,0.004691359,0.005385478,0.004691359,0.0066238837,0.004691359,0.0066238837,0.005385478,0.004691359,0.006182297,0.005385478,0.005385478,0.0066238837,0.00577015,0.004691359,0.0066238837,0.0066238837,0.0076039336,0.0076039336,0.0076039336,0.004691359,0.004691359,0.005385478,0.0076039336,0.0076039336,0.006182297,0.004691359,0.0066238837,0.0076039336,0.0076039336,0.006182297,0,1
0.0049147266,0.0064766523,0.0064766523,0.007965976,0.0049147266,0.006044882,0.007965976,0.006044882,0.0069392635,0.0064766523,0.007965976,0.0052657737,0.0049147266,0.007965976,0.007965976,0.0049147266,0.0052657737,0.0064766523,0.007965976,0.0052657737,0.007965976,0.0074349185,0.0052657737,0.0064766523,0.0049147266,0.0064766523,0.0056418944,0.0056418944,0.0064766523,0.0064766523,0.007965976,0.0056418944,0.0049147266,0.0052657737,0.007965976,0.0056418944,0.0056418944,0.0049147266,0.007965976,0.0056418944,0.0049147266,0.0069392635,0.0074349185,0.0056418944,0.007965976,0.0074349185,0.006044882,0.0069392635,0.007965976,0.0074349185,0.0056418944,0.0052657737,0.0064766523,0.0069392635,0.0049147266,0.0049147266,0.0064766523,0.0069392635,0.0049147266,0.0049147266,0.006044882,0.0064766523,0.0056418944,0.0049147266,0.0049147266,0.0052657737,0.006044882,0.0052657737,0.007965976,0.0049147266,0.0049147266,0.007965976,0.0056418944,0.0056418944,0.0074349185,0.0052657737,0.0064766523,0.0049147266,0.0049147266,0.0049147266,0.0064766523,0.006044882,0.007965976,0.007965976,0.0049147266,0.0049147266,0.0056418944,0.0056418944,0.0074349185,0.006044882,0.006044882,0.0052657737,0.0049147266,0.007965976,0.0049147266,0.006044882,0.0049147266,0.0064766523,0.0064766523,0.0074349185,0.007965976,0.007965976,0.0074349185,0.0064766523,0.0064766523,0.0064766523,0.0056418944,0.0049147266,0.007965976,0.006044882,0.0064766523,0.0064766523,0.006044882,0.0049147266,0.0056418944,0.006044882,0.0069392635,0.0056418944,0.0064766523,0.0064766523,0.0069392635,0.0056418944,0.0069392635,0.007965976,0.0049147266,0.006044882,0.0074349185,0.006044882,0.0064766523,0.0064766523,0.0049147266,0.0056418944,0.0074349185,0.0074349185,0.0049147266,0.0064766523,0.0052657737,0.0049147266,0.0064766523,0.0064766523,0.007965976,0.0069392635,0.006044882,0.0074349185,0.0056418944,0.0052657737,0.007965976,0.007965976,0.007965976,0.0052657737,0.0052657737,0.0056418944,0.0064766523,0.0074349185,0.0056418944,0.0074349185,0.0056418944,0.006044882,0.006044882,0.0049147266,3,3
0.007676063,0.007676063,0.007676063,0.007676063,0.005436564,0.005824885,0.007676063,0.0071643326,0.007676063,0.007676063,0.005824885,0.005824885,0.0047358605,0.0047358605,0.0047358605,0.0071643326,0.0071643326,0.0062409416,0.007676063,0.005824885,0.0071643326,0.0071643326,0.0062409416,0.0062409416,0.0047358605,0.0047358605,0.0062409416,0.0062409416,0.0062409416,0.0047358605,0.0047358605,0.005824885,0.007676063,0.0066867163,0.0047358605,0.0071643326,0.0062409416,0.0062409416,0.0047358605,0.007676063,0.0050741313,0.007676063,0.007676063,0.007676063,0.0062409416,0.007676063,0.0062409416,0.007676063,0.007676063,0.005824885,0.005436564,0.007676063,0.007676063,0.007676063,0.0047358605,0.007676063,0.0066867163,0.007676063,0.007676063,0.005824885,0.0047358605,0.005436564,0.005436564,0.0050741313,0.0047358605,0.005824885,0.0062409416,0.005436564,0.0062409416,0.0071643326,0.0050741313,0.007676063,0.0047358605,0.0047358605,0.0047358605,0.007676063,0.0062409416,0.007676063,0.007676063,0.007676063,0.007676063,0.0062409416,0.0047358605,0.0047358605,0.0047358605,0.0047358605,0.0071643326,0.007676063,0.0050741313,0.0047358605,0.007676063,0.0066867163,0.007676063,0.0047358605,0.007676063,0.0071643326,0.007676063,0.0047358605,0.0062409416,0.0047358605,0.0050741313,0.007676063,0.0066867163,0.005436564,0.0047358605,0.0047358605,0.005824885,0.0062409416,0.0047358605,0.005436564,0.0071643326,0.007676063,0.0050741313,0.007676063,0.005824885,0.0050741313,0.0071643326,0.007676063,0.007676063,0.005436564,0.0071643326,0.0066867163,0.007676063,0.007676063,0.005824885,0.007676063,0.0062409416,0.0047358605,0.0047358605,0.0062409416,0.0047358605,0.005824885,0.0062409416,0.0066867163,0.0047358605,0.005824885,0.0050741313,0.0047358605,0.0062409416,0.005436564,0.0062409416,0.0066867163,0.0050741313,0.0047358605,0.0071643326,0.0050741313,0.007676063,0.0050741313,0.005824885,0.0047358605,0.0050741313,0.005436564,0.0071643326,0.007676063,0.0071643326,0.0047358605,0.0066867163,0.007676063,0.007676063,0.0047358605,0,1
0.0071512666,0.007662064,0.007662064,0.007662064,0.0047272234,0.0071512666,0.007662064,0.0066745216,0.007662064,0.0047272234,0.0058142617,0.0058142617,0.0047272234,0.0047272234,0.005064877,0.0058142617,0.0066745216,0.0066745216,0.007662064,0.0058142617,0.0071512666,0.0071512666,0.005064877,0.005064877,0.0047272234,0.005426649,0.005426649,0.0062295594,0.0062295594,0.005426649,0.0047272234,0.0058142617,0.007662064,0.0066745216,0.0047272234,0.0071512666,0.0062295594,0.0058142617,0.0047272234,0.0071512666,0.0071512666,0.007662064,0.0066745216,0.0071512666,0.0047272234,0.0071512666,0.0066745216,0.007662064,0.007662064,0.007662064,0.005426649,0.007662064,0.007662064,0.007662064,0.0047272234,0.007662064,0.0066745216,0.007662064,0.007662064,0.0062295594,0.0058142617,0.0058142617,0.0047272234,0.0047272234,0.0066745216,0.0062295594,0.0058142617,0.0047272234,0.005426649,0.0066745216,0.005426649,0.007662064,0.0047272234,0.005426649,0.0047272234,0.0071512666,0.0058142617,0.007662064,0.007662064,0.0071512666,0.007662064,0.005064877,0.0047272234,0.0047272234,0.0047272234,0.0047272234,0.007662064,0.007662064,0.0058142617,0.0058142617,0.007662064,0.0066745216,0.007662064,0.0047272234,0.007662064,0.0071512666,0.007662064,0.005064877,0.0062295594,0.0047272234,0.005064877,0.0066745216,0.0066745216,0.005064877,0.005426649,0.0047272234,0.0062295594,0.0062295594,0.0047272234,0.0047272234,0.0058142617,0.007662064,0.0058142617,0.007662064,0.005426649,0.0047272234,0.0066745216,0.007662064,0.007662064,0.005426649,0.0071512666,0.0066745216,0.007662064,0.007662064,0.0058142617,0.007662064,0.0071512666,0.0047272234,0.0047272234,0.0062295594,0.0066745216,0.0058142617,0.0058142617,0.0062295594,0.005064877,0.0066745216,0.005064877,0.0047272234,0.0062295594,0.0058142617,0.005426649,0.0066745216,0.0062295594,0.0047272234,0.0071512666,0.0062295594,0.007662064,0.007662064,0.007662064,0.0047272234,0.005064877,0.005426649,0.007662064,0.007662064,0.005426649,0.005064877,0.0066745216,0.007662064,0.007662064,0.0047272234,1,3
0.0076119965,0.0076119965,0.0076119965,0.0076119965,0.005391189,0.0076119965,0.0076119965,0.0061888527,0.0066309073,0.004696334,0.005391189,0.0057762684,0.004696334,0.004696334,0.004696334,0.0061888527,0.007104537,0.0057762684,0.0076119965,0.0066309073,0.007104537,0.007104537,0.0061888527,0.0061888527,0.004696334,0.004696334,0.005391189,0.0061888527,0.0061888527,0.004696334,0.004696334,0.0061888527,0.0076119965,0.0066309073,0.004696334,0.007104537,0.0061888527,0.0057762684,0.004696334,0.007104537,0.004696334,0.0076119965,0.0076119965,0.0076119965,0.0066309073,0.0076119965,0.0066309073,0.0076119965,0.0076119965,0.0066309073,0.005391189,0.0076119965,0.0076119965,0.0076119965,0.004696334,0.0076119965,0.0066309073,0.0076119965,0.0076119965,0.0057762684,0.004696334,0.0076119965,0.004696334,0.004696334,0.0050317813,0.0061888527,0.0061888527,0.005391189,0.0066309073,0.0057762684,0.005391189,0.0076119965,0.004696334,0.004696334,0.004696334,0.0076119965,0.0061888527,0.0076119965,0.0076119965,0.0076119965,0.0076119965,0.0057762684,0.004696334,0.004696334,0.004696334,0.004696334,0.007104537,0.0076119965,0.004696334,0.004696334,0.0076119965,0.0066309073,0.0076119965,0.004696334,0.0076119965,0.0076119965,0.0076119965,0.004696334,0.0061888527,0.004696334,0.005391189,0.0076119965,0.0066309073,0.0050317813,0.0050317813,0.004696334,0.0061888527,0.0061888527,0.004696334,0.004696334,0.007104537,0.0076119965,0.005391189,0.0076119965,0.0061888527,0.004696334,0.0066309073,0.0076119965,0.0076119965,0.005391189,0.0076119965,0.007104537,0.0076119965,0.007104537,0.0076119965,0.0076119965,0.0066309073,0.004696334,0.004696334,0.0061888527,0.0050317813,0.005391189,0.0061888527,0.007104537,0.0057762684,0.0057762684,0.0050317813,0.004696334,0.0066309073,0.005391189,0.0057762684,0.0066309073,0.005391189,0.004696334,0.007104537,0.0057762684,0.0076119965,0.007104537,0.0076119965,0.004696334,0.004696334,0.005391189,0.007104537,0.0076119965,0.0066309073,0.004696334,0.007104537,0.0076119965,0.0076119965,0.0066309073,0,1
0.00750817,0.00750817,0.00750817,0.00750817,0.0061044376,0.00750817,0.00750817,0.0061044376,0.007007632,0.004632276,0.0065404624,0.005697481,0.004632276,0.004632276,0.004632276,0.005697481,0.0061044376,0.0065404624,0.00750817,0.005697481,0.007007632,0.007007632,0.0061044376,0.005697481,0.004632276,0.004632276,0.0053176535,0.0061044376,0.0065404624,0.0049631484,0.005697481,0.005697481,0.00750817,0.0065404624,0.004632276,0.007007632,0.0053176535,0.0061044376,0.004632276,0.007007632,0.004632276,0.00750817,0.00750817,0.00750817,0.0061044376,0.00750817,0.0065404624,0.00750817,0.00750817,0.0065404624,0.0053176535,0.00750817,0.00750817,0.00750817,0.004632276,0.00750817,0.0065404624,0.00750817,0.00750817,0.005697481,0.0061044376,0.005697481,0.004632276,0.0049631484,0.00750817,0.005697481,0.0061044376,0.0053176535,0.005697481,0.0065404624,0.0053176535,0.00750817,0.004632276,0.0053176535,0.004632276,0.00750817,0.0061044376,0.00750817,0.00750817,0.00750817,0.00750817,0.004632276,0.004632276,0.004632276,0.004632276,0.00750817,0.00750817,0.00750817,0.0049631484,0.00750817,0.00750817,0.0065404624,0.00750817,0.004632276,0.00750817,0.00750817,0.00750817,0.0049631484,0.0061044376,0.004632276,0.0053176535,0.00750817,0.0065404624,0.0049631484,0.0053176535,0.004632276,0.0061044376,0.0053176535,0.004632276,0.0053176535,0.007007632,0.00750817,0.0053176535,0.00750817,0.007007632,0.0049631484,0.0065404624,0.00750817,0.00750817,0.0053176535,0.00750817,0.007007632,0.00750817,0.00750817,0.00750817,0.00750817,0.0061044376,0.004632276,0.004632276,0.0065404624,0.0065404624,0.0053176535,0.0061044376,0.007007632,0.0061044376,0.0061044376,0.0049631484,0.004632276,0.0061044376,0.0053176535,0.0053176535,0.0065404624,0.005697481,0.004632276,0.0065404624,0.0065404624,0.00750817,0.00750817,0.00750817,0.004632276,0.004632276,0.0053176535,0.00750817,0.00750817,0.0065404624,0.0049631484,0.0065404624,0.00750817,0.00750817,0.0049631484,0,3
0.004908894,0.006037708,0.0069310283,0.004908894,0.004908894,0.0079565225,0.004908894,0.004908894,0.004908894,0.004908894,0.006468966,0.005259524,0.004908894,0.006468966,0.0079565225,0.0056351987,0.006037708,0.006468966,0.004908894,0.0069310283,0.004908894,0.0074260947,0.0056351987,0.0056351987,0.0074260947,0.0079565225,0.006468966,0.0056351987,0.004908894,0.0079565225,0.0079565225,0.005259524,0.004908894,0.0074260947,0.0079565225,0.0056351987,0.0056351987,0.0074260947,0.006037708,0.0069310283,0.004908894,0.006037708,0.0079565225,0.0069310283,0.0079565225,0.0079565225,0.0069310283,0.004908894,0.004908894,0.006468966,0.0074260947,0.006037708,0.004908894,0.004908894,0.0079565225,0.004908894,0.006468966,0.004908894,0.004908894,0.005259524,0.0079565225,0.006037708,0.0056351987,0.006037708,0.0079565225,0.006037708,0.0074260947,0.006037708,0.004908894,0.0056351987,0.0079565225,0.0079565225,0.004908894,0.005259524,0.004908894,0.0079565225,0.006468966,0.004908894,0.004908894,0.004908894,0.0056351987,0.0079565225,0.0074260947,0.004908894,0.0079565225,0.004908894,0.004908894,0.005259524,0.006468966,0.006037708,0.006037708,0.0069310283,0.004908894,0.0079565225,0.0079565225,0.0069310283,0.004908894,0.0056351987,0.004908894,0.0079565225,0.0079565225,0.0074260947,0.0056351987,0.004908894,0.0074260947,0.0079565225,0.0079565225,0.004908894,0.004908894,0.0079565225,0.0079565225,0.0074260947,0.006037708,0.004908894,0.0069310283,0.0074260947,0.0069310283,0.004908894,0.005259524,0.004908894,0.0069310283,0.006468966,0.004908894,0.004908894,0.004908894,0.005259524,0.006468966,0.006468966,0.0079565225,0.004908894,0.0074260947,0.006468966,0.006468966,0.006037708,0.0074260947,0.0056351987,0.005259524,0.0079565225,0.006037708,0.006468966,0.004908894,0.0069310283,0.0074260947,0.0056351987,0.006037708,0.0056351987,0.005259524,0.0079565225,0.0079565225,0.005259524,0.0069310283,0.0056351987,0.004908894,0.006037708,0.0079565225,0.0079565225,0.0079565225,0.004908894,0.0056351987,0.0074260947,5,4
0.004922441,0.004922441,0.00605437,0.00797848,0.004922441,0.005274039,0.005274039,0.006950156,0.00797848,0.00797848,0.0056507504,0.005274039,0.004922441,0.00797848,0.0064868187,0.005274039,0.00605437,0.0056507504,0.00797848,0.004922441,0.0056507504,0.006950156,0.00605437,0.0064868187,0.004922441,0.006950156,0.0056507504,0.0064868187,0.00605437,0.006950156,0.006950156,0.0064868187,0.0064868187,0.007446589,0.00797848,0.005274039,0.0056507504,0.0056507504,0.004922441,0.0056507504,0.004922441,0.0064868187,0.006950156,0.00605437,0.00797848,0.006950156,0.00605437,0.00797848,0.00797848,0.0064868187,0.0064868187,0.005274039,0.00797848,0.00797848,0.0056507504,0.004922441,0.0056507504,0.0064868187,0.006950156,0.0056507504,0.00797848,0.00605437,0.0056507504,0.007446589,0.0056507504,0.0064868187,0.0056507504,0.005274039,0.00797848,0.00605437,0.005274039,0.004922441,0.0056507504,0.0056507504,0.00797848,0.004922441,0.005274039,0.005274039,0.006950156,0.005274039,0.0064868187,0.004922441,0.00797848,0.00797848,0.006950156,0.004922441,0.00605437,0.00797848,0.0064868187,0.0064868187,0.00605437,0.004922441,0.004922441,0.00797848,0.004922441,0.005274039,0.004922441,0.0056507504,0.00797848,0.0064868187,0.00605437,0.006950156,0.004922441,0.005274039,0.006950156,0.004922441,0.0056507504,0.007446589,0.006950156,0.006950156,0.004922441,0.0056507504,0.006950156,0.00797848,0.0056507504,0.00605437,0.0064868187,0.0064868187,0.0064868187,0.004922441,0.005274039,0.005274039,0.006950156,0.00797848,0.0056507504,0.004922441,0.00797848,0.006950156,0.00797848,0.007446589,0.0064868187,0.00605437,0.007446589,0.007446589,0.005274039,0.0056507504,0.004922441,0.004922441,0.0064868187,0.0056507504,0.004922441,0.005274039,0.007446589,0.00605437,0.0056507504,0.0056507504,0.0064868187,0.00797848,0.00797848,0.00797848,0.0056507504,0.0056507504,0.006950156,0.007446589,0.004922441,0.006950156,0.0056507504,0.0056507504,0.0056507504,0.004922441,3,3
0.0049603237,0.0049603237,0.0070036435,0.0080398815,0.005694238,0.006100964,0.0049603237,0.0070036435,0.0075038965,0.0080398815,0.005694238,0.005314627,0.005314627,0.006100964,0.0075038965,0.0049603237,0.005694238,0.006100964,0.0080398815,0.0049603237,0.006100964,0.0075038965,0.00653674,0.00653674,0.005314627,0.0049603237,0.005694238,0.00653674,0.006100964,0.0049603237,0.006100964,0.0070036435,0.00653674,0.0075038965,0.0080398815,0.005694238,0.0049603237,0.0070036435,0.0049603237,0.00653674,0.0049603237,0.006100964,0.0075038965,0.00653674,0.0080398815,0.0049603237,0.0049603237,0.00653674,0.005694238,0.0075038965,0.00653674,0.005314627,0.0080398815,0.006100964,0.005694238,0.0049603237,0.005314627,0.0070036435,0.00653674,0.005694238,0.0049603237,0.005314627,0.006100964,0.00653674,0.006100964,0.005314627,0.005694238,0.005694238,0.0070036435,0.005694238,0.006100964,0.0049603237,0.005694238,0.005314627,0.0080398815,0.0049603237,0.005314627,0.006100964,0.006100964,0.0049603237,0.00653674,0.0049603237,0.0080398815,0.0080398815,0.00653674,0.0049603237,0.005314627,0.0080398815,0.0070036435,0.006100964,0.006100964,0.005314627,0.005694238,0.005694238,0.0070036435,0.005314627,0.0049603237,0.0070036435,0.0080398815,0.0070036435,0.00653674,0.0070036435,0.006100964,0.005694238,0.0070036435,0.005314627,0.005694238,0.0080398815,0.00653674,0.0080398815,0.0049603237,0.0049603237,0.0075038965,0.0070036435,0.00653674,0.0070036435,0.0070036435,0.0075038965,0.005694238,0.0049603237,0.005314627,0.005314627,0.0080398815,0.0080398815,0.006100964,0.0049603237,0.0080398815,0.0070036435,0.0080398815,0.0075038965,0.005694238,0.005694238,0.0075038965,0.0075038965,0.005694238,0.005694238,0.0049603237,0.0049603237,0.00653674,0.005694238,0.0049603237,0.006100964,0.0075038965,0.0049603237,0.006100964,0.005694238,0.0070036435,0.0080398815,0.0080398815,0.0080398815,0.005694238,0.005694238,0.0070036435,0.0075038965,0.0049603237,0.005694238,0.0049603237,0.0070036435,0.00653674,0.0049603237,3,2
0.0062526884,0.0066993022,0.007690511,0.007690511,0.004744774,0.0062526884,0.007690511,0.0066993022,0.007690511,0.0058358484,0.007177817,0.0066993022,0.004744774,0.004744774,0.0066993022,0.007690511,0.0062526884,0.005446797,0.007690511,0.0062526884,0.007690511,0.007177817,0.004744774,0.004744774,0.004744774,0.007690511,0.005446797,0.004744774,0.005083682,0.007177817,0.007177817,0.0062526884,0.0058358484,0.0062526884,0.0058358484,0.0062526884,0.004744774,0.007690511,0.004744774,0.005446797,0.004744774,0.0062526884,0.007690511,0.005446797,0.007690511,0.0058358484,0.004744774,0.007690511,0.0058358484,0.005446797,0.0058358484,0.0066993022,0.0058358484,0.005446797,0.005446797,0.005083682,0.004744774,0.007690511,0.0062526884,0.005083682,0.007690511,0.0058358484,0.005446797,0.004744774,0.007690511,0.005083682,0.0058358484,0.005083682,0.0058358484,0.0058358484,0.007690511,0.007690511,0.005446797,0.005446797,0.0058358484,0.0066993022,0.005446797,0.007690511,0.0062526884,0.005446797,0.004744774,0.0058358484,0.007690511,0.007690511,0.0066993022,0.004744774,0.005083682,0.007690511,0.007177817,0.005083682,0.0062526884,0.0066993022,0.007690511,0.004744774,0.007690511,0.005446797,0.0062526884,0.007690511,0.0058358484,0.007690511,0.007690511,0.0066993022,0.005083682,0.005446797,0.005083682,0.004744774,0.005446797,0.0062526884,0.004744774,0.007690511,0.007177817,0.007690511,0.005446797,0.0058358484,0.0062526884,0.0062526884,0.007177817,0.007690511,0.0058358484,0.005446797,0.0058358484,0.0058358484,0.007690511,0.007690511,0.005446797,0.0062526884,0.0066993022,0.0062526884,0.007690511,0.0062526884,0.007690511,0.005446797,0.0062526884,0.007177817,0.007177817,0.0066993022,0.0062526884,0.004744774,0.007690511,0.0062526884,0.005083682,0.0062526884,0.0062526884,0.004744774,0.0066993022,0.0062526884,0.007690511,0.007690511,0.007690511,0.004744774,0.0058358484,0.005446797,0.0066993022,0.007177817,0.0058358484,0.007690511,0.0062526884,0.0062526884,0.005446797,0.004744774,2,1
0.005170054,0.005935,0.007821173,0.007821173,0.0048253885,0.005935,0.007821173,0.006813124,0.006813124,0.007821173,0.005539338,0.005539338,0.007821173,0.0048253885,0.007821173,0.0048253885,0.006358922,0.006813124,0.007821173,0.005935,0.006358922,0.0072997687,0.005935,0.0072997687,0.0048253885,0.005539338,0.005539338,0.006358922,0.005935,0.005935,0.005170054,0.005935,0.007821173,0.0072997687,0.007821173,0.005539338,0.005539338,0.007821173,0.0048253885,0.005935,0.0048253885,0.006358922,0.007821173,0.006358922,0.007821173,0.0048253885,0.005170054,0.006358922,0.007821173,0.006358922,0.005539338,0.0048253885,0.007821173,0.0048253885,0.005539338,0.0048253885,0.0048253885,0.007821173,0.006358922,0.006358922,0.006358922,0.005935,0.0072997687,0.005170054,0.006813124,0.005170054,0.005539338,0.005539338,0.005539338,0.006358922,0.0072997687,0.007821173,0.005539338,0.005170054,0.006813124,0.0048253885,0.005170054,0.007821173,0.005539338,0.0048253885,0.0048253885,0.0048253885,0.007821173,0.007821173,0.007821173,0.0048253885,0.005935,0.007821173,0.007821173,0.005935,0.006813124,0.006813124,0.007821173,0.0048253885,0.007821173,0.0048253885,0.0048253885,0.007821173,0.006358922,0.006813124,0.0072997687,0.007821173,0.006813124,0.005170054,0.005935,0.0048253885,0.005539338,0.0072997687,0.005170054,0.007821173,0.005935,0.005539338,0.0072997687,0.007821173,0.006358922,0.005170054,0.006358922,0.007821173,0.005539338,0.0048253885,0.0048253885,0.005170054,0.006813124,0.007821173,0.005935,0.006358922,0.007821173,0.005935,0.006358922,0.0072997687,0.005170054,0.005539338,0.0072997687,0.0072997687,0.005539338,0.005539338,0.005539338,0.005170054,0.007821173,0.005539338,0.005170054,0.005935,0.006358922,0.005539338,0.005539338,0.005170054,0.007821173,0.007821173,0.007821173,0.0048253885,0.0048253885,0.005539338,0.0072997687,0.007821173,0.005170054,0.005935,0.005539338,0.006358922,0.005170054,0.005170054,2,2
0.0065156315,0.0052974652,0.008013919,0.008013919,0.0049443054,0.0049443054,0.0049443054,0.0049443054,0.0049443054,0.008013919,0.0065156315,0.0052974652,0.0049443054,0.0052974652,0.008013919,0.00567585,0.0065156315,0.0065156315,0.0049443054,0.0065156315,0.0069810273,0.0049443054,0.0065156315,0.0060812626,0.0049443054,0.007479665,0.00567585,0.00567585,0.0049443054,0.008013919,0.008013919,0.00567585,0.0049443054,0.0069810273,0.008013919,0.0049443054,0.0065156315,0.0060812626,0.00567585,0.0069810273,0.0049443054,0.0060812626,0.008013919,0.0060812626,0.008013919,0.008013919,0.0069810273,0.0049443054,0.0049443054,0.008013919,0.0065156315,0.00567585,0.0069810273,0.0049443054,0.008013919,0.0049443054,0.0069810273,0.0049443054,0.0049443054,0.007479665,0.008013919,0.0052974652,0.0065156315,0.00567585,0.008013919,0.0060812626,0.0069810273,0.0060812626,0.0065156315,0.007479665,0.0049443054,0.0049443054,0.0049443054,0.0052974652,0.008013919,0.0049443054,0.0065156315,0.0049443054,0.0052974652,0.0052974652,0.0049443054,0.0049443054,0.0065156315,0.0065156315,0.008013919,0.0049443054,0.0049443054,0.0052974652,0.0069810273,0.0060812626,0.0060812626,0.0069810273,0.0049443054,0.008013919,0.008013919,0.0060812626,0.0049443054,0.0065156315,0.0065156315,0.008013919,0.0069810273,0.0065156315,0.0065156315,0.00567585,0.007479665,0.008013919,0.007479665,0.00567585,0.0049443054,0.008013919,0.008013919,0.0065156315,0.0060812626,0.00567585,0.0069810273,0.0060812626,0.0069810273,0.0049443054,0.00567585,0.00567585,0.0049443054,0.0052974652,0.0049443054,0.0049443054,0.0049443054,0.00567585,0.0049443054,0.0069810273,0.008013919,0.0060812626,0.0069810273,0.00567585,0.007479665,0.0069810273,0.007479665,0.0069810273,0.0049443054,0.008013919,0.0065156315,0.008013919,0.0060812626,0.0065156315,0.0060812626,0.0069810273,0.008013919,0.0049443054,0.0052974652,0.0049443054,0.0049443054,0.008013919,0.0049443054,0.0060812626,0.0069810273,0.0052974652,0.007479665,0.008013919,0.0060812626,0.0060812626,0.0060812626,0.0049443054,2,4
0.006146462,0.0065854886,0.007559858,0.007559858,0.004664166,0.0053542615,0.007559858,0.0065854886,0.007559858,0.007559858,0.006146462,0.0057367035,0.004664166,0.004664166,0.0053542615,0.007055874,0.0057367035,0.0053542615,0.007559858,0.0053542615,0.007055874,0.007055874,0.0057367035,0.0053542615,0.004664166,0.006146462,0.0053542615,0.004997316,0.006146462,0.007055874,0.007559858,0.006146462,0.007559858,0.006146462,0.004664166,0.004664166,0.0053542615,0.007559858,0.0057367035,0.0053542615,0.0065854886,0.007055874,0.007559858,0.0065854886,0.004664166,0.007559858,0.007055874,0.007559858,0.007559858,0.007559858,0.0053542615,0.007559858,0.007559858,0.007559858,0.004664166,0.007559858,0.0065854886,0.007559858,0.007559858,0.0065854886,0.007055874,0.0057367035,0.0053542615,0.004997316,0.007559858,0.004997316,0.0057367035,0.004997316,0.0057367035,0.007559858,0.0065854886,0.0065854886,0.004997316,0.004997316,0.007559858,0.007559858,0.006146462,0.007559858,0.007559858,0.007559858,0.0065854886,0.004664166,0.004664166,0.004997316,0.004664166,0.004664166,0.0065854886,0.007559858,0.0053542615,0.007559858,0.007559858,0.0065854886,0.007559858,0.004664166,0.007559858,0.0065854886,0.007055874,0.004997316,0.006146462,0.004664166,0.0065854886,0.006146462,0.007559858,0.006146462,0.007055874,0.004664166,0.0053542615,0.0057367035,0.004664166,0.007055874,0.007559858,0.007559858,0.004664166,0.007055874,0.007055874,0.007559858,0.0053542615,0.004997316,0.006146462,0.004664166,0.0057367035,0.0057367035,0.007559858,0.007559858,0.004997316,0.0057367035,0.007055874,0.006146462,0.0065854886,0.006146462,0.007559858,0.006146462,0.0053542615,0.0065854886,0.006146462,0.007055874,0.006146462,0.004664166,0.006146462,0.0053542615,0.0057367035,0.006146462,0.004997316,0.004997316,0.0053542615,0.0053542615,0.007559858,0.007559858,0.007559858,0.004997316,0.006146462,0.0053542615,0.007055874,0.007055874,0.0053542615,0.007559858,0.006146462,0.006146462,0.0053542615,0.004664166,2,0
0.0061757807,0.007089531,0.0075959186,0.0075959186,0.0046864143,0.007089531,0.0075959186,0.0066169016,0.0075959186,0.0046864143,0.0075959186,0.0066169016,0.0046864143,0.0046864143,0.005764068,0.005764068,0.0061757807,0.0066169016,0.0075959186,0.005764068,0.007089531,0.007089531,0.005021153,0.005764068,0.0046864143,0.0075959186,0.0053798016,0.005021153,0.005764068,0.007089531,0.007089531,0.005764068,0.0075959186,0.0061757807,0.0046864143,0.0061757807,0.0061757807,0.005764068,0.005021153,0.007089531,0.0046864143,0.007089531,0.0075959186,0.0075959186,0.007089531,0.0066169016,0.0061757807,0.0075959186,0.0075959186,0.0066169016,0.0053798016,0.007089531,0.0075959186,0.0075959186,0.0046864143,0.0075959186,0.0066169016,0.0075959186,0.0075959186,0.0061757807,0.007089531,0.005764068,0.0053798016,0.0053798016,0.0075959186,0.005021153,0.005764068,0.005021153,0.005764068,0.0075959186,0.0066169016,0.0075959186,0.0046864143,0.005021153,0.0066169016,0.0075959186,0.0061757807,0.0075959186,0.0075959186,0.0075959186,0.0061757807,0.0046864143,0.0053798016,0.0046864143,0.005021153,0.005021153,0.0053798016,0.0075959186,0.005764068,0.0053798016,0.0075959186,0.0066169016,0.0075959186,0.0046864143,0.0075959186,0.005764068,0.0075959186,0.0046864143,0.0061757807,0.0053798016,0.005764068,0.005764068,0.0066169016,0.005764068,0.005764068,0.0046864143,0.005764068,0.0061757807,0.0046864143,0.0061757807,0.0061757807,0.0075959186,0.0046864143,0.0061757807,0.0075959186,0.005764068,0.0061757807,0.0061757807,0.0053798016,0.0046864143,0.0061757807,0.0061757807,0.0075959186,0.0075959186,0.005764068,0.0061757807,0.007089531,0.0053798016,0.0061757807,0.0061757807,0.0075959186,0.0053798016,0.005764068,0.0061757807,0.007089531,0.0066169016,0.0061757807,0.0046864143,0.0061757807,0.0061757807,0.005764068,0.0061757807,0.005021153,0.0046864143,0.007089531,0.005021153,0.0075959186,0.0075959186,0.0075959186,0.0046864143,0.0046864143,0.0053798016,0.0075959186,0.0075959186,0.0061757807,0.007089531,0.0061757807,0.0066169016,0.0061757807,0.0046864143,2,2
0.0049440027,0.00608089,0.0049440027,0.005675502,0.0074792067,0.005675502,0.0049440027,0.0049440027,0.0049440027,0.008013428,0.0074792067,0.00608089,0.0049440027,0.0052971407,0.0074792067,0.005675502,0.0065152324,0.0065152324,0.0049440027,0.0065152324,0.0049440027,0.0074792067,0.005675502,0.0052971407,0.0069805994,0.0069805994,0.005675502,0.005675502,0.0049440027,0.008013428,0.008013428,0.005675502,0.0049440027,0.0069805994,0.008013428,0.00608089,0.0065152324,0.0074792067,0.00608089,0.008013428,0.0049440027,0.00608089,0.008013428,0.0069805994,0.008013428,0.0065152324,0.0065152324,0.0049440027,0.0049440027,0.0069805994,0.0065152324,0.0069805994,0.0049440027,0.0065152324,0.008013428,0.0049440027,0.0069805994,0.0049440027,0.0049440027,0.0065152324,0.008013428,0.005675502,0.00608089,0.0052971407,0.008013428,0.00608089,0.0069805994,0.00608089,0.0052971407,0.00608089,0.0049440027,0.0065152324,0.0052971407,0.0052971407,0.008013428,0.0065152324,0.0065152324,0.0049440027,0.0065152324,0.0049440027,0.0049440027,0.005675502,0.005675502,0.008013428,0.008013428,0.0049440027,0.0049440027,0.0052971407,0.0074792067,0.00608089,0.00608089,0.0069805994,0.0049440027,0.008013428,0.008013428,0.0069805994,0.0049440027,0.0069805994,0.0049440027,0.008013428,0.0065152324,0.0069805994,0.00608089,0.0052971407,0.0074792067,0.008013428,0.0074792067,0.0049440027,0.0049440027,0.008013428,0.0074792067,0.008013428,0.0065152324,0.008013428,0.008013428,0.005675502,0.0065152324,0.0049440027,0.0052971407,0.0049440027,0.00608089,0.00608089,0.0049440027,0.0049440027,0.00608089,0.0049440027,0.005675502,0.005675502,0.008013428,0.0049440027,0.008013428,0.005675502,0.0069805994,0.0069805994,0.0074792067,0.0069805994,0.0052971407,0.00608089,0.005675502,0.008013428,0.0049440027,0.005675502,0.0074792067,0.005675502,0.00608089,0.0052971407,0.0052971407,0.0049440027,0.0049440027,0.008013428,0.00608089,0.005675502,0.0049440027,0.0049440027,0.008013428,0.008013428,0.0065152324,0.0049440027,0.0049440027,0.008013428,9,4
0.0066706347,0.007657602,0.007657602,0.007657602,0.0054234886,0.0066706347,0.007657602,0.007147102,0.007657602,0.007657602,0.007147102,0.0066706347,0.0047244704,0.0047244704,0.0047244704,0.0054234886,0.007147102,0.006225932,0.007657602,0.0047244704,0.005810876,0.007147102,0.006225932,0.0066706347,0.0047244704,0.0054234886,0.0054234886,0.0050619277,0.005810876,0.0047244704,0.0047244704,0.006225932,0.007657602,0.0066706347,0.0050619277,0.0066706347,0.006225932,0.006225932,0.0047244704,0.006225932,0.005810876,0.006225932,0.007657602,0.007657602,0.0054234886,0.007147102,0.006225932,0.007657602,0.007657602,0.0054234886,0.006225932,0.007657602,0.007657602,0.007657602,0.0050619277,0.007657602,0.0066706347,0.007657602,0.007657602,0.006225932,0.0047244704,0.005810876,0.006225932,0.005810876,0.0054234886,0.005810876,0.006225932,0.0047244704,0.005810876,0.007147102,0.0050619277,0.007657602,0.0047244704,0.0050619277,0.0047244704,0.007657602,0.006225932,0.007657602,0.007657602,0.007147102,0.007147102,0.005810876,0.0047244704,0.0047244704,0.006225932,0.0047244704,0.007657602,0.0066706347,0.005810876,0.0047244704,0.007657602,0.0066706347,0.007657602,0.0047244704,0.007657602,0.007657602,0.007657602,0.0047244704,0.006225932,0.0047244704,0.0054234886,0.007657602,0.0066706347,0.0050619277,0.0047244704,0.0047244704,0.005810876,0.006225932,0.0047244704,0.0050619277,0.007657602,0.007657602,0.0047244704,0.007147102,0.006225932,0.0047244704,0.007147102,0.007657602,0.007657602,0.006225932,0.007657602,0.007147102,0.007657602,0.007657602,0.005810876,0.007657602,0.0066706347,0.0050619277,0.0047244704,0.0066706347,0.005810876,0.0054234886,0.0066706347,0.007147102,0.0050619277,0.0054234886,0.0047244704,0.0047244704,0.006225932,0.0054234886,0.005810876,0.0066706347,0.005810876,0.0047244704,0.007147102,0.0050619277,0.007657602,0.007147102,0.0066706347,0.0047244704,0.0047244704,0.0054234886,0.007657602,0.007657602,0.0066706347,0.0047244704,0.0050619277,0.007657602,0.007657602,0.0047244704,1,1
0.006549343,0.007518364,0.007518364,0.007518364,0.004969887,0.006549343,0.007518364,0.006549343,0.007518364,0.004969887,0.006112726,0.0053248736,0.0046385657,0.0046385657,0.0046385657,0.006112726,0.006112726,0.006112726,0.007518364,0.005705217,0.007017147,0.007017147,0.005705217,0.005705217,0.0046385657,0.006112726,0.0053248736,0.006112726,0.006549343,0.007017147,0.006549343,0.005705217,0.007518364,0.006112726,0.0046385657,0.007017147,0.005705217,0.006112726,0.0053248736,0.006549343,0.0046385657,0.007518364,0.007518364,0.007518364,0.007518364,0.006112726,0.005705217,0.007518364,0.007518364,0.006549343,0.0053248736,0.007518364,0.007518364,0.007518364,0.0046385657,0.007518364,0.006549343,0.007518364,0.007518364,0.005705217,0.007518364,0.004969887,0.0046385657,0.0046385657,0.007518364,0.006112726,0.006112726,0.004969887,0.005705217,0.005705217,0.006112726,0.007518364,0.0046385657,0.004969887,0.0046385657,0.007518364,0.006112726,0.007518364,0.007518364,0.007518364,0.007518364,0.0046385657,0.0046385657,0.0046385657,0.0046385657,0.007518364,0.007017147,0.007518364,0.0053248736,0.007518364,0.007518364,0.006549343,0.007518364,0.0046385657,0.007518364,0.007518364,0.007518364,0.004969887,0.006112726,0.0046385657,0.0053248736,0.006112726,0.006112726,0.0053248736,0.007017147,0.0046385657,0.005705217,0.0053248736,0.0046385657,0.006549343,0.007017147,0.007518364,0.0053248736,0.007518364,0.007017147,0.0046385657,0.006549343,0.007518364,0.007518364,0.0053248736,0.005705217,0.005705217,0.007518364,0.007518364,0.007518364,0.007518364,0.006112726,0.0046385657,0.004969887,0.006112726,0.007017147,0.0053248736,0.006112726,0.007017147,0.006112726,0.006549343,0.006112726,0.0046385657,0.006112726,0.005705217,0.0053248736,0.005705217,0.005705217,0.0046385657,0.006549343,0.005705217,0.007518364,0.007518364,0.007518364,0.0046385657,0.0046385657,0.0053248736,0.007518364,0.007518364,0.007017147,0.0046385657,0.006549343,0.007017147,0.007518364,0.0053248736,1,1
0.0065217786,0.0065217786,0.0080214795,0.0080214795,0.0065217786,0.0053024627,0.00494897,0.00494897,0.00494897,0.0080214795,0.0065217786,0.0056812046,0.00494897,0.0053024627,0.0074867215,0.0056812046,0.0065217786,0.0065217786,0.00494897,0.0065217786,0.0060869996,0.00494897,0.0060869996,0.0060869996,0.00494897,0.0080214795,0.0056812046,0.00494897,0.00494897,0.0080214795,0.0080214795,0.0056812046,0.0053024627,0.006987613,0.0080214795,0.0060869996,0.0060869996,0.006987613,0.0060869996,0.0080214795,0.00494897,0.0065217786,0.0080214795,0.006987613,0.0080214795,0.0080214795,0.0074867215,0.00494897,0.00494897,0.006987613,0.006987613,0.0060869996,0.00494897,0.00494897,0.0080214795,0.00494897,0.006987613,0.00494897,0.00494897,0.006987613,0.0080214795,0.0053024627,0.0060869996,0.0056812046,0.0080214795,0.0053024627,0.006987613,0.0060869996,0.0060869996,0.0080214795,0.00494897,0.00494897,0.00494897,0.0053024627,0.0080214795,0.0065217786,0.0065217786,0.00494897,0.0056812046,0.0053024627,0.00494897,0.0056812046,0.0060869996,0.0080214795,0.0080214795,0.00494897,0.00494897,0.0053024627,0.006987613,0.0060869996,0.0060869996,0.006987613,0.00494897,0.0080214795,0.0080214795,0.0065217786,0.00494897,0.0060869996,0.00494897,0.0080214795,0.0074867215,0.0065217786,0.006987613,0.0053024627,0.0074867215,0.0080214795,0.0074867215,0.0060869996,0.00494897,0.0080214795,0.0074867215,0.0074867215,0.0065217786,0.006987613,0.0074867215,0.0060869996,0.006987613,0.00494897,0.0053024627,0.00494897,0.0056812046,0.0056812046,0.00494897,0.00494897,0.0056812046,0.00494897,0.0056812046,0.0060869996,0.0080214795,0.00494897,0.0080214795,0.0056812046,0.0065217786,0.0060869996,0.0074867215,0.0080214795,0.00494897,0.00494897,0.0060869996,0.0080214795,0.00494897,0.0053024627,0.0074867215,0.0053024627,0.006987613,0.00494897,0.0053024627,0.00494897,0.00494897,0.0080214795,0.0060869996,0.0056812046,0.00494897,0.00494897,0.0080214795,0.0080214795,0.0060869996,0.00494897,0.00494897,0.006987613,2,4
0.0063741542,0.0051824385,0.007839909,0.0048369477,0.0048369477,0.007839909,0.007839909,0.0055526076,0.007839909,0.007839909,0.006829445,0.006829445,0.0055526076,0.0051824385,0.0055526076,0.0063741542,0.0073172553,0.005949217,0.0055526076,0.0051824385,0.007839909,0.0055526076,0.005949217,0.0063741542,0.0048369477,0.007839909,0.0055526076,0.0051824385,0.0048369477,0.007839909,0.007839909,0.0055526076,0.0051824385,0.006829445,0.007839909,0.005949217,0.005949217,0.006829445,0.005949217,0.0073172553,0.0048369477,0.006829445,0.007839909,0.006829445,0.007839909,0.007839909,0.006829445,0.0048369477,0.0048369477,0.006829445,0.007839909,0.005949217,0.006829445,0.0048369477,0.007839909,0.0048369477,0.0063741542,0.0051824385,0.0048369477,0.0048369477,0.007839909,0.005949217,0.0055526076,0.0051824385,0.007839909,0.0051824385,0.0063741542,0.0055526076,0.0051824385,0.0073172553,0.007839909,0.007839909,0.0055526076,0.0055526076,0.0051824385,0.006829445,0.0063741542,0.0048369477,0.0048369477,0.0051824385,0.005949217,0.0055526076,0.007839909,0.007839909,0.005949217,0.0048369477,0.0048369477,0.0051824385,0.0073172553,0.005949217,0.005949217,0.006829445,0.0048369477,0.007839909,0.007839909,0.006829445,0.0048369477,0.0055526076,0.0048369477,0.007839909,0.0073172553,0.006829445,0.0063741542,0.0051824385,0.006829445,0.007839909,0.0073172553,0.0063741542,0.0048369477,0.007839909,0.007839909,0.007839909,0.0063741542,0.0073172553,0.0073172553,0.007839909,0.005949217,0.0048369477,0.0051824385,0.0048369477,0.0048369477,0.0051824385,0.0048369477,0.0048369477,0.0048369477,0.0055526076,0.0055526076,0.006829445,0.007839909,0.0048369477,0.007839909,0.0055526076,0.006829445,0.0063741542,0.0073172553,0.006829445,0.0055526076,0.005949217,0.0063741542,0.007839909,0.005949217,0.005949217,0.0051824385,0.0073172553,0.0063741542,0.0073172553,0.0048369477,0.007839909,0.007839909,0.0048369477,0.005949217,0.0055526076,0.0048369477,0.0048369477,0.007839909,0.007839909,0.005949217,0.0051824385,0.0055526076,0.0048369477,2,0
0.0070981234,0.0076051247,0.0076051247,0.0076051247,0.005771054,0.006624921,0.0076051247,0.006624921,0.0076051247,0.0076051247,0.0070981234,0.006624921,0.004692094,0.004692094,0.004692094,0.005771054,0.0070981234,0.006624921,0.0076051247,0.004692094,0.006624921,0.0070981234,0.0061832657,0.0061832657,0.004692094,0.004692094,0.005386322,0.0061832657,0.0070981234,0.005386322,0.004692094,0.0061832657,0.0076051247,0.006624921,0.004692094,0.0070981234,0.0061832657,0.005771054,0.004692094,0.0076051247,0.0050272387,0.0076051247,0.0076051247,0.0076051247,0.0061832657,0.0076051247,0.006624921,0.0076051247,0.0076051247,0.006624921,0.005386322,0.0076051247,0.0076051247,0.0076051247,0.004692094,0.0076051247,0.006624921,0.0076051247,0.0076051247,0.0061832657,0.004692094,0.006624921,0.0050272387,0.0050272387,0.0061832657,0.0050272387,0.0061832657,0.004692094,0.005386322,0.005771054,0.005386322,0.0076051247,0.004692094,0.0050272387,0.004692094,0.0076051247,0.0061832657,0.0076051247,0.0076051247,0.0076051247,0.0076051247,0.0050272387,0.004692094,0.004692094,0.004692094,0.004692094,0.0076051247,0.0076051247,0.005771054,0.004692094,0.0076051247,0.006624921,0.0076051247,0.004692094,0.0076051247,0.0076051247,0.0076051247,0.004692094,0.0061832657,0.004692094,0.0050272387,0.0076051247,0.006624921,0.0050272387,0.0050272387,0.004692094,0.005771054,0.0061832657,0.004692094,0.005386322,0.006624921,0.0076051247,0.0050272387,0.0076051247,0.005771054,0.004692094,0.006624921,0.0076051247,0.0076051247,0.004692094,0.0076051247,0.0070981234,0.0076051247,0.0076051247,0.005771054,0.0076051247,0.0070981234,0.004692094,0.004692094,0.006624921,0.005386322,0.005386322,0.005771054,0.0070981234,0.004692094,0.005386322,0.0050272387,0.004692094,0.006624921,0.005386322,0.005771054,0.006624921,0.005771054,0.004692094,0.006624921,0.005386322,0.0076051247,0.0076051247,0.0076051247,0.004692094,0.004692094,0.005386322,0.0076051247,0.0076051247,0.0061832657,0.004692094,0.0070981234,0.0076051247,0.0076051247,0.0061832657,1,3
0.0069497544,0.007446158,0.007446158,0.007446158,0.0049221567,0.0069497544,0.007446158,0.0064864433,0.0069497544,0.0045940173,0.0060540196,0.0056504244,0.0045940173,0.0045940173,0.0052737338,0.0060540196,0.0060540196,0.0060540196,0.007446158,0.0056504244,0.0069497544,0.0069497544,0.0056504244,0.0052737338,0.0045940173,0.0069497544,0.0052737338,0.0060540196,0.0056504244,0.007446158,0.007446158,0.0060540196,0.007446158,0.0056504244,0.0045940173,0.0069497544,0.0056504244,0.0056504244,0.0045940173,0.007446158,0.0045940173,0.007446158,0.007446158,0.007446158,0.0064864433,0.0069497544,0.0060540196,0.007446158,0.007446158,0.007446158,0.0052737338,0.007446158,0.007446158,0.007446158,0.0045940173,0.007446158,0.0064864433,0.007446158,0.007446158,0.0056504244,0.007446158,0.0049221567,0.0045940173,0.0045940173,0.007446158,0.0060540196,0.0060540196,0.0049221567,0.0056504244,0.0056504244,0.0060540196,0.007446158,0.0045940173,0.0049221567,0.0045940173,0.007446158,0.0060540196,0.007446158,0.007446158,0.007446158,0.007446158,0.0045940173,0.0045940173,0.0045940173,0.0045940173,0.007446158,0.0064864433,0.007446158,0.0045940173,0.007446158,0.007446158,0.0064864433,0.007446158,0.0045940173,0.007446158,0.007446158,0.007446158,0.0045940173,0.0060540196,0.0045940173,0.0056504244,0.0056504244,0.0060540196,0.0052737338,0.0069497544,0.0045940173,0.0056504244,0.0052737338,0.0045940173,0.0069497544,0.007446158,0.007446158,0.0049221567,0.007446158,0.0069497544,0.0049221567,0.0069497544,0.007446158,0.007446158,0.0052737338,0.0069497544,0.0060540196,0.007446158,0.007446158,0.007446158,0.007446158,0.0056504244,0.0045940173,0.0049221567,0.0064864433,0.007446158,0.0052737338,0.0064864433,0.0069497544,0.0069497544,0.0064864433,0.0056504244,0.0045940173,0.0060540196,0.0052737338,0.0056504244,0.0064864433,0.0056504244,0.0045940173,0.0060540196,0.0060540196,0.007446158,0.007446158,0.007446158,0.0045940173,0.0056504244,0.0052737338,0.0069497544,0.007446158,0.007446158,0.0045940173,0.0069497544,0.0064864433,0.007446158,0.0064864433,1,0
0.004949573,0.004949573,0.008022456,0.008022456,0.004949573,0.0056818966,0.004949573,0.0069884644,0.0074876333,0.008022456,0.0056818966,0.006522573,0.0069884644,0.004949573,0.0074876333,0.006087741,0.006522573,0.0069884644,0.008022456,0.004949573,0.0056818966,0.0074876333,0.006522573,0.006522573,0.0056818966,0.004949573,0.0056818966,0.006522573,0.006087741,0.004949573,0.004949573,0.0069884644,0.008022456,0.006522573,0.006087741,0.006087741,0.004949573,0.008022456,0.004949573,0.0069884644,0.004949573,0.006522573,0.0069884644,0.006087741,0.008022456,0.004949573,0.004949573,0.008022456,0.004949573,0.008022456,0.0069884644,0.004949573,0.008022456,0.004949573,0.0056818966,0.004949573,0.004949573,0.008022456,0.006087741,0.0069884644,0.004949573,0.0056818966,0.0069884644,0.004949573,0.006522573,0.0053031086,0.006087741,0.0053031086,0.004949573,0.0056818966,0.0053031086,0.004949573,0.0056818966,0.0053031086,0.008022456,0.004949573,0.0053031086,0.008022456,0.004949573,0.004949573,0.004949573,0.004949573,0.008022456,0.008022456,0.0069884644,0.004949573,0.004949573,0.008022456,0.008022456,0.004949573,0.006522573,0.006522573,0.008022456,0.004949573,0.008022456,0.004949573,0.0053031086,0.008022456,0.006522573,0.0074876333,0.0056818966,0.008022456,0.0069884644,0.0053031086,0.006522573,0.004949573,0.0056818966,0.008022456,0.0053031086,0.008022456,0.004949573,0.004949573,0.0074876333,0.006087741,0.006522573,0.0056818966,0.006522573,0.008022456,0.006087741,0.004949573,0.0053031086,0.0053031086,0.008022456,0.008022456,0.006087741,0.004949573,0.008022456,0.0069884644,0.008022456,0.0074876333,0.0053031086,0.0056818966,0.0074876333,0.0074876333,0.0053031086,0.0056818966,0.004949573,0.004949573,0.006522573,0.0056818966,0.004949573,0.006087741,0.0074876333,0.0053031086,0.0056818966,0.0056818966,0.006522573,0.008022456,0.008022456,0.008022456,0.006522573,0.0056818966,0.0069884644,0.0074876333,0.004949573,0.0053031086,0.004949573,0.0069884644,0.006087741,0.0053031086,2,2
0.0047313687,0.0050693187,0.0058193603,0.007668783,0.0047313687,0.0050693187,0.007668783,0.0066803745,0.007668783,0.007668783,0.0071575376,0.0062350226,0.0047313687,0.0062350226,0.007668783,0.007668783,0.0062350226,0.0050693187,0.007668783,0.0058193603,0.0071575376,0.0071575376,0.0050693187,0.0047313687,0.0050693187,0.007668783,0.0054314076,0.0050693187,0.0054314076,0.0062350226,0.007668783,0.0054314076,0.0047313687,0.0062350226,0.007668783,0.0071575376,0.0047313687,0.0062350226,0.0047313687,0.0071575376,0.0050693187,0.0062350226,0.007668783,0.0058193603,0.007668783,0.007668783,0.0062350226,0.0062350226,0.007668783,0.0058193603,0.007668783,0.0058193603,0.0062350226,0.0047313687,0.007668783,0.0054314076,0.0058193603,0.0047313687,0.0047313687,0.0047313687,0.007668783,0.0062350226,0.0058193603,0.0047313687,0.0066803745,0.0058193603,0.0054314076,0.0050693187,0.007668783,0.0058193603,0.0071575376,0.0062350226,0.0050693187,0.0050693187,0.007668783,0.0071575376,0.0062350226,0.0054314076,0.0047313687,0.007668783,0.0066803745,0.007668783,0.007668783,0.0058193603,0.007668783,0.0047313687,0.0047313687,0.0050693187,0.0066803745,0.0058193603,0.0058193603,0.0066803745,0.0047313687,0.007668783,0.0071575376,0.0066803745,0.0047313687,0.0066803745,0.0054314076,0.007668783,0.007668783,0.0071575376,0.0054314076,0.0047313687,0.0071575376,0.007668783,0.0062350226,0.0047313687,0.007668783,0.007668783,0.007668783,0.007668783,0.0058193603,0.0054314076,0.0062350226,0.0058193603,0.0066803745,0.0062350226,0.0054314076,0.0047313687,0.007668783,0.0050693187,0.0047313687,0.0047313687,0.0058193603,0.0062350226,0.0071575376,0.0058193603,0.0062350226,0.0062350226,0.007668783,0.0058193603,0.0062350226,0.0071575376,0.0054314076,0.007668783,0.0062350226,0.0047313687,0.0066803745,0.0062350226,0.007668783,0.0062350226,0.0058193603,0.0054314076,0.0058193603,0.0062350226,0.007668783,0.007668783,0.007668783,0.0071575376,0.0058193603,0.0054314076,0.0062350226,0.0071575376,0.0062350226,0.007668783,0.0062350226,0.0054314076,0.0054314076,0.0047313687,3,0
0.005730292,0.0070479885,0.0049917307,0.006578129,0.006139593,0.0049917307,0.0053482777,0.0049917307,0.0049917307,0.008090788,0.006578129,0.0053482777,0.0049917307,0.008090788,0.008090788,0.0049917307,0.0049917307,0.005730292,0.0049917307,0.008090788,0.0049917307,0.0053482777,0.006139593,0.0053482777,0.005730292,0.007551409,0.006139593,0.006578129,0.005730292,0.008090788,0.007551409,0.0053482777,0.0049917307,0.006139593,0.008090788,0.006578129,0.006578129,0.0049917307,0.0049917307,0.007551409,0.0049917307,0.007551409,0.0070479885,0.005730292,0.008090788,0.008090788,0.006578129,0.0049917307,0.0049917307,0.008090788,0.006139593,0.0053482777,0.008090788,0.0049917307,0.006578129,0.0053482777,0.0070479885,0.0053482777,0.0049917307,0.005730292,0.008090788,0.006139593,0.0053482777,0.005730292,0.008090788,0.006139593,0.006578129,0.0053482777,0.008090788,0.0049917307,0.0049917307,0.0049917307,0.0049917307,0.005730292,0.008090788,0.0049917307,0.006578129,0.0049917307,0.0049917307,0.0049917307,0.0049917307,0.007551409,0.005730292,0.006578129,0.008090788,0.0049917307,0.0049917307,0.0053482777,0.006578129,0.006139593,0.006139593,0.0070479885,0.0049917307,0.008090788,0.008090788,0.006139593,0.0049917307,0.005730292,0.0053482777,0.008090788,0.007551409,0.0070479885,0.0049917307,0.0053482777,0.006578129,0.008090788,0.008090788,0.0049917307,0.0049917307,0.008090788,0.008090788,0.005730292,0.006139593,0.0049917307,0.006578129,0.006139593,0.006578129,0.005730292,0.005730292,0.0049917307,0.006578129,0.005730292,0.008090788,0.006578129,0.0049917307,0.0053482777,0.008090788,0.0049917307,0.0049917307,0.006578129,0.007551409,0.005730292,0.0049917307,0.0049917307,0.008090788,0.0070479885,0.0049917307,0.0053482777,0.0049917307,0.0070479885,0.006139593,0.0070479885,0.006139593,0.006139593,0.007551409,0.0053482777,0.008090788,0.008090788,0.008090788,0.008090788,0.006139593,0.005730292,0.0049917307,0.0049917307,0.008090788,0.008090788,0.006139593,0.006139593,0.006578129,0.006578129,9,4
0.004862312,0.0052096155,0.0059804143,0.007881021,0.004862312,0.0059804143,0.0068652583,0.0068652583,0.0068652583,0.007881021,0.0064075803,0.0052096155,0.004862312,0.007881021,0.007881021,0.004862312,0.0064075803,0.0068652583,0.007881021,0.005581725,0.0068652583,0.0073556267,0.0064075803,0.0073556267,0.004862312,0.004862312,0.005581725,0.0064075803,0.0073556267,0.0059804143,0.0059804143,0.0059804143,0.0068652583,0.0073556267,0.007881021,0.004862312,0.0052096155,0.005581725,0.0059804143,0.005581725,0.004862312,0.0059804143,0.007881021,0.0059804143,0.007881021,0.004862312,0.005581725,0.007881021,0.0073556267,0.0068652583,0.005581725,0.004862312,0.0068652583,0.007881021,0.005581725,0.004862312,0.005581725,0.0068652583,0.0064075803,0.0052096155,0.005581725,0.0064075803,0.0064075803,0.0064075803,0.005581725,0.0052096155,0.0059804143,0.0052096155,0.007881021,0.005581725,0.0064075803,0.007881021,0.005581725,0.0052096155,0.0068652583,0.004862312,0.0052096155,0.0052096155,0.005581725,0.004862312,0.004862312,0.0059804143,0.007881021,0.007881021,0.0068652583,0.004862312,0.0059804143,0.0073556267,0.0073556267,0.0059804143,0.0059804143,0.004862312,0.004862312,0.0064075803,0.0073556267,0.004862312,0.004862312,0.0068652583,0.0073556267,0.0073556267,0.0068652583,0.0068652583,0.005581725,0.005581725,0.005581725,0.004862312,0.005581725,0.005581725,0.0068652583,0.007881021,0.0052096155,0.0052096155,0.0073556267,0.007881021,0.0064075803,0.0059804143,0.0068652583,0.007881021,0.0068652583,0.004862312,0.004862312,0.0052096155,0.0068652583,0.007881021,0.0052096155,0.0064075803,0.0073556267,0.0064075803,0.007881021,0.0064075803,0.004862312,0.005581725,0.0073556267,0.0073556267,0.004862312,0.005581725,0.0059804143,0.0064075803,0.007881021,0.005581725,0.0059804143,0.0068652583,0.0064075803,0.0064075803,0.005581725,0.0052096155,0.007881021,0.007881021,0.007881021,0.0059804143,0.004862312,0.005581725,0.0068652583,0.0073556267,0.004862312,0.0068652583,0.0059804143,0.0073556267,0.0073556267,0.0052096155,3,3
0.0055974526,0.007376353,0.0055974526,0.006425635,0.0052242945,0.0055974526,0.007903228,0.0052242945,0.006425635,0.007903228,0.007903228,0.0055974526,0.004876013,0.007903228,0.007903228,0.007376353,0.0055974526,0.004876013,0.004876013,0.0068846024,0.0068846024,0.007376353,0.0052242945,0.004876013,0.006425635,0.007903228,0.0055974526,0.004876013,0.0052242945,0.0055974526,0.007903228,0.0059972657,0.004876013,0.004876013,0.006425635,0.0052242945,0.006425635,0.004876013,0.004876013,0.0055974526,0.004876013,0.0059972657,0.007903228,0.0059972657,0.007903228,0.007903228,0.0068846024,0.0059972657,0.004876013,0.007903228,0.0068846024,0.0059972657,0.007903228,0.007903228,0.0068846024,0.0059972657,0.0068846024,0.0055974526,0.004876013,0.0059972657,0.007376353,0.006425635,0.0059972657,0.004876013,0.0068846024,0.0052242945,0.0059972657,0.0052242945,0.007903228,0.0055974526,0.007903228,0.007903228,0.0055974526,0.0055974526,0.0059972657,0.006425635,0.006425635,0.004876013,0.004876013,0.004876013,0.006425635,0.0068846024,0.004876013,0.004876013,0.007903228,0.004876013,0.004876013,0.0052242945,0.007376353,0.0059972657,0.0059972657,0.0068846024,0.004876013,0.007903228,0.007903228,0.006425635,0.004876013,0.006425635,0.004876013,0.007903228,0.007903228,0.007376353,0.006425635,0.0052242945,0.0068846024,0.0068846024,0.0059972657,0.0059972657,0.004876013,0.007376353,0.0068846024,0.007903228,0.0052242945,0.004876013,0.007376353,0.0059972657,0.0068846024,0.0055974526,0.006425635,0.004876013,0.0055974526,0.0055974526,0.004876013,0.004876013,0.007376353,0.006425635,0.007903228,0.004876013,0.004876013,0.0068846024,0.007903228,0.006425635,0.0059972657,0.006425635,0.006425635,0.0068846024,0.0055974526,0.007903228,0.006425635,0.0068846024,0.0059972657,0.0068846024,0.0059972657,0.0068846024,0.0059972657,0.0052242945,0.007903228,0.007903228,0.007903228,0.0059972657,0.004876013,0.0059972657,0.006425635,0.004876013,0.0068846024,0.007903228,0.006425635,0.004876013,0.0059972657,0.0052242945,6,4
0.006089784,0.007490147,0.007490147,0.007490147,0.005304889,0.0069908104,0.007490147,0.0065247626,0.007490147,0.0046211565,0.006089784,0.0056838044,0.0046211565,0.0046211565,0.005304889,0.0056838044,0.006089784,0.0065247626,0.007490147,0.006089784,0.0069908104,0.0069908104,0.0046211565,0.0049512344,0.0046211565,0.007490147,0.005304889,0.005304889,0.005304889,0.007490147,0.006089784,0.006089784,0.007490147,0.006089784,0.0046211565,0.005304889,0.0056838044,0.0056838044,0.0046211565,0.0069908104,0.0056838044,0.007490147,0.0065247626,0.0069908104,0.0046211565,0.007490147,0.0069908104,0.007490147,0.007490147,0.007490147,0.005304889,0.007490147,0.0069908104,0.007490147,0.0046211565,0.007490147,0.0065247626,0.007490147,0.007490147,0.0056838044,0.007490147,0.0056838044,0.0046211565,0.0046211565,0.007490147,0.006089784,0.006089784,0.0049512344,0.0056838044,0.0056838044,0.007490147,0.007490147,0.0046211565,0.0049512344,0.0049512344,0.007490147,0.006089784,0.007490147,0.007490147,0.007490147,0.0069908104,0.0049512344,0.0046211565,0.0046211565,0.0046211565,0.0069908104,0.007490147,0.007490147,0.0056838044,0.007490147,0.007490147,0.0065247626,0.007490147,0.0046211565,0.007490147,0.007490147,0.007490147,0.0046211565,0.006089784,0.0046211565,0.006089784,0.0069908104,0.0069908104,0.005304889,0.0069908104,0.0046211565,0.005304889,0.0056838044,0.0046211565,0.0065247626,0.0069908104,0.007490147,0.005304889,0.0069908104,0.007490147,0.0046211565,0.0069908104,0.007490147,0.007490147,0.0065247626,0.0069908104,0.0065247626,0.007490147,0.007490147,0.007490147,0.007490147,0.007490147,0.0046211565,0.005304889,0.0069908104,0.007490147,0.005304889,0.0046211565,0.006089784,0.0065247626,0.007490147,0.0056838044,0.0046211565,0.006089784,0.005304889,0.0056838044,0.0056838044,0.0049512344,0.0046211565,0.0056838044,0.005304889,0.007490147,0.007490147,0.007490147,0.0046211565,0.0046211565,0.005304889,0.007490147,0.007490147,0.0069908104,0.006089784,0.006089784,0.006089784,0.005304889,0.005304889,1,1
0.005185414,0.0059526325,0.00784441,0.00784441,0.0048397244,0.0059526325,0.00784441,0.0068333657,0.0073214564,0.00784441,0.005555795,0.0059526325,0.0068333657,0.0048397244,0.00784441,0.0048397244,0.005555795,0.006377814,0.00784441,0.0059526325,0.00784441,0.0073214564,0.005185414,0.0048397244,0.0048397244,0.00784441,0.005555795,0.005555795,0.005185414,0.006377814,0.00784441,0.0059526325,0.006377814,0.006377814,0.0073214564,0.0048397244,0.0048397244,0.00784441,0.0048397244,0.005555795,0.0048397244,0.006377814,0.00784441,0.0059526325,0.00784441,0.005555795,0.0048397244,0.00784441,0.0048397244,0.0073214564,0.005555795,0.0068333657,0.00784441,0.0048397244,0.005555795,0.0048397244,0.0048397244,0.00784441,0.0059526325,0.0073214564,0.0068333657,0.0059526325,0.0068333657,0.0048397244,0.00784441,0.005555795,0.005555795,0.005185414,0.005555795,0.006377814,0.0068333657,0.00784441,0.005555795,0.005555795,0.005185414,0.005185414,0.005185414,0.00784441,0.005555795,0.005555795,0.0048397244,0.0068333657,0.00784441,0.00784441,0.0068333657,0.0048397244,0.0059526325,0.00784441,0.0073214564,0.0059526325,0.0068333657,0.0068333657,0.00784441,0.0048397244,0.00784441,0.0048397244,0.0048397244,0.00784441,0.0059526325,0.0068333657,0.0073214564,0.0068333657,0.006377814,0.005185414,0.0073214564,0.0048397244,0.005555795,0.0073214564,0.005185414,0.00784441,0.0048397244,0.0048397244,0.0073214564,0.005185414,0.006377814,0.0048397244,0.006377814,0.00784441,0.0048397244,0.0059526325,0.005185414,0.005185414,0.00784441,0.00784441,0.005555795,0.005555795,0.00784441,0.006377814,0.00784441,0.0068333657,0.0068333657,0.006377814,0.0073214564,0.0073214564,0.005185414,0.005555795,0.005185414,0.005555795,0.00784441,0.005555795,0.005185414,0.0059526325,0.006377814,0.0048397244,0.005555795,0.005555795,0.00784441,0.00784441,0.00784441,0.0048397244,0.005185414,0.005555795,0.0068333657,0.0073214564,0.0048397244,0.006377814,0.006377814,0.006377814,0.005555795,0.005185414,2,2
0.0061141253,0.0065508415,0.004971024,0.0061141253,0.007018752,0.0053260922,0.0053260922,0.004971024,0.004971024,0.0053260922,0.0057065217,0.0061141253,0.004971024,0.0057065217,0.0080572255,0.007018752,0.0075200843,0.004971024,0.004971024,0.004971024,0.0053260922,0.007018752,0.0057065217,0.0057065217,0.007018752,0.0080572255,0.0057065217,0.0065508415,0.004971024,0.0080572255,0.0065508415,0.0061141253,0.004971024,0.007018752,0.0080572255,0.0061141253,0.0065508415,0.0057065217,0.0061141253,0.0057065217,0.004971024,0.007018752,0.007018752,0.0061141253,0.0080572255,0.0065508415,0.0053260922,0.007018752,0.004971024,0.0080572255,0.0057065217,0.0061141253,0.0065508415,0.004971024,0.0065508415,0.007018752,0.0065508415,0.0080572255,0.004971024,0.007018752,0.0080572255,0.0061141253,0.0061141253,0.0057065217,0.0080572255,0.0057065217,0.0061141253,0.004971024,0.0061141253,0.007018752,0.004971024,0.0065508415,0.0057065217,0.0057065217,0.0080572255,0.0065508415,0.0065508415,0.004971024,0.004971024,0.0057065217,0.0057065217,0.0075200843,0.004971024,0.004971024,0.0080572255,0.004971024,0.0053260922,0.004971024,0.0065508415,0.0061141253,0.0061141253,0.0065508415,0.0057065217,0.0053260922,0.0080572255,0.0061141253,0.004971024,0.0057065217,0.004971024,0.0080572255,0.0075200843,0.0065508415,0.004971024,0.004971024,0.0065508415,0.0065508415,0.0065508415,0.004971024,0.004971024,0.0057065217,0.0080572255,0.0075200843,0.004971024,0.0061141253,0.0065508415,0.0057065217,0.007018752,0.004971024,0.0053260922,0.004971024,0.007018752,0.0061141253,0.0065508415,0.0065508415,0.0061141253,0.0075200843,0.0080572255,0.004971024,0.004971024,0.0065508415,0.0080572255,0.007018752,0.0061141253,0.0057065217,0.0061141253,0.0075200843,0.004971024,0.0065508415,0.0065508415,0.0075200843,0.0065508415,0.007018752,0.0061141253,0.007018752,0.0080572255,0.0053260922,0.0075200843,0.0080572255,0.0080572255,0.0080572255,0.0061141253,0.0057065217,0.004971024,0.004971024,0.0080572255,0.0080572255,0.0057065217,0.0061141253,0.0057065217,0.004971024,14,0
0.006702113,0.0076937373,0.0076937373,0.0076937373,0.0054490813,0.0076937373,0.0076937373,0.0071808286,0.0076937373,0.0076937373,0.0071808286,0.006702113,0.004746765,0.004746765,0.0054490813,0.004746765,0.0071808286,0.0062553114,0.0076937373,0.004746765,0.0062553114,0.0071808286,0.0062553114,0.006702113,0.004746765,0.0054490813,0.0058382964,0.0050858143,0.0058382964,0.004746765,0.004746765,0.0062553114,0.0076937373,0.006702113,0.004746765,0.006702113,0.0062553114,0.0062553114,0.004746765,0.0062553114,0.0050858143,0.0058382964,0.0076937373,0.0071808286,0.004746765,0.0076937373,0.006702113,0.0071808286,0.0076937373,0.0058382964,0.006702113,0.0076937373,0.0076937373,0.0076937373,0.004746765,0.0076937373,0.006702113,0.0076937373,0.0076937373,0.006702113,0.004746765,0.0054490813,0.006702113,0.0058382964,0.004746765,0.0058382964,0.0062553114,0.004746765,0.0058382964,0.0071808286,0.004746765,0.0076937373,0.004746765,0.0050858143,0.004746765,0.0076937373,0.0058382964,0.0076937373,0.0076937373,0.0062553114,0.0071808286,0.0062553114,0.004746765,0.004746765,0.006702113,0.004746765,0.0076937373,0.006702113,0.0058382964,0.004746765,0.006702113,0.006702113,0.0076937373,0.004746765,0.0076937373,0.0076937373,0.0076937373,0.004746765,0.0062553114,0.004746765,0.0054490813,0.0076937373,0.006702113,0.0050858143,0.004746765,0.004746765,0.0062553114,0.0062553114,0.004746765,0.0050858143,0.0076937373,0.0076937373,0.004746765,0.0076937373,0.0058382964,0.004746765,0.0071808286,0.0076937373,0.0076937373,0.0062553114,0.0076937373,0.0071808286,0.0076937373,0.0076937373,0.0062553114,0.0076937373,0.0071808286,0.004746765,0.004746765,0.006702113,0.0054490813,0.0054490813,0.006702113,0.0071808286,0.0050858143,0.0054490813,0.004746765,0.004746765,0.0062553114,0.0054490813,0.0058382964,0.006702113,0.0054490813,0.0050858143,0.006702113,0.0050858143,0.0076937373,0.004746765,0.0050858143,0.004746765,0.004746765,0.0054490813,0.0076937373,0.0076937373,0.006702113,0.004746765,0.0062553114,0.0076937373,0.0076937373,0.004746765,1,1
0.0051702466,0.0048255683,0.007821465,0.007821465,0.0048255683,0.0055395444,0.0048255683,0.006813378,0.007300041,0.007821465,0.0055395444,0.0051702466,0.0048255683,0.0048255683,0.007821465,0.005935221,0.006359159,0.006813378,0.007821465,0.0048255683,0.006359159,0.007300041,0.0055395444,0.006359159,0.006359159,0.007300041,0.0055395444,0.005935221,0.0055395444,0.0051702466,0.007300041,0.006359159,0.005935221,0.006813378,0.007821465,0.005935221,0.0048255683,0.007821465,0.0048255683,0.006813378,0.0048255683,0.006359159,0.006813378,0.005935221,0.007821465,0.0051702466,0.0048255683,0.007821465,0.0048255683,0.006813378,0.006813378,0.0048255683,0.007821465,0.005935221,0.0055395444,0.0048255683,0.0051702466,0.007821465,0.006359159,0.0055395444,0.007821465,0.0051702466,0.005935221,0.005935221,0.007300041,0.005935221,0.005935221,0.0048255683,0.005935221,0.005935221,0.0051702466,0.0048255683,0.0055395444,0.0051702466,0.007821465,0.0051702466,0.0051702466,0.007821465,0.007300041,0.0055395444,0.007821465,0.0051702466,0.007821465,0.007300041,0.006813378,0.0051702466,0.005935221,0.007821465,0.006813378,0.006359159,0.006813378,0.0048255683,0.0051702466,0.0048255683,0.006813378,0.0051702466,0.0051702466,0.007821465,0.006813378,0.007300041,0.007300041,0.007821465,0.0055395444,0.0048255683,0.007300041,0.0048255683,0.0055395444,0.007821465,0.006359159,0.007821465,0.0051702466,0.0048255683,0.006359159,0.007300041,0.006813378,0.006813378,0.006813378,0.007821465,0.005935221,0.0048255683,0.0051702466,0.0051702466,0.007821465,0.007821465,0.0055395444,0.0048255683,0.007821465,0.006813378,0.007821465,0.007300041,0.006813378,0.0055395444,0.007300041,0.007300041,0.0055395444,0.005935221,0.0048255683,0.0048255683,0.006359159,0.0055395444,0.006359159,0.006359159,0.006359159,0.0055395444,0.005935221,0.0055395444,0.007821465,0.007821465,0.007821465,0.007821465,0.006359159,0.0055395444,0.006813378,0.007300041,0.0051702466,0.006359159,0.0051702466,0.006813378,0.005935221,0.0048255683,2,2
0.0061392086,0.0070475475,0.0075509367,0.0075509367,0.004658662,0.0070475475,0.0075509367,0.006577717,0.0070475475,0.004658662,0.0061392086,0.0061392086,0.004658662,0.004658662,0.005347943,0.0075509367,0.0061392086,0.005347943,0.0075509367,0.005347943,0.0075509367,0.0070475475,0.004658662,0.004658662,0.004658662,0.0075509367,0.005347943,0.005347943,0.004658662,0.0075509367,0.0075509367,0.005729934,0.0075509367,0.005729934,0.004658662,0.0075509367,0.0061392086,0.0061392086,0.004658662,0.0075509367,0.004658662,0.006577717,0.0075509367,0.0075509367,0.0070475475,0.0075509367,0.0061392086,0.0075509367,0.0075509367,0.0075509367,0.0075509367,0.0075509367,0.005729934,0.0075509367,0.005347943,0.0075509367,0.006577717,0.0075509367,0.0075509367,0.005729934,0.0075509367,0.005729934,0.0049914187,0.0049914187,0.0075509367,0.005729934,0.0061392086,0.0049914187,0.005347943,0.006577717,0.0075509367,0.0075509367,0.004658662,0.0049914187,0.004658662,0.0075509367,0.005347943,0.0061392086,0.006577717,0.0061392086,0.006577717,0.0049914187,0.004658662,0.004658662,0.004658662,0.005729934,0.0061392086,0.0075509367,0.005347943,0.0075509367,0.0075509367,0.006577717,0.0075509367,0.004658662,0.0075509367,0.0075509367,0.0070475475,0.004658662,0.004658662,0.004658662,0.005729934,0.0061392086,0.0070475475,0.0061392086,0.0070475475,0.004658662,0.005347943,0.005347943,0.004658662,0.0070475475,0.0075509367,0.0075509367,0.004658662,0.0070475475,0.006577717,0.005347943,0.006577717,0.006577717,0.0070475475,0.004658662,0.0075509367,0.006577717,0.0075509367,0.0075509367,0.0075509367,0.0075509367,0.0070475475,0.005347943,0.0061392086,0.0061392086,0.0075509367,0.005347943,0.0061392086,0.0070475475,0.006577717,0.0075509367,0.005729934,0.004658662,0.005729934,0.005729934,0.005729934,0.005729934,0.005347943,0.004658662,0.0061392086,0.0070475475,0.0075509367,0.0075509367,0.0070475475,0.004658662,0.0061392086,0.005347943,0.0061392086,0.006577717,0.004658662,0.0070475475,0.0061392086,0.0061392086,0.005347943,0.004658662,2,0
0.0048230356,0.0059321057,0.0048230356,0.00781736,0.0048230356,0.005167533,0.00781736,0.006809802,0.006809802,0.00781736,0.00781736,0.006809802,0.0048230356,0.00781736,0.00781736,0.007296209,0.0059321057,0.006355821,0.00781736,0.005167533,0.00781736,0.007296209,0.005167533,0.005536637,0.0048230356,0.007296209,0.005536637,0.005167533,0.0048230356,0.005536637,0.00781736,0.005536637,0.0048230356,0.005167533,0.00781736,0.0048230356,0.005167533,0.005167533,0.0059321057,0.005536637,0.0048230356,0.006809802,0.00781736,0.0059321057,0.00781736,0.007296209,0.006355821,0.006355821,0.00781736,0.006355821,0.005536637,0.0059321057,0.006355821,0.00781736,0.0059321057,0.0048230356,0.006355821,0.006809802,0.006809802,0.0048230356,0.006809802,0.006355821,0.006809802,0.005536637,0.0059321057,0.005167533,0.005536637,0.005167533,0.007296209,0.0059321057,0.005167533,0.007296209,0.005536637,0.005536637,0.007296209,0.0048230356,0.006355821,0.0059321057,0.0059321057,0.0048230356,0.0048230356,0.006809802,0.00781736,0.00781736,0.006355821,0.0048230356,0.005167533,0.005167533,0.007296209,0.0059321057,0.0059321057,0.006809802,0.0048230356,0.00781736,0.006355821,0.0059321057,0.0048230356,0.006809802,0.006355821,0.006809802,0.00781736,0.007296209,0.007296209,0.005536637,0.006355821,0.006355821,0.005536637,0.0059321057,0.00781736,0.00781736,0.006809802,0.00781736,0.005536637,0.00781736,0.006355821,0.0059321057,0.006809802,0.005167533,0.006355821,0.0048230356,0.0048230356,0.005167533,0.00781736,0.00781736,0.005167533,0.0059321057,0.00781736,0.006355821,0.00781736,0.006355821,0.006355821,0.005536637,0.007296209,0.007296209,0.0059321057,0.006355821,0.0059321057,0.0048230356,0.006809802,0.006355821,0.005536637,0.0059321057,0.006355821,0.0059321057,0.005536637,0.005167533,0.00781736,0.00781736,0.00781736,0.005167533,0.005167533,0.005536637,0.006355821,0.006809802,0.0048230356,0.007296209,0.006355821,0.005536637,0.005536637,0.005167533,3,3
0.0070083425,0.0061050565,0.007508931,0.007508931,0.004632746,0.0070083425,0.006541126,0.0070083425,0.007508931,0.007508931,0.0061050565,0.0056980588,0.004632746,0.004632746,0.0053181928,0.007508931,0.0061050565,0.004632746,0.007508931,0.0061050565,0.006541126,0.0070083425,0.0053181928,0.0056980588,0.0053181928,0.0070083425,0.0053181928,0.0061050565,0.0061050565,0.007508931,0.0061050565,0.0056980588,0.007508931,0.006541126,0.004632746,0.0061050565,0.0056980588,0.0070083425,0.0053181928,0.006541126,0.0049636518,0.007508931,0.007508931,0.007508931,0.0070083425,0.0070083425,0.0056980588,0.007508931,0.007508931,0.0056980588,0.006541126,0.007508931,0.007508931,0.007508931,0.004632746,0.007508931,0.0061050565,0.007508931,0.007508931,0.007508931,0.006541126,0.0049636518,0.0053181928,0.0061050565,0.0070083425,0.0061050565,0.0056980588,0.004632746,0.0053181928,0.006541126,0.004632746,0.007508931,0.0049636518,0.0053181928,0.004632746,0.007508931,0.0061050565,0.007508931,0.007508931,0.0061050565,0.007508931,0.0053181928,0.004632746,0.004632746,0.004632746,0.007508931,0.007508931,0.007508931,0.0056980588,0.007508931,0.0070083425,0.006541126,0.007508931,0.004632746,0.007508931,0.007508931,0.0070083425,0.004632746,0.0053181928,0.004632746,0.007508931,0.0070083425,0.0061050565,0.0049636518,0.006541126,0.0049636518,0.0061050565,0.0053181928,0.004632746,0.0056980588,0.007508931,0.007508931,0.004632746,0.0070083425,0.006541126,0.0049636518,0.006541126,0.0061050565,0.006541126,0.004632746,0.0070083425,0.0056980588,0.007508931,0.007508931,0.0049636518,0.007508931,0.0061050565,0.004632746,0.004632746,0.0070083425,0.0070083425,0.0053181928,0.006541126,0.0061050565,0.006541126,0.0053181928,0.004632746,0.004632746,0.0061050565,0.0053181928,0.0056980588,0.0061050565,0.0056980588,0.0049636518,0.0061050565,0.0061050565,0.007508931,0.0070083425,0.007508931,0.0056980588,0.0053181928,0.0053181928,0.004632746,0.007508931,0.007508931,0.004632746,0.0070083425,0.007508931,0.007508931,0.007508931,2,2
0.0049440754,0.006515328,0.0049440754,0.0049440754,0.0056755855,0.008013546,0.0049440754,0.0049440754,0.0049440754,0.0052972184,0.006515328,0.0056755855,0.0049440754,0.0052972184,0.008013546,0.0056755855,0.006515328,0.006515328,0.0049440754,0.006515328,0.0056755855,0.0074793166,0.006080979,0.0056755855,0.008013546,0.006980702,0.0056755855,0.0049440754,0.0049440754,0.008013546,0.008013546,0.0056755855,0.0049440754,0.006980702,0.008013546,0.006515328,0.006515328,0.006980702,0.006080979,0.008013546,0.0049440754,0.006515328,0.008013546,0.006980702,0.008013546,0.0074793166,0.006980702,0.0049440754,0.0049440754,0.008013546,0.006980702,0.006515328,0.0049440754,0.0049440754,0.008013546,0.0049440754,0.006980702,0.0049440754,0.0049440754,0.0074793166,0.008013546,0.0052972184,0.006080979,0.0056755855,0.008013546,0.0052972184,0.006080979,0.006080979,0.006080979,0.008013546,0.0074793166,0.008013546,0.0049440754,0.0052972184,0.0049440754,0.0056755855,0.006080979,0.0049440754,0.0049440754,0.0049440754,0.0049440754,0.006080979,0.0052972184,0.008013546,0.008013546,0.0049440754,0.0049440754,0.0052972184,0.006980702,0.006080979,0.006080979,0.006980702,0.0049440754,0.008013546,0.008013546,0.006980702,0.0049440754,0.006980702,0.0049440754,0.008013546,0.006980702,0.0074793166,0.0056755855,0.0049440754,0.0074793166,0.008013546,0.006980702,0.006080979,0.0049440754,0.0074793166,0.008013546,0.006980702,0.006080979,0.0049440754,0.0074793166,0.006080979,0.006980702,0.0049440754,0.0056755855,0.0049440754,0.0049440754,0.0056755855,0.0049440754,0.0049440754,0.0052972184,0.0049440754,0.0052972184,0.0056755855,0.0074793166,0.0049440754,0.006980702,0.0056755855,0.0074793166,0.0074793166,0.0074793166,0.0074793166,0.0056755855,0.0049440754,0.0049440754,0.0074793166,0.0049440754,0.0052972184,0.0074793166,0.0056755855,0.006980702,0.006980702,0.006515328,0.008013546,0.008013546,0.0049440754,0.0049440754,0.0056755855,0.006980702,0.0049440754,0.008013546,0.008013546,0.008013546,0.0049440754,0.0052972184,0.0074793166,5,4
0.005232636,0.006006841,0.004883798,0.007915846,0.004883798,0.0064358944,0.007915846,0.0068955948,0.0068955948,0.0064358944,0.006006841,0.0064358944,0.004883798,0.007915846,0.00560639,0.004883798,0.0064358944,0.0068955948,0.007915846,0.006006841,0.007915846,0.005232636,0.006006841,0.005232636,0.004883798,0.0068955948,0.0064358944,0.0064358944,0.006006841,0.007915846,0.007915846,0.00560639,0.00560639,0.0068955948,0.007915846,0.004883798,0.00560639,0.004883798,0.007915846,0.00560639,0.004883798,0.006006841,0.007915846,0.006006841,0.007915846,0.00560639,0.006006841,0.006006841,0.007915846,0.0064358944,0.006006841,0.005232636,0.005232636,0.007915846,0.0068955948,0.005232636,0.0068955948,0.004883798,0.0068955948,0.005232636,0.005232636,0.0073881303,0.00560639,0.00560639,0.0064358944,0.005232636,0.0064358944,0.005232636,0.007915846,0.0073881303,0.0068955948,0.007915846,0.00560639,0.00560639,0.005232636,0.004883798,0.006006841,0.004883798,0.007915846,0.005232636,0.004883798,0.006006841,0.007915846,0.007915846,0.0073881303,0.004883798,0.004883798,0.005232636,0.0073881303,0.006006841,0.0068955948,0.005232636,0.004883798,0.007915846,0.004883798,0.006006841,0.004883798,0.0068955948,0.0064358944,0.007915846,0.0068955948,0.006006841,0.0068955948,0.00560639,0.0073881303,0.004883798,0.00560639,0.004883798,0.007915846,0.00560639,0.00560639,0.005232636,0.005232636,0.0073881303,0.005232636,0.006006841,0.006006841,0.004883798,0.0064358944,0.004883798,0.004883798,0.005232636,0.0064358944,0.007915846,0.004883798,0.0064358944,0.007915846,0.006006841,0.007915846,0.0068955948,0.004883798,0.006006841,0.0073881303,0.0073881303,0.00560639,0.0068955948,0.006006841,0.00560639,0.007915846,0.0064358944,0.00560639,0.0068955948,0.0064358944,0.0073881303,0.00560639,0.005232636,0.007915846,0.007915846,0.007915846,0.004883798,0.004883798,0.00560639,0.0073881303,0.007915846,0.0064358944,0.0064358944,0.0064358944,0.006006841,0.0064358944,0.004883798,3,3
0.005356376,0.006148889,0.004999289,0.0057389685,0.00705866,0.004999289,0.004999289,0.004999289,0.004999289,0.008103038,0.006588089,0.005356376,0.004999289,0.00705866,0.008103038,0.005356376,0.005356376,0.004999289,0.004999289,0.008103038,0.004999289,0.0057389685,0.0057389685,0.005356376,0.0075628427,0.008103038,0.0057389685,0.006148889,0.006148889,0.008103038,0.00705866,0.006148889,0.004999289,0.005356376,0.008103038,0.006148889,0.006588089,0.005356376,0.006588089,0.0075628427,0.005356376,0.00705866,0.006148889,0.0057389685,0.008103038,0.006148889,0.0057389685,0.004999289,0.004999289,0.0075628427,0.00705866,0.0057389685,0.006588089,0.0057389685,0.006148889,0.004999289,0.006588089,0.004999289,0.004999289,0.004999289,0.008103038,0.006588089,0.005356376,0.0057389685,0.008103038,0.006588089,0.0075628427,0.005356376,0.004999289,0.004999289,0.004999289,0.0057389685,0.005356376,0.0057389685,0.008103038,0.004999289,0.006588089,0.004999289,0.006148889,0.004999289,0.0057389685,0.0075628427,0.004999289,0.004999289,0.008103038,0.004999289,0.004999289,0.005356376,0.0057389685,0.006148889,0.006148889,0.00705866,0.004999289,0.008103038,0.008103038,0.006148889,0.004999289,0.006588089,0.005356376,0.008103038,0.008103038,0.0075628427,0.006148889,0.004999289,0.0075628427,0.008103038,0.008103038,0.004999289,0.004999289,0.008103038,0.008103038,0.0057389685,0.006148889,0.004999289,0.00705866,0.006148889,0.00705866,0.006588089,0.005356376,0.005356376,0.00705866,0.0057389685,0.004999289,0.004999289,0.006148889,0.006148889,0.0075628427,0.004999289,0.004999289,0.008103038,0.008103038,0.0057389685,0.0057389685,0.0057389685,0.006588089,0.00705866,0.004999289,0.004999289,0.004999289,0.00705866,0.008103038,0.00705866,0.0057389685,0.00705866,0.00705866,0.005356376,0.008103038,0.008103038,0.008103038,0.008103038,0.0075628427,0.0057389685,0.004999289,0.004999289,0.008103038,0.008103038,0.0057389685,0.0057389685,0.006148889,0.006148889,9,4
0.005931695,0.005931695,0.007816819,0.007816819,0.0048227017,0.005167175,0.007816819,0.0068093305,0.007816819,0.007816819,0.005931695,0.005931695,0.0048227017,0.0048227017,0.006355381,0.005931695,0.006355381,0.0055362536,0.007816819,0.0048227017,0.0055362536,0.0072957044,0.005931695,0.005931695,0.0048227017,0.007816819,0.0072957044,0.005931695,0.006355381,0.0068093305,0.0055362536,0.006355381,0.005931695,0.0068093305,0.005931695,0.0072957044,0.005167175,0.007816819,0.0048227017,0.0068093305,0.0048227017,0.006355381,0.0068093305,0.0055362536,0.007816819,0.0055362536,0.005167175,0.0068093305,0.0072957044,0.0072957044,0.006355381,0.007816819,0.0055362536,0.0048227017,0.0048227017,0.005167175,0.0048227017,0.007816819,0.0068093305,0.005931695,0.007816819,0.005167175,0.006355381,0.005167175,0.007816819,0.006355381,0.006355381,0.0048227017,0.0055362536,0.0068093305,0.0048227017,0.005931695,0.0055362536,0.0055362536,0.007816819,0.0068093305,0.0055362536,0.007816819,0.0055362536,0.005167175,0.0048227017,0.0048227017,0.007816819,0.007816819,0.007816819,0.0048227017,0.0068093305,0.007816819,0.0068093305,0.0055362536,0.0068093305,0.0068093305,0.007816819,0.0048227017,0.007816819,0.0048227017,0.0048227017,0.0048227017,0.0068093305,0.007816819,0.006355381,0.005931695,0.0072957044,0.0048227017,0.0068093305,0.0048227017,0.005931695,0.005167175,0.0048227017,0.007816819,0.0068093305,0.0055362536,0.0055362536,0.005931695,0.005931695,0.005931695,0.0068093305,0.007816819,0.005931695,0.005167175,0.005931695,0.005931695,0.007816819,0.007816819,0.006355381,0.0048227017,0.0072957044,0.0068093305,0.007816819,0.0068093305,0.006355381,0.0055362536,0.006355381,0.0072957044,0.005167175,0.0055362536,0.005931695,0.0048227017,0.006355381,0.0055362536,0.0048227017,0.0055362536,0.0072957044,0.005167175,0.0068093305,0.0055362536,0.007816819,0.007816819,0.007816819,0.007816819,0.005931695,0.0055362536,0.0068093305,0.0072957044,0.0055362536,0.0055362536,0.0055362536,0.0068093305,0.0055362536,0.005167175,2,0
0.004834729,0.0055500604,0.005946488,0.007836313,0.004834729,0.005180062,0.007836313,0.006371231,0.0068263123,0.007836313,0.0055500604,0.005180062,0.0055500604,0.006371231,0.007836313,0.0055500604,0.006371231,0.0068263123,0.007836313,0.005180062,0.007836313,0.007313899,0.0055500604,0.006371231,0.004834729,0.0068263123,0.0055500604,0.0055500604,0.0068263123,0.006371231,0.007313899,0.006371231,0.005946488,0.007313899,0.006371231,0.004834729,0.005180062,0.005180062,0.0055500604,0.0055500604,0.004834729,0.0068263123,0.007836313,0.005946488,0.007836313,0.004834729,0.005180062,0.007836313,0.0068263123,0.0055500604,0.0055500604,0.005946488,0.007836313,0.007313899,0.0055500604,0.005180062,0.005946488,0.005946488,0.0068263123,0.004834729,0.006371231,0.006371231,0.0068263123,0.005180062,0.006371231,0.005180062,0.0055500604,0.005946488,0.007836313,0.005946488,0.005180062,0.007313899,0.0055500604,0.0055500604,0.007313899,0.004834729,0.0055500604,0.007836313,0.005946488,0.004834729,0.005180062,0.005946488,0.007836313,0.007836313,0.0068263123,0.004834729,0.005180062,0.005946488,0.007836313,0.005946488,0.0068263123,0.006371231,0.005180062,0.004834729,0.0068263123,0.005946488,0.004834729,0.007313899,0.005946488,0.0068263123,0.007836313,0.007836313,0.007313899,0.005946488,0.005946488,0.005180062,0.0055500604,0.005946488,0.006371231,0.007836313,0.0068263123,0.007836313,0.006371231,0.007836313,0.005946488,0.006371231,0.0068263123,0.0068263123,0.0068263123,0.005180062,0.004834729,0.005180062,0.007836313,0.007836313,0.005180062,0.0068263123,0.007313899,0.006371231,0.007313899,0.006371231,0.004834729,0.0055500604,0.007313899,0.007313899,0.0055500604,0.005946488,0.005946488,0.0055500604,0.0068263123,0.0055500604,0.0055500604,0.005946488,0.006371231,0.0055500604,0.0068263123,0.005180062,0.007836313,0.007836313,0.007836313,0.005180062,0.004834729,0.0055500604,0.006371231,0.0068263123,0.004834729,0.007313899,0.006371231,0.006371231,0.006371231,0.004834729,3,3
0.007652236,0.007652236,0.007652236,0.007652236,0.00472116,0.007142094,0.007652236,0.006221569,0.007142094,0.00472116,0.006221569,0.006221569,0.00472116,0.00472116,0.00472116,0.0054196883,0.0066659604,0.0066659604,0.007652236,0.0058068037,0.007142094,0.007142094,0.0054196883,0.0058068037,0.00472116,0.005058381,0.0058068037,0.006221569,0.0054196883,0.00472116,0.00472116,0.006221569,0.007652236,0.0066659604,0.00472116,0.007142094,0.0054196883,0.0058068037,0.00472116,0.0066659604,0.007652236,0.007142094,0.0058068037,0.0058068037,0.00472116,0.007652236,0.007142094,0.007652236,0.007652236,0.007142094,0.0054196883,0.007652236,0.007142094,0.007652236,0.00472116,0.007652236,0.0066659604,0.007652236,0.007652236,0.0058068037,0.00472116,0.005058381,0.00472116,0.00472116,0.007652236,0.006221569,0.006221569,0.00472116,0.0054196883,0.006221569,0.006221569,0.007652236,0.00472116,0.0054196883,0.00472116,0.007652236,0.006221569,0.007652236,0.007652236,0.007652236,0.007652236,0.00472116,0.00472116,0.00472116,0.00472116,0.00472116,0.007652236,0.007652236,0.0058068037,0.0058068037,0.007142094,0.0066659604,0.007652236,0.00472116,0.007652236,0.0066659604,0.007652236,0.0054196883,0.006221569,0.00472116,0.0054196883,0.007142094,0.0066659604,0.005058381,0.006221569,0.00472116,0.006221569,0.006221569,0.00472116,0.00472116,0.0066659604,0.007652236,0.0054196883,0.007652236,0.006221569,0.0066659604,0.0066659604,0.007652236,0.007652236,0.005058381,0.007652236,0.007142094,0.007652236,0.007652236,0.007652236,0.007142094,0.007652236,0.00472116,0.005058381,0.0066659604,0.00472116,0.0054196883,0.00472116,0.006221569,0.00472116,0.0058068037,0.005058381,0.005058381,0.007142094,0.0054196883,0.0058068037,0.0066659604,0.0058068037,0.005058381,0.006221569,0.0066659604,0.007652236,0.007652236,0.007652236,0.00472116,0.0054196883,0.0054196883,0.007652236,0.007652236,0.006221569,0.007652236,0.006221569,0.006221569,0.0066659604,0.00472116,0,1
0.0074611404,0.0074611404,0.0074611404,0.0074611404,0.005661793,0.006963738,0.0074611404,0.0064994944,0.0074611404,0.0046032607,0.006066201,0.0052843452,0.0046032607,0.0046032607,0.0046032607,0.006066201,0.0064994944,0.006066201,0.0074611404,0.006066201,0.006963738,0.006963738,0.005661793,0.005661793,0.0046032607,0.005661793,0.0052843452,0.006066201,0.005661793,0.0064994944,0.0064994944,0.005661793,0.0074611404,0.006066201,0.0046032607,0.006963738,0.0052843452,0.0064994944,0.0052843452,0.0074611404,0.0046032607,0.0074611404,0.0074611404,0.0074611404,0.0064994944,0.0074611404,0.0064994944,0.0074611404,0.0074611404,0.006963738,0.0052843452,0.0074611404,0.0074611404,0.0074611404,0.0046032607,0.0074611404,0.0064994944,0.0074611404,0.0074611404,0.005661793,0.0052843452,0.005661793,0.0046032607,0.0046032607,0.0074611404,0.006066201,0.006066201,0.0049320604,0.005661793,0.0064994944,0.006066201,0.0074611404,0.0046032607,0.0052843452,0.0046032607,0.006066201,0.006066201,0.0074611404,0.0074611404,0.0074611404,0.0074611404,0.0046032607,0.0046032607,0.0046032607,0.0046032607,0.0074611404,0.0074611404,0.0074611404,0.005661793,0.0074611404,0.0074611404,0.0064994944,0.0074611404,0.0046032607,0.0074611404,0.0074611404,0.0074611404,0.0046032607,0.006066201,0.0046032607,0.005661793,0.0074611404,0.0064994944,0.0052843452,0.006963738,0.0046032607,0.005661793,0.005661793,0.0046032607,0.005661793,0.0074611404,0.0074611404,0.0052843452,0.006963738,0.006963738,0.0046032607,0.006963738,0.0074611404,0.0074611404,0.0049320604,0.0074611404,0.0064994944,0.0074611404,0.0074611404,0.006963738,0.0074611404,0.006066201,0.0046032607,0.0046032607,0.0064994944,0.0064994944,0.0052843452,0.0064994944,0.006963738,0.0052843452,0.006963738,0.0049320604,0.0046032607,0.006066201,0.005661793,0.0052843452,0.0064994944,0.005661793,0.0046032607,0.006963738,0.0052843452,0.0074611404,0.0074611404,0.0074611404,0.0046032607,0.0052843452,0.0052843452,0.006963738,0.0074611404,0.006066201,0.0046032607,0.006963738,0.0074611404,0.0074611404,0.0064994944,0,4
0.0060414462,0.007430693,0.0056386883,0.0064729718,0.007961449,0.00693532,0.0064729718,0.0049119336,0.0049119336,0.007961449,0.007430693,0.0060414462,0.0049119336,0.005262781,0.007430693,0.005262781,0.0060414462,0.0064729718,0.0049119336,0.00693532,0.0049119336,0.007430693,0.0056386883,0.005262781,0.007961449,0.007961449,0.0056386883,0.0049119336,0.0049119336,0.007961449,0.007961449,0.0056386883,0.0049119336,0.00693532,0.007961449,0.0060414462,0.0060414462,0.00693532,0.0056386883,0.007961449,0.005262781,0.0060414462,0.0056386883,0.0056386883,0.007430693,0.007961449,0.0064729718,0.0049119336,0.0049119336,0.0064729718,0.007430693,0.0060414462,0.0049119336,0.0049119336,0.007961449,0.0049119336,0.0064729718,0.005262781,0.0049119336,0.005262781,0.007961449,0.005262781,0.0056386883,0.0056386883,0.007961449,0.0056386883,0.007430693,0.0056386883,0.005262781,0.005262781,0.0064729718,0.007961449,0.0049119336,0.0056386883,0.0060414462,0.007961449,0.0064729718,0.0049119336,0.0049119336,0.0049119336,0.0049119336,0.0060414462,0.007961449,0.007961449,0.007961449,0.0049119336,0.0049119336,0.005262781,0.0064729718,0.0060414462,0.0060414462,0.00693532,0.0049119336,0.007961449,0.007961449,0.00693532,0.0049119336,0.0056386883,0.0049119336,0.007961449,0.007430693,0.007430693,0.0060414462,0.0049119336,0.007430693,0.007961449,0.007961449,0.0049119336,0.0049119336,0.007961449,0.007430693,0.007430693,0.0064729718,0.007961449,0.007961449,0.00693532,0.0064729718,0.0049119336,0.005262781,0.0049119336,0.0060414462,0.0064729718,0.005262781,0.0049119336,0.0049119336,0.0060414462,0.007430693,0.0049119336,0.005262781,0.0056386883,0.007430693,0.0064729718,0.0060414462,0.0060414462,0.007430693,0.00693532,0.005262781,0.0064729718,0.0060414462,0.007961449,0.0060414462,0.0060414462,0.0060414462,0.0049119336,0.0060414462,0.0064729718,0.007961449,0.0049119336,0.0049119336,0.007961449,0.0064729718,0.0056386883,0.0049119336,0.005262781,0.007961449,0.007961449,0.0056386883,0.0049119336,0.0049119336,0.007961449,4,1
0.0061624213,0.0075794873,0.0075794873,0.0075794873,0.0050102915,0.006602588,0.0075794873,0.0057515996,0.006602588,0.0061624213,0.0061624213,0.0057515996,0.0046762764,0.0046762764,0.0053681643,0.0075794873,0.0061624213,0.0053681643,0.0075794873,0.0057515996,0.0075794873,0.007074195,0.0046762764,0.0046762764,0.0046762764,0.0075794873,0.006602588,0.0061624213,0.0061624213,0.007074195,0.0075794873,0.0057515996,0.0075794873,0.0057515996,0.0046762764,0.0075794873,0.0057515996,0.0057515996,0.0046762764,0.0075794873,0.0075794873,0.0050102915,0.0053681643,0.0046762764,0.0046762764,0.0075794873,0.007074195,0.0075794873,0.0075794873,0.0075794873,0.0053681643,0.007074195,0.0075794873,0.0075794873,0.0046762764,0.0075794873,0.0061624213,0.0075794873,0.0075794873,0.006602588,0.0075794873,0.0057515996,0.0046762764,0.0046762764,0.0075794873,0.0061624213,0.0061624213,0.0050102915,0.0057515996,0.0057515996,0.006602588,0.0075794873,0.0046762764,0.0050102915,0.0046762764,0.0075794873,0.0057515996,0.0053681643,0.0057515996,0.0050102915,0.006602588,0.0050102915,0.0046762764,0.0046762764,0.0050102915,0.0075794873,0.007074195,0.0075794873,0.0053681643,0.0075794873,0.0075794873,0.006602588,0.0075794873,0.0046762764,0.0075794873,0.0075794873,0.0075794873,0.0046762764,0.0046762764,0.0046762764,0.0075794873,0.007074195,0.006602588,0.0061624213,0.006602588,0.0046762764,0.0053681643,0.0053681643,0.0046762764,0.007074195,0.007074195,0.0075794873,0.0046762764,0.007074195,0.0075794873,0.0075794873,0.0053681643,0.0050102915,0.0057515996,0.0046762764,0.006602588,0.006602588,0.0075794873,0.0075794873,0.006602588,0.006602588,0.007074195,0.0053681643,0.0053681643,0.0061624213,0.0075794873,0.0061624213,0.0057515996,0.0053681643,0.0075794873,0.0075794873,0.0061624213,0.0046762764,0.0061624213,0.0057515996,0.0057515996,0.006602588,0.0057515996,0.0046762764,0.0053681643,0.0061624213,0.0075794873,0.0075794873,0.0075794873,0.0046762764,0.0075794873,0.0053681643,0.0061624213,0.0061624213,0.006602588,0.0075794873,0.0061624213,0.0061624213,0.0053681643,0.0046762764,1,0
0.006070273,0.005665593,0.007999437,0.007999437,0.006503857,0.006503857,0.0049353708,0.0049353708,0.0049353708,0.007999437,0.006503857,0.005665593,0.0049353708,0.005287892,0.007999437,0.006070273,0.0069684116,0.006070273,0.005287892,0.006503857,0.007999437,0.0049353708,0.006070273,0.005665593,0.0049353708,0.007466148,0.005665593,0.005287892,0.0049353708,0.007999437,0.007999437,0.005665593,0.0049353708,0.0069684116,0.007999437,0.006070273,0.006503857,0.007466148,0.006503857,0.007466148,0.0049353708,0.006503857,0.007999437,0.0069684116,0.007999437,0.005665593,0.006503857,0.0049353708,0.0049353708,0.0069684116,0.006503857,0.006503857,0.0049353708,0.005665593,0.007999437,0.0049353708,0.0069684116,0.005287892,0.0049353708,0.0069684116,0.007999437,0.005287892,0.006503857,0.005287892,0.007999437,0.005287892,0.006070273,0.006070273,0.005665593,0.007466148,0.0049353708,0.005287892,0.0049353708,0.005287892,0.007999437,0.006503857,0.006070273,0.0049353708,0.005665593,0.005287892,0.0049353708,0.006070273,0.005287892,0.007999437,0.007999437,0.0049353708,0.0049353708,0.005287892,0.006503857,0.006070273,0.006070273,0.0069684116,0.0049353708,0.007999437,0.007999437,0.0069684116,0.0049353708,0.0069684116,0.0049353708,0.007999437,0.0069684116,0.0069684116,0.006070273,0.0049353708,0.007466148,0.007999437,0.007466148,0.006503857,0.0049353708,0.007999437,0.007999437,0.007466148,0.006070273,0.0049353708,0.0069684116,0.006070273,0.0069684116,0.0049353708,0.006503857,0.006503857,0.005287892,0.005287892,0.0049353708,0.006503857,0.006070273,0.005665593,0.005287892,0.0069684116,0.007999437,0.0049353708,0.007466148,0.005665593,0.007466148,0.006503857,0.007466148,0.007466148,0.005665593,0.0049353708,0.0049353708,0.007999437,0.0049353708,0.005287892,0.007466148,0.005287892,0.006503857,0.0049353708,0.0069684116,0.006070273,0.0049353708,0.006503857,0.006070273,0.005665593,0.0049353708,0.006503857,0.007999437,0.007466148,0.006503857,0.005287892,0.005287892,0.005287892,2,4
0.0047886404,0.0063104955,0.0047886404,0.005889802,0.0047886404,0.0063104955,0.007761611,0.0067612384,0.007761611,0.007244177,0.007244177,0.0067612384,0.0047886404,0.007761611,0.0063104955,0.007244177,0.0063104955,0.005889802,0.007761611,0.005497153,0.007761611,0.007244177,0.005889802,0.005497153,0.0047886404,0.007761611,0.005889802,0.005497153,0.005130681,0.007761611,0.007761611,0.005497153,0.0047886404,0.0067612384,0.007761611,0.0047886404,0.005497153,0.0047886404,0.007244177,0.005497153,0.0047886404,0.0063104955,0.007761611,0.0067612384,0.007761611,0.0063104955,0.0063104955,0.0047886404,0.007761611,0.005497153,0.005889802,0.0067612384,0.0047886404,0.005130681,0.007761611,0.0047886404,0.005889802,0.005889802,0.0067612384,0.0047886404,0.007761611,0.0063104955,0.005497153,0.005497153,0.007244177,0.005130681,0.0063104955,0.005130681,0.007761611,0.0067612384,0.007761611,0.007761611,0.005497153,0.005130681,0.007244177,0.0047886404,0.005889802,0.0047886404,0.007761611,0.005130681,0.0047886404,0.005889802,0.007761611,0.007761611,0.007761611,0.0047886404,0.0047886404,0.005130681,0.0063104955,0.005889802,0.005889802,0.0067612384,0.0047886404,0.007761611,0.007761611,0.0067612384,0.0047886404,0.0063104955,0.005497153,0.007761611,0.007244177,0.0067612384,0.005497153,0.0047886404,0.007244177,0.0047886404,0.005497153,0.0047886404,0.007761611,0.005497153,0.007244177,0.007761611,0.0047886404,0.007761611,0.007244177,0.005889802,0.0067612384,0.0047886404,0.005889802,0.0047886404,0.0047886404,0.005130681,0.007244177,0.007761611,0.0047886404,0.0063104955,0.007761611,0.005889802,0.007761611,0.0063104955,0.0063104955,0.005497153,0.007244177,0.007244177,0.0067612384,0.0067612384,0.005889802,0.005497153,0.0067612384,0.0067612384,0.005497153,0.0067612384,0.0063104955,0.0067612384,0.005497153,0.005889802,0.007761611,0.007761611,0.007761611,0.0047886404,0.0047886404,0.005497153,0.0067612384,0.007244177,0.0063104955,0.007761611,0.0063104955,0.0047886404,0.005497153,0.0047886404,6,0
0.006132537,0.006570569,0.004985994,0.004985994,0.008081489,0.004985994,0.006132537,0.0053421315,0.0053421315,0.008081489,0.006570569,0.0057237064,0.004985994,0.008081489,0.008081489,0.0053421315,0.007542731,0.006132537,0.004985994,0.006132537,0.004985994,0.006132537,0.0053421315,0.004985994,0.007542731,0.008081489,0.0057237064,0.0057237064,0.004985994,0.006132537,0.0070398883,0.006570569,0.004985994,0.0057237064,0.008081489,0.006132537,0.0057237064,0.0070398883,0.006570569,0.006570569,0.0057237064,0.006132537,0.006132537,0.0057237064,0.0070398883,0.006570569,0.0070398883,0.006132537,0.004985994,0.006570569,0.007542731,0.006132537,0.0070398883,0.004985994,0.007542731,0.004985994,0.006570569,0.004985994,0.004985994,0.004985994,0.004985994,0.006570569,0.0053421315,0.006570569,0.006132537,0.0070398883,0.008081489,0.0057237064,0.006132537,0.004985994,0.0057237064,0.0057237064,0.004985994,0.0053421315,0.008081489,0.0057237064,0.006570569,0.004985994,0.0057237064,0.0053421315,0.0070398883,0.008081489,0.008081489,0.007542731,0.008081489,0.0057237064,0.0057237064,0.0057237064,0.008081489,0.0070398883,0.006132537,0.0070398883,0.004985994,0.008081489,0.008081489,0.006132537,0.004985994,0.006570569,0.004985994,0.008081489,0.0070398883,0.007542731,0.004985994,0.006132537,0.006132537,0.008081489,0.008081489,0.004985994,0.004985994,0.008081489,0.008081489,0.006570569,0.006132537,0.0057237064,0.006570569,0.0057237064,0.0070398883,0.006570569,0.0053421315,0.004985994,0.006570569,0.0057237064,0.0070398883,0.004985994,0.0057237064,0.0053421315,0.007542731,0.004985994,0.004985994,0.008081489,0.007542731,0.008081489,0.004985994,0.0053421315,0.0053421315,0.006570569,0.0053421315,0.004985994,0.004985994,0.008081489,0.0070398883,0.0070398883,0.0057237064,0.006132537,0.008081489,0.0057237064,0.0057237064,0.004985994,0.004985994,0.008081489,0.006132537,0.0057237064,0.004985994,0.0057237064,0.008081489,0.0057237064,0.0057237064,0.0057237064,0.006570569,0.004985994,4,4
0.0071571837,0.0071571837,0.005069068,0.005069068,0.0071571837,0.0054311394,0.005069068,0.0054311394,0.005069068,0.008216139,0.0062347143,0.0054311394,0.005069068,0.007668404,0.0071571837,0.005069068,0.0062347143,0.005069068,0.005069068,0.0062347143,0.005069068,0.005069068,0.0062347143,0.0054311394,0.0066800443,0.0054311394,0.005819072,0.0066800443,0.0066800443,0.0066800443,0.008216139,0.0062347143,0.005069068,0.0062347143,0.008216139,0.0066800443,0.0066800443,0.005069068,0.005069068,0.0071571837,0.005069068,0.0066800443,0.0071571837,0.0062347143,0.008216139,0.007668404,0.0066800443,0.005069068,0.005819072,0.0066800443,0.0071571837,0.005069068,0.0062347143,0.0054311394,0.0071571837,0.0062347143,0.0071571837,0.005069068,0.005069068,0.0062347143,0.005819072,0.007668404,0.005069068,0.0062347143,0.0066800443,0.008216139,0.0071571837,0.005069068,0.0062347143,0.005069068,0.005069068,0.005069068,0.005819072,0.005819072,0.008216139,0.005069068,0.0062347143,0.005069068,0.005069068,0.005069068,0.0062347143,0.0062347143,0.005069068,0.005069068,0.0066800443,0.005069068,0.005069068,0.005819072,0.0071571837,0.0062347143,0.0071571837,0.0066800443,0.005069068,0.008216139,0.008216139,0.005819072,0.005069068,0.0054311394,0.0066800443,0.008216139,0.005819072,0.0066800443,0.005069068,0.0066800443,0.0062347143,0.008216139,0.008216139,0.005069068,0.005069068,0.007668404,0.0071571837,0.008216139,0.0062347143,0.0062347143,0.0054311394,0.0062347143,0.0071571837,0.0054311394,0.0066800443,0.005069068,0.008216139,0.0054311394,0.005069068,0.005069068,0.0062347143,0.0062347143,0.007668404,0.005069068,0.0054311394,0.008216139,0.008216139,0.0071571837,0.005069068,0.005069068,0.0062347143,0.0071571837,0.0054311394,0.005069068,0.005069068,0.0066800443,0.0062347143,0.0071571837,0.0071571837,0.005819072,0.0062347143,0.005819072,0.005819072,0.008216139,0.008216139,0.008216139,0.008216139,0.0062347143,0.0066800443,0.005069068,0.007668404,0.0054311394,0.0054311394,0.005819072,0.007668404,0.005069068,9,4
0.0049710665,0.0049710665,0.0061141774,0.008057294,0.0049710665,0.005326138,0.0049710665,0.007018812,0.0075201485,0.008057294,0.0065508974,0.005326138,0.005326138,0.008057294,0.0075201485,0.0075201485,0.0061141774,0.0065508974,0.008057294,0.0049710665,0.0061141774,0.0075201485,0.0065508974,0.0061141774,0.0049710665,0.0049710665,0.0057065706,0.0065508974,0.0061141774,0.0049710665,0.0061141774,0.0061141774,0.0065508974,0.0075201485,0.005326138,0.0057065706,0.005326138,0.005326138,0.0057065706,0.0057065706,0.0049710665,0.0075201485,0.0075201485,0.0057065706,0.008057294,0.0057065706,0.0049710665,0.008057294,0.007018812,0.0057065706,0.0075201485,0.0049710665,0.008057294,0.008057294,0.0057065706,0.005326138,0.0061141774,0.0049710665,0.007018812,0.0049710665,0.0061141774,0.0057065706,0.005326138,0.0061141774,0.0049710665,0.0057065706,0.0065508974,0.005326138,0.007018812,0.005326138,0.0049710665,0.005326138,0.0057065706,0.005326138,0.008057294,0.0049710665,0.005326138,0.005326138,0.008057294,0.005326138,0.0049710665,0.0049710665,0.008057294,0.008057294,0.0061141774,0.0049710665,0.0049710665,0.008057294,0.008057294,0.0049710665,0.0061141774,0.0049710665,0.0049710665,0.008057294,0.005326138,0.005326138,0.0049710665,0.007018812,0.0075201485,0.0075201485,0.0075201485,0.0075201485,0.0065508974,0.0057065706,0.0061141774,0.0049710665,0.0057065706,0.0065508974,0.008057294,0.0061141774,0.0049710665,0.005326138,0.007018812,0.0075201485,0.005326138,0.0061141774,0.0061141774,0.0065508974,0.0065508974,0.0049710665,0.0049710665,0.005326138,0.007018812,0.008057294,0.0057065706,0.0049710665,0.008057294,0.007018812,0.008057294,0.0075201485,0.0061141774,0.0057065706,0.0075201485,0.007018812,0.0057065706,0.0057065706,0.0049710665,0.005326138,0.0075201485,0.0061141774,0.005326138,0.005326138,0.0075201485,0.0075201485,0.0061141774,0.005326138,0.008057294,0.008057294,0.008057294,0.0075201485,0.0061141774,0.0057065706,0.0075201485,0.008057294,0.0057065706,0.0049710665,0.0049710665,0.0061141774,0.0065508974,0.005326138,3,2
0.004890199,0.00644433,0.004890199,0.006014714,0.004890199,0.005239494,0.007926221,0.00644433,0.0069046323,0.007926221,0.0073978133,0.0056137377,0.0056137377,0.007926221,0.0069046323,0.005239494,0.00644433,0.00644433,0.007926221,0.006014714,0.0073978133,0.0073978133,0.006014714,0.006014714,0.004890199,0.00644433,0.0056137377,0.006014714,0.0073978133,0.0073978133,0.007926221,0.0056137377,0.004890199,0.00644433,0.007926221,0.004890199,0.006014714,0.005239494,0.00644433,0.006014714,0.004890199,0.00644433,0.007926221,0.00644433,0.007926221,0.006014714,0.005239494,0.006014714,0.0073978133,0.0056137377,0.0056137377,0.005239494,0.005239494,0.007926221,0.005239494,0.004890199,0.00644433,0.0056137377,0.0056137377,0.004890199,0.0069046323,0.00644433,0.00644433,0.0056137377,0.0069046323,0.005239494,0.006014714,0.005239494,0.0073978133,0.0073978133,0.005239494,0.0073978133,0.0056137377,0.005239494,0.007926221,0.004890199,0.005239494,0.004890199,0.007926221,0.0069046323,0.004890199,0.004890199,0.007926221,0.007926221,0.0069046323,0.004890199,0.0056137377,0.0056137377,0.007926221,0.006014714,0.006014714,0.00644433,0.004890199,0.007926221,0.004890199,0.0056137377,0.004890199,0.00644433,0.0069046323,0.007926221,0.0073978133,0.0073978133,0.0069046323,0.006014714,0.006014714,0.00644433,0.0056137377,0.004890199,0.007926221,0.006014714,0.00644433,0.0073978133,0.006014714,0.0069046323,0.005239494,0.006014714,0.0069046323,0.005239494,0.00644433,0.004890199,0.0056137377,0.005239494,0.0069046323,0.007926221,0.004890199,0.0056137377,0.0069046323,0.00644433,0.00644433,0.006014714,0.004890199,0.006014714,0.0069046323,0.00644433,0.006014714,0.00644433,0.005239494,0.004890199,0.007926221,0.00644433,0.0056137377,0.0056137377,0.00644433,0.0069046323,0.0056137377,0.005239494,0.007926221,0.007926221,0.007926221,0.004890199,0.004890199,0.0056137377,0.0073978133,0.007926221,0.00644433,0.0073978133,0.00644433,0.00644433,0.006014714,0.004890199,6,3
0.004976669,0.0053321403,0.006121068,0.008066375,0.004976669,0.005713002,0.007026722,0.007026722,0.007026722,0.008066375,0.006121068,0.0053321403,0.004976669,0.008066375,0.007026722,0.0065582804,0.0065582804,0.0065582804,0.008066375,0.004976669,0.004976669,0.004976669,0.006121068,0.006121068,0.004976669,0.005713002,0.005713002,0.0065582804,0.0065582804,0.0075286236,0.008066375,0.006121068,0.005713002,0.007026722,0.008066375,0.006121068,0.0065582804,0.004976669,0.008066375,0.005713002,0.004976669,0.007026722,0.008066375,0.006121068,0.008066375,0.0065582804,0.005713002,0.0065582804,0.008066375,0.005713002,0.005713002,0.004976669,0.004976669,0.008066375,0.005713002,0.004976669,0.004976669,0.004976669,0.008066375,0.004976669,0.004976669,0.006121068,0.005713002,0.0075286236,0.004976669,0.005713002,0.0065582804,0.0053321403,0.008066375,0.004976669,0.004976669,0.006121068,0.005713002,0.005713002,0.0075286236,0.0053321403,0.0053321403,0.0053321403,0.0075286236,0.005713002,0.004976669,0.0053321403,0.008066375,0.008066375,0.0065582804,0.004976669,0.0053321403,0.007026722,0.0075286236,0.006121068,0.006121068,0.0053321403,0.004976669,0.008066375,0.004976669,0.0053321403,0.004976669,0.004976669,0.0075286236,0.007026722,0.005713002,0.0065582804,0.004976669,0.006121068,0.0075286236,0.004976669,0.005713002,0.005713002,0.008066375,0.006121068,0.0065582804,0.005713002,0.006121068,0.0075286236,0.0065582804,0.006121068,0.006121068,0.004976669,0.006121068,0.004976669,0.0065582804,0.0053321403,0.004976669,0.008066375,0.0053321403,0.005713002,0.007026722,0.007026722,0.008066375,0.0065582804,0.0065582804,0.005713002,0.0075286236,0.0075286236,0.0053321403,0.005713002,0.0053321403,0.0053321403,0.0075286236,0.005713002,0.004976669,0.0053321403,0.0075286236,0.008066375,0.006121068,0.004976669,0.008066375,0.008066375,0.008066375,0.008066375,0.004976669,0.005713002,0.0075286236,0.008066375,0.004976669,0.0053321403,0.004976669,0.007026722,0.005713002,0.006121068,3,3
0.006180778,0.007095268,0.0076020653,0.0076020653,0.0046902066,0.007095268,0.0076020653,0.0066222562,0.0076020653,0.0046902066,0.007095268,0.0066222562,0.0046902066,0.0046902066,0.005384155,0.0076020653,0.006180778,0.0050252164,0.0076020653,0.006180778,0.007095268,0.007095268,0.005384155,0.005384155,0.0046902066,0.0076020653,0.005384155,0.0046902066,0.0046902066,0.0076020653,0.0076020653,0.005384155,0.0057687326,0.0046902066,0.0057687326,0.006180778,0.006180778,0.006180778,0.0046902066,0.0076020653,0.0046902066,0.0066222562,0.0076020653,0.0066222562,0.0076020653,0.007095268,0.006180778,0.0076020653,0.0076020653,0.007095268,0.005384155,0.0066222562,0.0066222562,0.007095268,0.0046902066,0.0076020653,0.006180778,0.0076020653,0.0076020653,0.0076020653,0.0076020653,0.0057687326,0.0046902066,0.0050252164,0.0076020653,0.0050252164,0.0057687326,0.0057687326,0.006180778,0.007095268,0.0076020653,0.0076020653,0.0046902066,0.005384155,0.0050252164,0.0076020653,0.0057687326,0.0076020653,0.0076020653,0.006180778,0.0046902066,0.0050252164,0.0076020653,0.006180778,0.007095268,0.0046902066,0.0057687326,0.0076020653,0.006180778,0.005384155,0.0057687326,0.0066222562,0.0076020653,0.0046902066,0.0076020653,0.0046902066,0.0046902066,0.005384155,0.0066222562,0.0057687326,0.005384155,0.007095268,0.007095268,0.006180778,0.007095268,0.0050252164,0.005384155,0.0050252164,0.0046902066,0.0076020653,0.006180778,0.0076020653,0.0046902066,0.0050252164,0.0050252164,0.005384155,0.007095268,0.0076020653,0.006180778,0.005384155,0.006180778,0.006180778,0.0076020653,0.0076020653,0.005384155,0.0066222562,0.007095268,0.006180778,0.0066222562,0.006180778,0.0076020653,0.005384155,0.006180778,0.007095268,0.0066222562,0.0076020653,0.0050252164,0.0046902066,0.0057687326,0.0057687326,0.0057687326,0.0066222562,0.0046902066,0.0050252164,0.007095268,0.0076020653,0.0076020653,0.0076020653,0.0076020653,0.0046902066,0.005384155,0.005384155,0.0066222562,0.0066222562,0.0046902066,0.0076020653,0.006180778,0.006180778,0.005384155,0.0050252164,2,0
0.006274335,0.005856052,0.007717136,0.007717136,0.004761201,0.0051012817,0.007717136,0.0067224954,0.007717136,0.007717136,0.0054656537,0.005856052,0.0067224954,0.004761201,0.007717136,0.0054656537,0.004761201,0.006274335,0.007717136,0.004761201,0.0067224954,0.007202667,0.0051012817,0.005856052,0.004761201,0.006274335,0.0067224954,0.005856052,0.005856052,0.0054656537,0.007717136,0.0067224954,0.006274335,0.006274335,0.007717136,0.004761201,0.004761201,0.007717136,0.004761201,0.0054656537,0.0051012817,0.007202667,0.007717136,0.005856052,0.007202667,0.005856052,0.0051012817,0.007717136,0.004761201,0.005856052,0.0054656537,0.0054656537,0.007717136,0.004761201,0.0054656537,0.004761201,0.004761201,0.007717136,0.006274335,0.0054656537,0.006274335,0.0054656537,0.007202667,0.004761201,0.007717136,0.0054656537,0.006274335,0.004761201,0.0054656537,0.006274335,0.0054656537,0.007717136,0.0054656537,0.0051012817,0.007717136,0.005856052,0.0051012817,0.007717136,0.0067224954,0.0051012817,0.0051012817,0.005856052,0.007717136,0.007717136,0.006274335,0.007717136,0.006274335,0.007717136,0.007717136,0.005856052,0.006274335,0.006274335,0.007717136,0.004761201,0.007717136,0.004761201,0.004761201,0.007717136,0.0067224954,0.007202667,0.007717136,0.007202667,0.007202667,0.0054656537,0.005856052,0.005856052,0.0054656537,0.007717136,0.004761201,0.007717136,0.005856052,0.0067224954,0.007202667,0.007202667,0.006274335,0.004761201,0.0067224954,0.007717136,0.007717136,0.0051012817,0.0054656537,0.005856052,0.007717136,0.007717136,0.0051012817,0.0054656537,0.007717136,0.0054656537,0.0067224954,0.006274335,0.006274335,0.0054656537,0.007202667,0.007202667,0.0054656537,0.005856052,0.005856052,0.005856052,0.0067224954,0.0054656537,0.007202667,0.005856052,0.006274335,0.0054656537,0.005856052,0.0051012817,0.007717136,0.007717136,0.007717136,0.0067224954,0.004761201,0.0054656537,0.006274335,0.0067224954,0.004761201,0.0054656537,0.0051012817,0.0067224954,0.0067224954,0.004761201,2,2
0.005014881,0.0061680665,0.0075864303,0.0075864303,0.00468056,0.005014881,0.005014881,0.007080675,0.0075864303,0.0075864303,0.0061680665,0.006608636,0.005014881,0.00468056,0.006608636,0.0061680665,0.0061680665,0.006608636,0.0075864303,0.00468056,0.0061680665,0.007080675,0.005756868,0.0061680665,0.005014881,0.005756868,0.005756868,0.005756868,0.005756868,0.0053730817,0.006608636,0.006608636,0.005756868,0.0061680665,0.0075864303,0.007080675,0.005014881,0.0075864303,0.00468056,0.006608636,0.00468056,0.007080675,0.0061680665,0.0053730817,0.0075864303,0.007080675,0.00468056,0.0075864303,0.006608636,0.0061680665,0.005756868,0.005756868,0.006608636,0.0053730817,0.0053730817,0.007080675,0.00468056,0.0075864303,0.005756868,0.0053730817,0.006608636,0.005014881,0.006608636,0.00468056,0.0075864303,0.005756868,0.0061680665,0.00468056,0.0053730817,0.007080675,0.0075864303,0.00468056,0.0053730817,0.00468056,0.0075864303,0.007080675,0.0053730817,0.0075864303,0.006608636,0.0053730817,0.0075864303,0.00468056,0.0075864303,0.0075864303,0.0075864303,0.0075864303,0.0061680665,0.0075864303,0.007080675,0.006608636,0.007080675,0.006608636,0.0075864303,0.00468056,0.0075864303,0.007080675,0.007080675,0.006608636,0.0061680665,0.0061680665,0.0075864303,0.0075864303,0.006608636,0.005014881,0.0061680665,0.00468056,0.005756868,0.005756868,0.00468056,0.0075864303,0.005014881,0.0053730817,0.006608636,0.006608636,0.0061680665,0.0053730817,0.006608636,0.0075864303,0.0075864303,0.005014881,0.006608636,0.006608636,0.0075864303,0.0075864303,0.0053730817,0.00468056,0.0075864303,0.006608636,0.0075864303,0.007080675,0.006608636,0.0053730817,0.006608636,0.006608636,0.006608636,0.0053730817,0.00468056,0.00468056,0.0061680665,0.0053730817,0.007080675,0.005756868,0.0061680665,0.00468056,0.0061680665,0.0053730817,0.0075864303,0.0075864303,0.0075864303,0.005756868,0.0061680665,0.0053730817,0.006608636,0.007080675,0.00468056,0.0075864303,0.005756868,0.006608636,0.0061680665,0.005014881,2,1
0.0048904354,0.0060150046,0.0048904354,0.0048904354,0.007926604,0.007926604,0.0060150046,0.0048904354,0.0048904354,0.007926604,0.0073981704,0.0060150046,0.0048904354,0.007926604,0.007926604,0.0060150046,0.0073981704,0.006444641,0.007926604,0.006444641,0.0048904354,0.0073981704,0.0056140088,0.0048904354,0.0073981704,0.007926604,0.0069049657,0.0060150046,0.0048904354,0.0073981704,0.007926604,0.005239747,0.0048904354,0.006444641,0.007926604,0.006444641,0.006444641,0.0048904354,0.0056140088,0.0060150046,0.0048904354,0.006444641,0.007926604,0.0060150046,0.007926604,0.006444641,0.0056140088,0.005239747,0.0048904354,0.007926604,0.0073981704,0.0060150046,0.0073981704,0.0048904354,0.007926604,0.0048904354,0.0069049657,0.0048904354,0.0048904354,0.0069049657,0.007926604,0.0060150046,0.0056140088,0.0056140088,0.007926604,0.0069049657,0.0060150046,0.005239747,0.0056140088,0.0056140088,0.0056140088,0.007926604,0.0048904354,0.005239747,0.0069049657,0.0069049657,0.006444641,0.0048904354,0.0069049657,0.0048904354,0.0056140088,0.007926604,0.0060150046,0.0048904354,0.007926604,0.0048904354,0.0048904354,0.005239747,0.006444641,0.0060150046,0.0060150046,0.0069049657,0.0048904354,0.007926604,0.007926604,0.0060150046,0.0048904354,0.0056140088,0.006444641,0.0073981704,0.006444641,0.0069049657,0.0069049657,0.005239747,0.0073981704,0.007926604,0.007926604,0.0048904354,0.0048904354,0.007926604,0.0073981704,0.0073981704,0.0060150046,0.0048904354,0.0069049657,0.0056140088,0.0069049657,0.0069049657,0.0056140088,0.005239747,0.005239747,0.005239747,0.0048904354,0.0048904354,0.0048904354,0.005239747,0.007926604,0.0060150046,0.007926604,0.0060150046,0.0073981704,0.0069049657,0.0048904354,0.0048904354,0.0069049657,0.006444641,0.0060150046,0.006444641,0.0048904354,0.007926604,0.0048904354,0.0060150046,0.0069049657,0.0069049657,0.006444641,0.005239747,0.007926604,0.0048904354,0.0048904354,0.0073981704,0.0060150046,0.0056140088,0.0048904354,0.0073981704,0.007926604,0.007926604,0.006444641,0.005239747,0.0056140088,0.0048904354,4,4
0.005174862,0.0059405193,0.007828447,0.007828447,0.004829876,0.0063648354,0.007828447,0.00681946,0.007828447,0.007828447,0.0055444897,0.0055444897,0.0063648354,0.004829876,0.007828447,0.0055444897,0.0059405193,0.00681946,0.007828447,0.005174862,0.007828447,0.0059405193,0.004829876,0.004829876,0.004829876,0.007828447,0.0055444897,0.0055444897,0.0055444897,0.0063648354,0.0073065576,0.0059405193,0.0063648354,0.0063648354,0.0073065576,0.004829876,0.004829876,0.007828447,0.004829876,0.0055444897,0.004829876,0.0063648354,0.007828447,0.0059405193,0.007828447,0.004829876,0.004829876,0.007828447,0.0059405193,0.0063648354,0.0055444897,0.0059405193,0.007828447,0.004829876,0.0055444897,0.004829876,0.004829876,0.007828447,0.0059405193,0.0073065576,0.0059405193,0.0059405193,0.00681946,0.004829876,0.007828447,0.0055444897,0.0059405193,0.005174862,0.0055444897,0.00681946,0.0055444897,0.0059405193,0.0055444897,0.0055444897,0.00681946,0.0059405193,0.005174862,0.007828447,0.0063648354,0.0055444897,0.004829876,0.0059405193,0.007828447,0.007828447,0.00681946,0.004829876,0.0059405193,0.007828447,0.00681946,0.0059405193,0.00681946,0.00681946,0.007828447,0.004829876,0.007828447,0.004829876,0.004829876,0.007828447,0.0059405193,0.0073065576,0.00681946,0.00681946,0.00681946,0.005174862,0.0073065576,0.0059405193,0.0055444897,0.0073065576,0.005174862,0.007828447,0.0059405193,0.00681946,0.00681946,0.00681946,0.00681946,0.005174862,0.00681946,0.0073065576,0.004829876,0.004829876,0.005174862,0.005174862,0.007828447,0.007828447,0.0059405193,0.0055444897,0.007828447,0.00681946,0.007828447,0.00681946,0.0063648354,0.0063648354,0.0073065576,0.0073065576,0.005174862,0.0055444897,0.0055444897,0.004829876,0.00681946,0.0055444897,0.0063648354,0.0059405193,0.0063648354,0.004829876,0.0059405193,0.005174862,0.007828447,0.007828447,0.007828447,0.004829876,0.005174862,0.0055444897,0.00681946,0.0073065576,0.004829876,0.0063648354,0.0063648354,0.0063648354,0.0059405193,0.004829876,2,2
0.0049566287,0.0049566287,0.0069984267,0.008033893,0.0049566287,0.0053106686,0.0049566287,0.0069984267,0.0074983076,0.008033893,0.0056899963,0.0053106686,0.0060964194,0.0056899963,0.008033893,0.0056899963,0.0053106686,0.0065318714,0.008033893,0.0049566287,0.0065318714,0.0074983076,0.0056899963,0.0065318714,0.0065318714,0.0056899963,0.0056899963,0.0065318714,0.0069984267,0.0049566287,0.008033893,0.0060964194,0.0056899963,0.0060964194,0.008033893,0.0056899963,0.0053106686,0.0053106686,0.0053106686,0.0056899963,0.0049566287,0.0065318714,0.0069984267,0.0060964194,0.008033893,0.0049566287,0.0053106686,0.0069984267,0.0056899963,0.0074983076,0.0065318714,0.0049566287,0.008033893,0.0065318714,0.0056899963,0.0049566287,0.0053106686,0.0069984267,0.0065318714,0.0056899963,0.0060964194,0.0053106686,0.0060964194,0.0053106686,0.0069984267,0.0065318714,0.0056899963,0.0056899963,0.0056899963,0.0056899963,0.0049566287,0.0049566287,0.0056899963,0.0053106686,0.008033893,0.0049566287,0.0053106686,0.0053106686,0.0056899963,0.0049566287,0.0069984267,0.0056899963,0.008033893,0.008033893,0.0069984267,0.0049566287,0.0056899963,0.008033893,0.0065318714,0.0065318714,0.0060964194,0.0049566287,0.0056899963,0.0056899963,0.0074983076,0.0053106686,0.0049566287,0.0069984267,0.008033893,0.0074983076,0.0065318714,0.0074983076,0.0056899963,0.0056899963,0.0060964194,0.0049566287,0.0056899963,0.008033893,0.0065318714,0.008033893,0.0049566287,0.0049566287,0.0074983076,0.0069984267,0.0065318714,0.0060964194,0.0065318714,0.0074983076,0.0056899963,0.0049566287,0.0053106686,0.0053106686,0.008033893,0.008033893,0.0053106686,0.0049566287,0.008033893,0.0069984267,0.008033893,0.0074983076,0.0069984267,0.0056899963,0.0069984267,0.0074983076,0.0065318714,0.0060964194,0.0049566287,0.0049566287,0.0065318714,0.0065318714,0.0049566287,0.0060964194,0.0074983076,0.0056899963,0.0065318714,0.0056899963,0.0056899963,0.008033893,0.008033893,0.008033893,0.0049566287,0.0056899963,0.0069984267,0.0074983076,0.0049566287,0.0056899963,0.0049566287,0.0069984267,0.0074983076,0.0049566287,3,3
0.006235188,0.006235188,0.0076689865,0.0076689865,0.0047314945,0.006680552,0.0076689865,0.006680552,0.0076689865,0.0076689865,0.006235188,0.005819515,0.0047314945,0.0047314945,0.005431552,0.0076689865,0.006680552,0.0047314945,0.0076689865,0.006235188,0.0071577276,0.0071577276,0.0047314945,0.0050694533,0.0047314945,0.0071577276,0.005431552,0.0050694533,0.005819515,0.0071577276,0.0076689865,0.005431552,0.0076689865,0.006680552,0.0047314945,0.006235188,0.006235188,0.006235188,0.0047314945,0.0076689865,0.0050694533,0.006680552,0.0071577276,0.006235188,0.0047314945,0.0076689865,0.005819515,0.0076689865,0.0076689865,0.0076689865,0.005819515,0.0076689865,0.006235188,0.0076689865,0.0047314945,0.0071577276,0.006680552,0.0076689865,0.0076689865,0.006680552,0.006680552,0.005819515,0.005819515,0.005431552,0.006235188,0.0050694533,0.006235188,0.005431552,0.005819515,0.0076689865,0.0071577276,0.0076689865,0.005431552,0.0050694533,0.0047314945,0.0076689865,0.006235188,0.006680552,0.006235188,0.0076689865,0.006680552,0.0047314945,0.0047314945,0.0047314945,0.006680552,0.0047314945,0.005819515,0.0076689865,0.0047314945,0.0076689865,0.0071577276,0.006680552,0.0076689865,0.0047314945,0.0076689865,0.005819515,0.005431552,0.0050694533,0.006680552,0.0047314945,0.006235188,0.0076689865,0.0050694533,0.0047314945,0.006235188,0.0047314945,0.005819515,0.006235188,0.0047314945,0.005819515,0.006235188,0.0076689865,0.0047314945,0.0076689865,0.006680552,0.0047314945,0.006680552,0.006235188,0.005431552,0.0071577276,0.005819515,0.006235188,0.006235188,0.0076689865,0.0050694533,0.0076689865,0.006235188,0.0050694533,0.0071577276,0.006680552,0.0076689865,0.005431552,0.006235188,0.0071577276,0.006235188,0.006680552,0.006235188,0.0047314945,0.006235188,0.005431552,0.005431552,0.006680552,0.0050694533,0.0047314945,0.006680552,0.0050694533,0.0076689865,0.0076689865,0.0076689865,0.0047314945,0.0050694533,0.005819515,0.0071577276,0.0071577276,0.006680552,0.0071577276,0.006235188,0.006235188,0.005431552,0.0047314945,2,4
0.004853302,0.0051999614,0.0059693325,0.007866417,0.0055713817,0.0055713817,0.0073419963,0.0068525365,0.007866417,0.0068525365,0.007866417,0.0055713817,0.004853302,0.007866417,0.007866417,0.0055713817,0.0073419963,0.006395707,0.007866417,0.004853302,0.006395707,0.0073419963,0.0055713817,0.0073419963,0.004853302,0.0059693325,0.0055713817,0.0055713817,0.006395707,0.0051999614,0.006395707,0.006395707,0.0055713817,0.0051999614,0.007866417,0.0055713817,0.0055713817,0.004853302,0.0051999614,0.0055713817,0.004853302,0.007866417,0.0068525365,0.0051999614,0.007866417,0.0073419963,0.006395707,0.007866417,0.007866417,0.0059693325,0.006395707,0.0059693325,0.007866417,0.007866417,0.0055713817,0.004853302,0.0059693325,0.0055713817,0.006395707,0.004853302,0.006395707,0.0073419963,0.0051999614,0.0059693325,0.004853302,0.0051999614,0.0055713817,0.0055713817,0.007866417,0.0055713817,0.004853302,0.006395707,0.0055713817,0.0051999614,0.007866417,0.004853302,0.0051999614,0.004853302,0.006395707,0.004853302,0.0051999614,0.006395707,0.007866417,0.007866417,0.0073419963,0.004853302,0.0055713817,0.006395707,0.0073419963,0.0059693325,0.0059693325,0.004853302,0.004853302,0.007866417,0.004853302,0.004853302,0.004853302,0.0068525365,0.007866417,0.0073419963,0.007866417,0.007866417,0.0055713817,0.0059693325,0.006395707,0.004853302,0.0055713817,0.0055713817,0.007866417,0.007866417,0.0059693325,0.0055713817,0.0068525365,0.007866417,0.0051999614,0.0059693325,0.0068525365,0.007866417,0.006395707,0.004853302,0.0055713817,0.0051999614,0.007866417,0.007866417,0.0051999614,0.0059693325,0.006395707,0.0059693325,0.007866417,0.006395707,0.0068525365,0.0059693325,0.0068525365,0.0073419963,0.006395707,0.0068525365,0.0051999614,0.006395707,0.0068525365,0.0068525365,0.004853302,0.0051999614,0.0073419963,0.0068525365,0.0055713817,0.0051999614,0.007866417,0.007866417,0.007866417,0.0059693325,0.0051999614,0.0055713817,0.006395707,0.0068525365,0.0051999614,0.006395707,0.0055713817,0.006395707,0.0059693325,0.004853302,3,3
0.004813812,0.005157651,0.006796779,0.00780241,0.004813812,0.005157651,0.00780241,0.0072822566,0.00780241,0.00780241,0.0059207617,0.005526049,0.0063436665,0.004813812,0.00780241,0.0059207617,0.004813812,0.0063436665,0.00780241,0.0063436665,0.005526049,0.0072822566,0.0063436665,0.0063436665,0.004813812,0.0072822566,0.006796779,0.005157651,0.0059207617,0.005526049,0.0063436665,0.006796779,0.00780241,0.006796779,0.0072822566,0.004813812,0.004813812,0.00780241,0.004813812,0.005526049,0.005157651,0.0072822566,0.00780241,0.0059207617,0.00780241,0.005157651,0.005526049,0.00780241,0.0059207617,0.0072822566,0.0059207617,0.005526049,0.00780241,0.004813812,0.005526049,0.005157651,0.004813812,0.00780241,0.0059207617,0.0059207617,0.0063436665,0.0059207617,0.0072822566,0.004813812,0.00780241,0.005157651,0.005526049,0.005157651,0.005526049,0.006796779,0.0072822566,0.0072822566,0.005526049,0.005526049,0.0063436665,0.004813812,0.005157651,0.00780241,0.0059207617,0.004813812,0.005157651,0.0063436665,0.0063436665,0.00780241,0.00780241,0.005157651,0.0059207617,0.00780241,0.00780241,0.0059207617,0.0072822566,0.006796779,0.00780241,0.004813812,0.00780241,0.004813812,0.004813812,0.00780241,0.0063436665,0.0072822566,0.0072822566,0.006796779,0.0072822566,0.0059207617,0.0063436665,0.004813812,0.005526049,0.006796779,0.004813812,0.00780241,0.004813812,0.004813812,0.0072822566,0.0059207617,0.0063436665,0.0059207617,0.005526049,0.00780241,0.004813812,0.005157651,0.004813812,0.005157651,0.00780241,0.00780241,0.004813812,0.005526049,0.006796779,0.006796779,0.00780241,0.0063436665,0.006796779,0.005526049,0.0072822566,0.0072822566,0.005157651,0.005526049,0.0059207617,0.006796779,0.00780241,0.005526049,0.0059207617,0.0059207617,0.0063436665,0.005157651,0.005526049,0.005157651,0.00780241,0.00780241,0.00780241,0.005157651,0.004813812,0.005526049,0.0072822566,0.0072822566,0.004813812,0.0072822566,0.0059207617,0.006796779,0.0059207617,0.004813812,3,2
0.004954064,0.0053079207,0.0060932646,0.008029736,0.004954064,0.004954064,0.004954064,0.0069948053,0.008029736,0.008029736,0.005687052,0.0053079207,0.0053079207,0.004954064,0.008029736,0.0053079207,0.0069948053,0.005687052,0.008029736,0.004954064,0.0053079207,0.005687052,0.005687052,0.006528491,0.0053079207,0.008029736,0.006528491,0.0060932646,0.0060932646,0.008029736,0.0069948053,0.006528491,0.0053079207,0.0069948053,0.008029736,0.005687052,0.006528491,0.004954064,0.005687052,0.005687052,0.004954064,0.0069948053,0.0069948053,0.005687052,0.008029736,0.004954064,0.0053079207,0.004954064,0.004954064,0.0069948053,0.005687052,0.0060932646,0.006528491,0.0074944273,0.008029736,0.0060932646,0.0069948053,0.005687052,0.006528491,0.0060932646,0.006528491,0.0053079207,0.006528491,0.004954064,0.008029736,0.0060932646,0.0060932646,0.004954064,0.005687052,0.006528491,0.005687052,0.0053079207,0.005687052,0.005687052,0.008029736,0.004954064,0.0053079207,0.0053079207,0.0069948053,0.005687052,0.004954064,0.005687052,0.008029736,0.008029736,0.0069948053,0.004954064,0.0060932646,0.0074944273,0.0069948053,0.0060932646,0.0060932646,0.0069948053,0.005687052,0.004954064,0.008029736,0.0060932646,0.004954064,0.0060932646,0.005687052,0.0074944273,0.0069948053,0.0069948053,0.0053079207,0.004954064,0.0069948053,0.004954064,0.005687052,0.004954064,0.004954064,0.008029736,0.0074944273,0.008029736,0.004954064,0.008029736,0.0069948053,0.0060932646,0.0069948053,0.005687052,0.0060932646,0.004954064,0.0053079207,0.005687052,0.0069948053,0.008029736,0.006528491,0.004954064,0.008029736,0.0069948053,0.008029736,0.0074944273,0.006528491,0.005687052,0.0074944273,0.0074944273,0.005687052,0.0060932646,0.004954064,0.004954064,0.006528491,0.005687052,0.005687052,0.005687052,0.0060932646,0.005687052,0.0060932646,0.0053079207,0.0069948053,0.008029736,0.008029736,0.008029736,0.005687052,0.005687052,0.006528491,0.0069948053,0.004954064,0.008029736,0.0053079207,0.004954064,0.0053079207,0.006528491,3,4
0.0064237537,0.0073741926,0.004874585,0.0073741926,0.005995509,0.0055958135,0.0064237537,0.004874585,0.004874585,0.007900913,0.007900913,0.005995509,0.005222765,0.0073741926,0.007900913,0.0068825865,0.005995509,0.004874585,0.004874585,0.0068825865,0.0068825865,0.0073741926,0.004874585,0.005222765,0.005995509,0.0064237537,0.0055958135,0.004874585,0.005222765,0.0055958135,0.007900913,0.0055958135,0.004874585,0.004874585,0.007900913,0.0064237537,0.0064237537,0.004874585,0.004874585,0.005995509,0.005222765,0.0073741926,0.007900913,0.005995509,0.007900913,0.0073741926,0.0064237537,0.0068825865,0.004874585,0.0064237537,0.0064237537,0.005995509,0.007900913,0.004874585,0.0068825865,0.0055958135,0.0068825865,0.005222765,0.004874585,0.005995509,0.007900913,0.007900913,0.0064237537,0.004874585,0.007900913,0.0073741926,0.0073741926,0.004874585,0.0068825865,0.004874585,0.005222765,0.005995509,0.005222765,0.005222765,0.007900913,0.0064237537,0.0064237537,0.004874585,0.005222765,0.004874585,0.0055958135,0.0073741926,0.005222765,0.004874585,0.007900913,0.004874585,0.0055958135,0.0055958135,0.007900913,0.005995509,0.005995509,0.0068825865,0.004874585,0.007900913,0.007900913,0.005995509,0.004874585,0.0068825865,0.005995509,0.0073741926,0.0073741926,0.007900913,0.0064237537,0.0064237537,0.0064237537,0.007900913,0.007900913,0.004874585,0.004874585,0.007900913,0.0064237537,0.0055958135,0.005995509,0.005995509,0.0068825865,0.005995509,0.0068825865,0.0068825865,0.005222765,0.005222765,0.004874585,0.005222765,0.004874585,0.004874585,0.004874585,0.007900913,0.007900913,0.004874585,0.0055958135,0.007900913,0.007900913,0.0073741926,0.005222765,0.004874585,0.007900913,0.0068825865,0.005222765,0.004874585,0.004874585,0.0073741926,0.005995509,0.0068825865,0.005995509,0.0073741926,0.0073741926,0.0055958135,0.007900913,0.007900913,0.007900913,0.0068825865,0.0055958135,0.0055958135,0.005995509,0.005995509,0.0055958135,0.007900913,0.0064237537,0.0055958135,0.0055958135,0.0055958135,9,0
0.0075562648,0.0075562648,0.0075562648,0.0075562648,0.0053517167,0.0075562648,0.0075562648,0.0070525208,0.0075562648,0.005733977,0.0075562648,0.006582359,0.004661949,0.004661949,0.004661949,0.0061435406,0.0070525208,0.005733977,0.0075562648,0.006582359,0.0070525208,0.0070525208,0.0061435406,0.0061435406,0.004661949,0.004661949,0.005733977,0.0061435406,0.005733977,0.004661949,0.004661949,0.0061435406,0.0075562648,0.006582359,0.004661949,0.006582359,0.0061435406,0.005733977,0.004661949,0.0075562648,0.004661949,0.0075562648,0.0075562648,0.0075562648,0.006582359,0.0075562648,0.006582359,0.0075562648,0.0075562648,0.006582359,0.0053517167,0.0075562648,0.0075562648,0.0075562648,0.004661949,0.0075562648,0.006582359,0.0075562648,0.0075562648,0.005733977,0.004661949,0.0075562648,0.004661949,0.004661949,0.004661949,0.005733977,0.0061435406,0.0053517167,0.005733977,0.005733977,0.0053517167,0.0075562648,0.004661949,0.0049949405,0.004661949,0.0075562648,0.0061435406,0.0075562648,0.0075562648,0.0075562648,0.0075562648,0.006582359,0.004661949,0.004661949,0.0053517167,0.004661949,0.0075562648,0.0075562648,0.005733977,0.004661949,0.0075562648,0.006582359,0.0075562648,0.004661949,0.0075562648,0.0075562648,0.0075562648,0.004661949,0.0061435406,0.004661949,0.0049949405,0.0075562648,0.006582359,0.0049949405,0.004661949,0.004661949,0.0061435406,0.0061435406,0.004661949,0.004661949,0.0070525208,0.0075562648,0.0049949405,0.0075562648,0.005733977,0.004661949,0.006582359,0.0075562648,0.0075562648,0.0053517167,0.0075562648,0.0070525208,0.0075562648,0.0075562648,0.005733977,0.0075562648,0.0070525208,0.004661949,0.004661949,0.006582359,0.006582359,0.005733977,0.006582359,0.0070525208,0.005733977,0.005733977,0.0049949405,0.004661949,0.006582359,0.0053517167,0.0061435406,0.006582359,0.0049949405,0.004661949,0.0070525208,0.0049949405,0.0075562648,0.0075562648,0.006582359,0.004661949,0.004661949,0.0053517167,0.0075562648,0.0075562648,0.006582359,0.004661949,0.0070525208,0.0075562648,0.0075562648,0.0061435406,0,1
0.0060236496,0.006453904,0.007937997,0.007937997,0.004897464,0.005622078,0.004897464,0.0069148904,0.007408804,0.007937997,0.005622078,0.006453904,0.007408804,0.004897464,0.007937997,0.005622078,0.006453904,0.0069148904,0.007937997,0.004897464,0.005247278,0.007408804,0.006453904,0.0069148904,0.004897464,0.004897464,0.005622078,0.006453904,0.0060236496,0.004897464,0.004897464,0.0069148904,0.007408804,0.006453904,0.006453904,0.007408804,0.005247278,0.007937997,0.004897464,0.006453904,0.004897464,0.006453904,0.0069148904,0.005622078,0.007937997,0.005247278,0.004897464,0.007937997,0.004897464,0.007408804,0.0069148904,0.005247278,0.007937997,0.004897464,0.005622078,0.004897464,0.004897464,0.007937997,0.005622078,0.005622078,0.006453904,0.005247278,0.0069148904,0.004897464,0.007937997,0.005247278,0.006453904,0.004897464,0.005247278,0.006453904,0.0060236496,0.004897464,0.005622078,0.005247278,0.007937997,0.004897464,0.005247278,0.007937997,0.005622078,0.004897464,0.005622078,0.004897464,0.007937997,0.007937997,0.007937997,0.004897464,0.005247278,0.007937997,0.0069148904,0.004897464,0.0069148904,0.0069148904,0.007937997,0.004897464,0.007937997,0.004897464,0.004897464,0.007937997,0.0069148904,0.0069148904,0.006453904,0.0069148904,0.007408804,0.0060236496,0.0069148904,0.005247278,0.005622078,0.007937997,0.004897464,0.007937997,0.004897464,0.004897464,0.0069148904,0.0060236496,0.006453904,0.005247278,0.006453904,0.007937997,0.0069148904,0.004897464,0.005247278,0.005247278,0.007937997,0.007937997,0.0060236496,0.005247278,0.007937997,0.0069148904,0.007937997,0.007408804,0.005247278,0.005622078,0.007408804,0.007408804,0.005247278,0.005622078,0.004897464,0.004897464,0.006453904,0.005622078,0.004897464,0.005247278,0.007408804,0.005622078,0.005622078,0.005622078,0.0069148904,0.007937997,0.007937997,0.007937997,0.005622078,0.005622078,0.0069148904,0.007408804,0.004897464,0.004897464,0.005247278,0.0069148904,0.006453904,0.005247278,2,2
0.0074624936,0.0074624936,0.0074624936,0.0074624936,0.0056628203,0.0069650006,0.0074624936,0.0065006735,0.0069650006,0.0046040956,0.006067301,0.0056628203,0.0046040956,0.0046040956,0.0056628203,0.0074624936,0.006067301,0.0052853036,0.0074624936,0.0056628203,0.0069650006,0.0069650006,0.0052853036,0.004932955,0.0046040956,0.0069650006,0.0052853036,0.006067301,0.0052853036,0.0074624936,0.0074624936,0.006067301,0.0074624936,0.0056628203,0.0046040956,0.0069650006,0.006067301,0.0056628203,0.0046040956,0.0074624936,0.006067301,0.0069650006,0.0069650006,0.0069650006,0.0046040956,0.0074624936,0.0069650006,0.0074624936,0.0074624936,0.0074624936,0.0056628203,0.0074624936,0.0074624936,0.0074624936,0.0046040956,0.0074624936,0.0065006735,0.0074624936,0.0074624936,0.0065006735,0.0074624936,0.004932955,0.0046040956,0.0046040956,0.0074624936,0.006067301,0.006067301,0.004932955,0.0056628203,0.004932955,0.0056628203,0.0074624936,0.0046040956,0.004932955,0.0046040956,0.0074624936,0.006067301,0.0074624936,0.0074624936,0.0074624936,0.0074624936,0.0046040956,0.0046040956,0.0046040956,0.0046040956,0.0074624936,0.0069650006,0.0074624936,0.0056628203,0.0074624936,0.0074624936,0.0065006735,0.0074624936,0.0046040956,0.0074624936,0.0074624936,0.0074624936,0.0046040956,0.004932955,0.0046040956,0.0069650006,0.0074624936,0.0065006735,0.0052853036,0.006067301,0.0046040956,0.0056628203,0.0052853036,0.0046040956,0.0065006735,0.0069650006,0.0074624936,0.0046040956,0.0074624936,0.0074624936,0.0052853036,0.0065006735,0.0074624936,0.0069650006,0.0046040956,0.0074624936,0.006067301,0.0074624936,0.0074624936,0.0069650006,0.0074624936,0.0065006735,0.0046040956,0.0046040956,0.0065006735,0.0074624936,0.0052853036,0.0065006735,0.0069650006,0.0074624936,0.0065006735,0.0052853036,0.0046040956,0.006067301,0.0056628203,0.0056628203,0.0065006735,0.0056628203,0.0046040956,0.0065006735,0.006067301,0.0074624936,0.0074624936,0.0074624936,0.0046040956,0.0056628203,0.0052853036,0.0069650006,0.0069650006,0.0074624936,0.0074624936,0.0046040956,0.0052853036,0.004932955,0.0046040956,0,0
0.0049235323,0.0064882566,0.0049235323,0.0049235323,0.007980249,0.005652003,0.0049235323,0.0049235323,0.0049235323,0.0060557122,0.0069516967,0.005652003,0.0049235323,0.007980249,0.007980249,0.0069516967,0.005275208,0.0069516967,0.0049235323,0.0064882566,0.005652003,0.0064882566,0.0064882566,0.005275208,0.0060557122,0.0074482393,0.0064882566,0.005652003,0.0049235323,0.007980249,0.0064882566,0.0049235323,0.005275208,0.0074482393,0.007980249,0.0060557122,0.0064882566,0.0064882566,0.0069516967,0.0064882566,0.0049235323,0.0060557122,0.007980249,0.0064882566,0.007980249,0.0074482393,0.0064882566,0.005275208,0.0049235323,0.007980249,0.0060557122,0.0060557122,0.007980249,0.0049235323,0.007980249,0.0049235323,0.0069516967,0.0049235323,0.0049235323,0.005652003,0.007980249,0.0060557122,0.0064882566,0.005652003,0.0074482393,0.007980249,0.007980249,0.005275208,0.005652003,0.005652003,0.0049235323,0.0049235323,0.0049235323,0.005275208,0.007980249,0.0064882566,0.0064882566,0.0049235323,0.005652003,0.005652003,0.005275208,0.007980249,0.0074482393,0.005275208,0.007980249,0.0049235323,0.005275208,0.005275208,0.0060557122,0.0060557122,0.0060557122,0.0069516967,0.0049235323,0.007980249,0.007980249,0.0060557122,0.0049235323,0.0069516967,0.005275208,0.007980249,0.0074482393,0.0074482393,0.0069516967,0.005275208,0.0074482393,0.007980249,0.007980249,0.0049235323,0.0049235323,0.007980249,0.0074482393,0.0074482393,0.0060557122,0.005275208,0.0069516967,0.0060557122,0.0069516967,0.0064882566,0.005275208,0.005275208,0.0069516967,0.0069516967,0.0049235323,0.0060557122,0.0049235323,0.005275208,0.005652003,0.0069516967,0.007980249,0.0049235323,0.0074482393,0.0064882566,0.0049235323,0.0049235323,0.0074482393,0.0064882566,0.0049235323,0.0064882566,0.0049235323,0.007980249,0.0049235323,0.0060557122,0.0074482393,0.005652003,0.0064882566,0.005652003,0.007980249,0.0049235323,0.0049235323,0.007980249,0.0060557122,0.005652003,0.0049235323,0.0074482393,0.007980249,0.005652003,0.0064882566,0.0049235323,0.0049235323,0.0069516967,4,4
0.006206707,0.006650037,0.0076339566,0.0076339566,0.004709882,0.007125033,0.0076339566,0.006206707,0.007125033,0.004709882,0.0076339566,0.006206707,0.004709882,0.004709882,0.0076339566,0.0076339566,0.006650037,0.005406742,0.0076339566,0.0057929326,0.0076339566,0.007125033,0.004709882,0.0050462973,0.004709882,0.0076339566,0.005406742,0.0050462973,0.004709882,0.007125033,0.006650037,0.0057929326,0.0076339566,0.006206707,0.004709882,0.0057929326,0.005406742,0.006206707,0.004709882,0.0076339566,0.004709882,0.006206707,0.007125033,0.006206707,0.0076339566,0.006650037,0.0057929326,0.0076339566,0.0076339566,0.0076339566,0.006206707,0.006650037,0.006206707,0.0076339566,0.005406742,0.0076339566,0.0057929326,0.0076339566,0.0076339566,0.006650037,0.0076339566,0.005406742,0.0050462973,0.005406742,0.0076339566,0.0050462973,0.0057929326,0.0050462973,0.0057929326,0.0076339566,0.0076339566,0.0076339566,0.005406742,0.0050462973,0.004709882,0.0076339566,0.0057929326,0.0076339566,0.0076339566,0.007125033,0.0057929326,0.004709882,0.0057929326,0.004709882,0.005406742,0.004709882,0.0057929326,0.0076339566,0.005406742,0.006650037,0.0076339566,0.006650037,0.0076339566,0.004709882,0.0076339566,0.0050462973,0.0057929326,0.004709882,0.006206707,0.004709882,0.006206707,0.007125033,0.005406742,0.005406742,0.006650037,0.004709882,0.0057929326,0.0057929326,0.004709882,0.006206707,0.007125033,0.0076339566,0.004709882,0.0050462973,0.007125033,0.006650037,0.006650037,0.0076339566,0.0076339566,0.004709882,0.006206707,0.0057929326,0.0076339566,0.0076339566,0.005406742,0.0057929326,0.006650037,0.006206707,0.007125033,0.006206707,0.0076339566,0.005406742,0.0050462973,0.006206707,0.006650037,0.0076339566,0.006206707,0.004709882,0.0057929326,0.006206707,0.0057929326,0.0057929326,0.004709882,0.004709882,0.007125033,0.006206707,0.0076339566,0.0076339566,0.0076339566,0.004709882,0.004709882,0.005406742,0.007125033,0.007125033,0.006206707,0.0076339566,0.006206707,0.006206707,0.005406742,0.004709882,2,2
0.006483,0.006483,0.007973784,0.007442205,0.006050806,0.006050806,0.006483,0.0049195434,0.005647424,0.007973784,0.0069460645,0.005647424,0.0049195434,0.005270934,0.007442205,0.005647424,0.006483,0.006483,0.0049195434,0.006483,0.005647424,0.006483,0.005647424,0.0049195434,0.006050806,0.007442205,0.006050806,0.005270934,0.0049195434,0.007973784,0.007973784,0.005647424,0.005647424,0.0069460645,0.007973784,0.006050806,0.006483,0.006483,0.006050806,0.007973784,0.0049195434,0.006483,0.007973784,0.006483,0.007973784,0.007973784,0.007442205,0.0049195434,0.0049195434,0.007973784,0.006483,0.006483,0.005270934,0.0049195434,0.007973784,0.0049195434,0.0069460645,0.0049195434,0.0049195434,0.0069460645,0.007973784,0.005647424,0.005647424,0.005270934,0.007973784,0.005270934,0.006483,0.006050806,0.005647424,0.007442205,0.006050806,0.006483,0.005270934,0.005270934,0.007973784,0.006483,0.006483,0.0049195434,0.005647424,0.0049195434,0.0049195434,0.005270934,0.006050806,0.007973784,0.007973784,0.0049195434,0.0049195434,0.005270934,0.0069460645,0.006050806,0.006050806,0.0069460645,0.0049195434,0.007973784,0.007973784,0.0069460645,0.0049195434,0.0069460645,0.0049195434,0.007973784,0.0069460645,0.007442205,0.005647424,0.0049195434,0.007442205,0.007973784,0.0069460645,0.006050806,0.0049195434,0.007973784,0.007973784,0.0069460645,0.006050806,0.005647424,0.007442205,0.007442205,0.006483,0.0049195434,0.005647424,0.0049195434,0.0049195434,0.005647424,0.0049195434,0.0049195434,0.005647424,0.005270934,0.007442205,0.0049195434,0.007973784,0.005270934,0.007442205,0.005647424,0.007442205,0.007442205,0.007973784,0.007973784,0.0049195434,0.0049195434,0.005647424,0.007973784,0.0049195434,0.005270934,0.007442205,0.005270934,0.0069460645,0.0049195434,0.005647424,0.0049195434,0.0049195434,0.007973784,0.005270934,0.005647424,0.005270934,0.0049195434,0.007973784,0.006483,0.006483,0.005270934,0.0049195434,0.006483,2,4
0.0056064916,0.0068957196,0.0048838863,0.0048838863,0.007388264,0.0052327304,0.0052327304,0.0048838863,0.0048838863,0.0079159895,0.0068957196,0.006436011,0.0048838863,0.006436011,0.0079159895,0.006436011,0.007388264,0.0048838863,0.0048838863,0.0056064916,0.006436011,0.007388264,0.0052327304,0.0048838863,0.0079159895,0.007388264,0.0056064916,0.006436011,0.0048838863,0.0079159895,0.0079159895,0.0056064916,0.0048838863,0.007388264,0.0079159895,0.0068957196,0.006436011,0.0056064916,0.006436011,0.0079159895,0.0052327304,0.007388264,0.0079159895,0.007388264,0.007388264,0.0079159895,0.006436011,0.0048838863,0.0048838863,0.00600695,0.0079159895,0.00600695,0.0052327304,0.0048838863,0.0079159895,0.0048838863,0.006436011,0.0048838863,0.0048838863,0.0048838863,0.0079159895,0.00600695,0.0052327304,0.0056064916,0.0079159895,0.006436011,0.0079159895,0.0052327304,0.0048838863,0.0048838863,0.007388264,0.00600695,0.0048838863,0.0056064916,0.0079159895,0.0079159895,0.006436011,0.0048838863,0.0048838863,0.0048838863,0.0052327304,0.0068957196,0.00600695,0.0048838863,0.00600695,0.0048838863,0.0052327304,0.0048838863,0.0068957196,0.00600695,0.00600695,0.0068957196,0.0048838863,0.0079159895,0.0079159895,0.0068957196,0.0048838863,0.00600695,0.0056064916,0.0079159895,0.0079159895,0.007388264,0.0048838863,0.0048838863,0.00600695,0.0079159895,0.0079159895,0.0048838863,0.0048838863,0.0079159895,0.0079159895,0.0079159895,0.006436011,0.0048838863,0.0068957196,0.0079159895,0.006436011,0.0048838863,0.0052327304,0.0048838863,0.00600695,0.00600695,0.0068957196,0.0048838863,0.0052327304,0.0048838863,0.006436011,0.0048838863,0.0048838863,0.0079159895,0.0079159895,0.006436011,0.006436011,0.00600695,0.007388264,0.0068957196,0.0056064916,0.006436011,0.0048838863,0.0079159895,0.0079159895,0.00600695,0.00600695,0.007388264,0.00600695,0.0068957196,0.0079159895,0.0048838863,0.0048838863,0.0079159895,0.0068957196,0.0056064916,0.0048838863,0.0079159895,0.007388264,0.0079159895,0.00600695,0.00600695,0.00600695,0.0048838863,9,1
0.0067394553,0.0067394553,0.007220838,0.0062901643,0.0054794424,0.0067394553,0.0062901643,0.0054794424,0.0047732126,0.007736605,0.0062901643,0.005870826,0.0047732126,0.005870826,0.007736605,0.007736605,0.0067394553,0.0051141516,0.0047732126,0.0051141516,0.007736605,0.0067394553,0.0047732126,0.0047732126,0.0047732126,0.007736605,0.0054794424,0.0054794424,0.0054794424,0.0062901643,0.0067394553,0.0054794424,0.0047732126,0.005870826,0.007220838,0.007220838,0.005870826,0.007736605,0.0047732126,0.0067394553,0.0051141516,0.0062901643,0.007736605,0.005870826,0.007736605,0.007736605,0.005870826,0.0054794424,0.007736605,0.005870826,0.007736605,0.005870826,0.0054794424,0.0051141516,0.0067394553,0.007736605,0.005870826,0.0047732126,0.0047732126,0.0047732126,0.007736605,0.0062901643,0.0062901643,0.0051141516,0.0067394553,0.0067394553,0.007220838,0.0047732126,0.0054794424,0.005870826,0.0062901643,0.0062901643,0.0054794424,0.0051141516,0.007736605,0.007736605,0.0062901643,0.0051141516,0.0047732126,0.007736605,0.007736605,0.007220838,0.007736605,0.0062901643,0.007736605,0.0047732126,0.0054794424,0.0067394553,0.007220838,0.005870826,0.005870826,0.0067394553,0.0047732126,0.007736605,0.007220838,0.0067394553,0.0047732126,0.0062901643,0.0047732126,0.007736605,0.007736605,0.0067394553,0.0047732126,0.0047732126,0.0062901643,0.007736605,0.007220838,0.0051141516,0.0054794424,0.007736605,0.007736605,0.007736605,0.005870826,0.0047732126,0.0067394553,0.005870826,0.0067394553,0.0067394553,0.0054794424,0.0047732126,0.007736605,0.0051141516,0.0047732126,0.0047732126,0.0062901643,0.007736605,0.005870826,0.0047732126,0.005870826,0.007736605,0.007736605,0.0067394553,0.0051141516,0.005870826,0.0047732126,0.007736605,0.0062901643,0.0047732126,0.005870826,0.0054794424,0.007736605,0.0054794424,0.005870826,0.0054794424,0.005870826,0.0062901643,0.007736605,0.007736605,0.007736605,0.007220838,0.005870826,0.0054794424,0.0062901643,0.0067394553,0.0062901643,0.007736605,0.0062901643,0.0062901643,0.0054794424,0.0054794424,9,0
0.0071234684,0.0076322802,0.0076322802,0.0076322802,0.0057916604,0.0054055545,0.0076322802,0.0071234684,0.0076322802,0.0076322802,0.0057916604,0.006205344,0.004708848,0.004708848,0.004708848,0.006648577,0.0071234684,0.006648577,0.0076322802,0.0054055545,0.0057916604,0.0071234684,0.006205344,0.006205344,0.004708848,0.004708848,0.0054055545,0.006205344,0.006205344,0.0054055545,0.004708848,0.0057916604,0.0076322802,0.006648577,0.004708848,0.006648577,0.006205344,0.0057916604,0.004708848,0.0071234684,0.0057916604,0.006205344,0.006648577,0.0071234684,0.004708848,0.0071234684,0.006205344,0.0076322802,0.0076322802,0.0071234684,0.0054055545,0.0076322802,0.0076322802,0.0076322802,0.004708848,0.0076322802,0.006648577,0.0076322802,0.0076322802,0.006205344,0.004708848,0.006205344,0.0050451895,0.0050451895,0.0057916604,0.0050451895,0.006205344,0.004708848,0.0054055545,0.0057916604,0.004708848,0.0076322802,0.004708848,0.0054055545,0.004708848,0.0076322802,0.006205344,0.0076322802,0.0076322802,0.006205344,0.0071234684,0.0050451895,0.004708848,0.004708848,0.006205344,0.006205344,0.0076322802,0.0076322802,0.0057916604,0.0076322802,0.0076322802,0.006648577,0.0076322802,0.004708848,0.0076322802,0.0076322802,0.0076322802,0.004708848,0.006205344,0.004708848,0.0050451895,0.0076322802,0.006648577,0.0050451895,0.0071234684,0.004708848,0.006205344,0.006205344,0.004708848,0.004708848,0.006205344,0.0076322802,0.0050451895,0.0076322802,0.006205344,0.004708848,0.006648577,0.0076322802,0.0076322802,0.0057916604,0.0076322802,0.006648577,0.0076322802,0.0076322802,0.006205344,0.0076322802,0.0071234684,0.004708848,0.004708848,0.006648577,0.006205344,0.0054055545,0.006205344,0.0071234684,0.0057916604,0.0054055545,0.004708848,0.004708848,0.006648577,0.0054055545,0.0054055545,0.006648577,0.0054055545,0.004708848,0.0071234684,0.006205344,0.0076322802,0.0076322802,0.0076322802,0.004708848,0.004708848,0.0054055545,0.0076322802,0.0076322802,0.006205344,0.006648577,0.0057916604,0.006648577,0.006205344,0.004708848,1,1
0.007908878,0.0052280296,0.0056014545,0.004879499,0.004879499,0.0073816264,0.0052280296,0.0056014545,0.004879499,0.007908878,0.007908878,0.0068895244,0.004879499,0.0060015535,0.0052280296,0.006430229,0.006430229,0.0068895244,0.007908878,0.006430229,0.007908878,0.004879499,0.0060015535,0.004879499,0.004879499,0.0073816264,0.0060015535,0.006430229,0.0052280296,0.007908878,0.007908878,0.0056014545,0.004879499,0.006430229,0.007908878,0.0056014545,0.0060015535,0.0060015535,0.004879499,0.0068895244,0.0056014545,0.0056014545,0.0056014545,0.004879499,0.006430229,0.007908878,0.0068895244,0.004879499,0.004879499,0.0068895244,0.0068895244,0.006430229,0.0060015535,0.004879499,0.006430229,0.004879499,0.006430229,0.006430229,0.004879499,0.004879499,0.0073816264,0.0073816264,0.0060015535,0.0060015535,0.0068895244,0.0052280296,0.006430229,0.0060015535,0.0052280296,0.0056014545,0.0052280296,0.007908878,0.0056014545,0.004879499,0.0068895244,0.0073816264,0.006430229,0.004879499,0.0060015535,0.004879499,0.007908878,0.006430229,0.007908878,0.004879499,0.0056014545,0.004879499,0.004879499,0.004879499,0.0073816264,0.0060015535,0.0060015535,0.0068895244,0.004879499,0.007908878,0.007908878,0.0068895244,0.004879499,0.0068895244,0.0056014545,0.007908878,0.007908878,0.0073816264,0.0060015535,0.0056014545,0.0073816264,0.0073816264,0.006430229,0.0052280296,0.004879499,0.006430229,0.007908878,0.007908878,0.0060015535,0.004879499,0.006430229,0.007908878,0.0068895244,0.004879499,0.0056014545,0.004879499,0.007908878,0.0052280296,0.007908878,0.004879499,0.0052280296,0.007908878,0.004879499,0.004879499,0.006430229,0.0073816264,0.0073816264,0.0056014545,0.0068895244,0.0068895244,0.006430229,0.0068895244,0.0060015535,0.006430229,0.006430229,0.0068895244,0.007908878,0.0068895244,0.0056014545,0.0073816264,0.0056014545,0.007908878,0.004879499,0.007908878,0.007908878,0.004879499,0.004879499,0.0056014545,0.0073816264,0.0073816264,0.0068895244,0.007908878,0.006430229,0.004879499,0.0060015535,0.004879499,0,0
0.004884588,0.0052334825,0.006007813,0.007917127,0.004884588,0.0064369356,0.006007813,0.00689671,0.00689671,0.00689671,0.007917127,0.0052334825,0.0056072967,0.007917127,0.007917127,0.00689671,0.00689671,0.0064369356,0.007917127,0.0052334825,0.0064369356,0.007389325,0.0056072967,0.0064369356,0.0056072967,0.004884588,0.0056072967,0.0064369356,0.007389325,0.004884588,0.007389325,0.0056072967,0.0052334825,0.0056072967,0.007917127,0.0064369356,0.0056072967,0.004884588,0.0056072967,0.0064369356,0.0052334825,0.007917127,0.00689671,0.0052334825,0.007917127,0.007917127,0.00689671,0.007917127,0.007917127,0.0064369356,0.006007813,0.006007813,0.007917127,0.007917127,0.0056072967,0.0052334825,0.006007813,0.0052334825,0.006007813,0.004884588,0.00689671,0.0056072967,0.004884588,0.006007813,0.0064369356,0.0052334825,0.006007813,0.0052334825,0.007917127,0.004884588,0.0052334825,0.0064369356,0.0056072967,0.0052334825,0.007917127,0.004884588,0.0052334825,0.004884588,0.0064369356,0.004884588,0.004884588,0.0052334825,0.007917127,0.007917127,0.007917127,0.004884588,0.0052334825,0.007389325,0.007917127,0.0052334825,0.006007813,0.004884588,0.004884588,0.007917127,0.004884588,0.0052334825,0.004884588,0.00689671,0.007389325,0.00689671,0.007917127,0.007917127,0.0056072967,0.0056072967,0.006007813,0.004884588,0.0056072967,0.004884588,0.007917127,0.0064369356,0.0052334825,0.004884588,0.007389325,0.007389325,0.0052334825,0.006007813,0.00689671,0.007917127,0.0064369356,0.004884588,0.0056072967,0.0052334825,0.007917127,0.007917127,0.0052334825,0.0056072967,0.006007813,0.00689671,0.007917127,0.00689671,0.006007813,0.0056072967,0.007389325,0.007389325,0.004884588,0.006007813,0.0052334825,0.004884588,0.0064369356,0.0064369356,0.006007813,0.006007813,0.00689671,0.006007813,0.0056072967,0.0052334825,0.007917127,0.007917127,0.007917127,0.007389325,0.006007813,0.0056072967,0.00689671,0.007389325,0.0052334825,0.0064369356,0.0052334825,0.006007813,0.006007813,0.004884588,3,3
0.004780776,0.0063001313,0.0058801286,0.0077488637,0.004780776,0.006750134,0.0077488637,0.006750134,0.0072322795,0.0077488637,0.006750134,0.006750134,0.0054881247,0.0058801286,0.0063001313,0.0077488637,0.0072322795,0.0058801286,0.0077488637,0.0054881247,0.0077488637,0.0072322795,0.0054881247,0.005122255,0.004780776,0.0077488637,0.0058801286,0.004780776,0.005122255,0.0072322795,0.0077488637,0.0054881247,0.0058801286,0.006750134,0.0063001313,0.0054881247,0.005122255,0.0054881247,0.004780776,0.0058801286,0.004780776,0.0063001313,0.0077488637,0.006750134,0.0077488637,0.004780776,0.005122255,0.0054881247,0.0077488637,0.0058801286,0.0058801286,0.0054881247,0.0063001313,0.005122255,0.006750134,0.005122255,0.0054881247,0.0077488637,0.006750134,0.004780776,0.0077488637,0.0063001313,0.0058801286,0.005122255,0.0072322795,0.005122255,0.006750134,0.005122255,0.0072322795,0.0058801286,0.0077488637,0.0077488637,0.0054881247,0.0054881247,0.004780776,0.0054881247,0.005122255,0.006750134,0.0072322795,0.004780776,0.0054881247,0.0058801286,0.0077488637,0.0077488637,0.0058801286,0.004780776,0.004780776,0.0054881247,0.0072322795,0.0058801286,0.0063001313,0.006750134,0.0054881247,0.005122255,0.0077488637,0.0058801286,0.004780776,0.006750134,0.0063001313,0.0072322795,0.006750134,0.0072322795,0.005122255,0.004780776,0.0072322795,0.004780776,0.0054881247,0.004780776,0.006750134,0.0077488637,0.0072322795,0.0077488637,0.005122255,0.0077488637,0.0063001313,0.0077488637,0.006750134,0.004780776,0.0063001313,0.004780776,0.005122255,0.005122255,0.0063001313,0.0077488637,0.004780776,0.0072322795,0.0077488637,0.0058801286,0.0077488637,0.006750134,0.006750134,0.0054881247,0.006750134,0.0072322795,0.0072322795,0.0077488637,0.0063001313,0.004780776,0.006750134,0.006750134,0.0054881247,0.006750134,0.0058801286,0.0054881247,0.0063001313,0.006750134,0.0077488637,0.0077488637,0.0077488637,0.004780776,0.0054881247,0.0054881247,0.006750134,0.0072322795,0.006750134,0.0077488637,0.0063001313,0.004780776,0.0054881247,0.004780776,3,3
0.004877845,0.004877845,0.007906197,0.007906197,0.004877845,0.0052262573,0.007906197,0.0068871886,0.007906197,0.007906197,0.0055995556,0.0052262573,0.0055995556,0.004877845,0.007906197,0.007379124,0.004877845,0.0052262573,0.007906197,0.004877845,0.0052262573,0.007379124,0.0059995186,0.0052262573,0.0052262573,0.007906197,0.0055995556,0.0052262573,0.0055995556,0.0059995186,0.0068871886,0.0052262573,0.0052262573,0.007379124,0.007379124,0.0055995556,0.0052262573,0.006428049,0.004877845,0.0055995556,0.004877845,0.007379124,0.0068871886,0.0055995556,0.007906197,0.004877845,0.004877845,0.007906197,0.0068871886,0.0059995186,0.0059995186,0.0052262573,0.0059995186,0.0052262573,0.0055995556,0.0052262573,0.0052262573,0.007379124,0.0059995186,0.0052262573,0.007379124,0.0055995556,0.006428049,0.0052262573,0.007906197,0.006428049,0.0055995556,0.0055995556,0.0059995186,0.0059995186,0.004877845,0.0059995186,0.0055995556,0.0055995556,0.007906197,0.0052262573,0.0052262573,0.006428049,0.0059995186,0.0052262573,0.006428049,0.006428049,0.007906197,0.007906197,0.007906197,0.004877845,0.0059995186,0.007906197,0.006428049,0.0059995186,0.006428049,0.0068871886,0.0068871886,0.004877845,0.007906197,0.0059995186,0.004877845,0.007906197,0.006428049,0.007379124,0.0068871886,0.006428049,0.007379124,0.004877845,0.0068871886,0.0055995556,0.0055995556,0.007906197,0.004877845,0.007906197,0.007379124,0.007379124,0.0059995186,0.007906197,0.0059995186,0.0059995186,0.006428049,0.007906197,0.0055995556,0.004877845,0.0052262573,0.0052262573,0.007906197,0.007906197,0.0052262573,0.0055995556,0.007379124,0.0068871886,0.007906197,0.0068871886,0.006428049,0.0055995556,0.007379124,0.007379124,0.0052262573,0.0055995556,0.0052262573,0.004877845,0.006428049,0.0055995556,0.0059995186,0.0059995186,0.006428049,0.0052262573,0.0055995556,0.0052262573,0.007906197,0.007906197,0.007906197,0.0068871886,0.0059995186,0.0055995556,0.0068871886,0.007379124,0.0052262573,0.007906197,0.0055995556,0.0055995556,0.0052262573,0.004877845,2,2
0.0062920987,0.006741528,0.007738984,0.007738984,0.005115724,0.0058726314,0.007738984,0.006741528,0.007738984,0.007738984,0.0062920987,0.0058726314,0.0047746804,0.0047746804,0.0047746804,0.0058726314,0.0062920987,0.0054811276,0.007738984,0.0047746804,0.0054811276,0.007223059,0.0058726314,0.0062920987,0.0047746804,0.007738984,0.0058726314,0.0054811276,0.005115724,0.007738984,0.0047746804,0.0062920987,0.007738984,0.007223059,0.0047746804,0.0047746804,0.0054811276,0.007738984,0.0058726314,0.0054811276,0.0047746804,0.006741528,0.007738984,0.0054811276,0.007738984,0.006741528,0.006741528,0.007738984,0.007738984,0.007223059,0.0054811276,0.007738984,0.0058726314,0.007223059,0.0047746804,0.007738984,0.006741528,0.007738984,0.007738984,0.006741528,0.006741528,0.0054811276,0.006741528,0.0058726314,0.007738984,0.0062920987,0.0058726314,0.0047746804,0.0054811276,0.006741528,0.0047746804,0.0054811276,0.0054811276,0.0054811276,0.007223059,0.007738984,0.0062920987,0.007738984,0.007738984,0.0062920987,0.0062920987,0.0054811276,0.005115724,0.0047746804,0.0062920987,0.0062920987,0.0054811276,0.0054811276,0.0047746804,0.007738984,0.007223059,0.006741528,0.007738984,0.0047746804,0.007738984,0.0047746804,0.0047746804,0.0054811276,0.006741528,0.005115724,0.0054811276,0.0058726314,0.006741528,0.005115724,0.0062920987,0.0047746804,0.0058726314,0.0062920987,0.0047746804,0.005115724,0.0062920987,0.007223059,0.0047746804,0.007223059,0.006741528,0.0058726314,0.006741528,0.007738984,0.007738984,0.005115724,0.0054811276,0.0058726314,0.007738984,0.007738984,0.005115724,0.0054811276,0.007223059,0.006741528,0.007738984,0.0062920987,0.007223059,0.0054811276,0.0062920987,0.0062920987,0.0058726314,0.0062920987,0.0047746804,0.0047746804,0.0062920987,0.0054811276,0.0062920987,0.006741528,0.0047746804,0.0054811276,0.006741528,0.0054811276,0.007738984,0.007738984,0.007738984,0.0062920987,0.0054811276,0.006741528,0.0062920987,0.006741528,0.0054811276,0.005115724,0.0062920987,0.006741528,0.0058726314,0.005115724,2,2
0.0065978803,0.007574083,0.007574083,0.007574083,0.004672942,0.0061580273,0.007574083,0.007069151,0.007574083,0.007069151,0.007574083,0.0065978803,0.004672942,0.004672942,0.004672942,0.0061580273,0.007069151,0.0061580273,0.007574083,0.0065978803,0.007069151,0.007069151,0.0061580273,0.0061580273,0.004672942,0.004672942,0.0061580273,0.005747498,0.005747498,0.004672942,0.004672942,0.005747498,0.007574083,0.0065978803,0.004672942,0.0065978803,0.0061580273,0.0061580273,0.004672942,0.007574083,0.004672942,0.007574083,0.007574083,0.007574083,0.0065978803,0.007574083,0.0065978803,0.007574083,0.007574083,0.0065978803,0.0053643365,0.007574083,0.007574083,0.007574083,0.004672942,0.007574083,0.0065978803,0.007574083,0.007574083,0.005747498,0.004672942,0.005747498,0.0053643365,0.005006719,0.005747498,0.0053643365,0.0061580273,0.0053643365,0.0061580273,0.007574083,0.0053643365,0.007574083,0.005006719,0.0053643365,0.004672942,0.007574083,0.0061580273,0.007574083,0.007574083,0.007574083,0.007574083,0.0053643365,0.004672942,0.004672942,0.004672942,0.004672942,0.007069151,0.007574083,0.005006719,0.004672942,0.007574083,0.0065978803,0.007574083,0.004672942,0.007574083,0.007574083,0.007574083,0.004672942,0.0061580273,0.004672942,0.005006719,0.007574083,0.0065978803,0.0053643365,0.005006719,0.004672942,0.0061580273,0.0061580273,0.004672942,0.004672942,0.007069151,0.007574083,0.005006719,0.007574083,0.005747498,0.004672942,0.007069151,0.007574083,0.007574083,0.0061580273,0.007574083,0.007069151,0.007574083,0.007574083,0.0061580273,0.007574083,0.0065978803,0.004672942,0.004672942,0.0061580273,0.0053643365,0.0061580273,0.0061580273,0.007069151,0.005747498,0.005747498,0.005006719,0.004672942,0.0065978803,0.0053643365,0.007069151,0.0065978803,0.005006719,0.004672942,0.0061580273,0.005006719,0.007574083,0.007069151,0.0065978803,0.004672942,0.005006719,0.0053643365,0.007069151,0.007574083,0.007069151,0.005006719,0.007069151,0.0061580273,0.0065978803,0.007574083,1,1
0.0048744315,0.0052226004,0.00688237,0.007900665,0.0048744315,0.0052226004,0.007900665,0.00688237,0.007900665,0.007900665,0.0055956375,0.0052226004,0.00688237,0.0048744315,0.007900665,0.0052226004,0.0048744315,0.00688237,0.007900665,0.0048744315,0.0059953206,0.0073739607,0.0059953206,0.0052226004,0.0048744315,0.0059953206,0.00688237,0.006423551,0.0059953206,0.0052226004,0.006423551,0.00688237,0.007900665,0.0073739607,0.007900665,0.0059953206,0.0052226004,0.0073739607,0.0048744315,0.0059953206,0.0055956375,0.0073739607,0.007900665,0.0059953206,0.007900665,0.0055956375,0.0048744315,0.0073739607,0.0052226004,0.007900665,0.0055956375,0.0052226004,0.007900665,0.0048744315,0.0055956375,0.0048744315,0.0048744315,0.007900665,0.0059953206,0.006423551,0.006423551,0.0055956375,0.0073739607,0.0048744315,0.007900665,0.0055956375,0.0059953206,0.0052226004,0.0055956375,0.006423551,0.0052226004,0.00688237,0.0055956375,0.0055956375,0.007900665,0.0048744315,0.0052226004,0.007900665,0.0055956375,0.0048744315,0.0048744315,0.0052226004,0.007900665,0.007900665,0.007900665,0.0048744315,0.0055956375,0.007900665,0.007900665,0.0059953206,0.00688237,0.00688237,0.007900665,0.0048744315,0.007900665,0.0048744315,0.0048744315,0.007900665,0.006423551,0.0073739607,0.00688237,0.006423551,0.0073739607,0.0052226004,0.0052226004,0.0048744315,0.0055956375,0.007900665,0.0048744315,0.007900665,0.0048744315,0.0048744315,0.0073739607,0.0055956375,0.006423551,0.0059953206,0.0055956375,0.007900665,0.0052226004,0.0048744315,0.0048744315,0.0052226004,0.007900665,0.007900665,0.0048744315,0.0052226004,0.0073739607,0.006423551,0.007900665,0.006423551,0.0059953206,0.0055956375,0.0073739607,0.0073739607,0.0048744315,0.0059953206,0.0059953206,0.006423551,0.0073739607,0.0055956375,0.0059953206,0.0055956375,0.006423551,0.0055956375,0.0055956375,0.0052226004,0.007900665,0.007900665,0.007900665,0.0059953206,0.0052226004,0.0055956375,0.00688237,0.0073739607,0.0048744315,0.0055956375,0.0059953206,0.006423551,0.0059953206,0.0048744315,3,2
0.0074569075,0.0074569075,0.0074569075,0.0074569075,0.0052813473,0.0074569075,0.0074569075,0.0056585814,0.0064958073,0.0046006492,0.006959787,0.0060627596,0.0046006492,0.0046006492,0.0052813473,0.0064958073,0.0064958073,0.0060627596,0.0074569075,0.0056585814,0.006959787,0.006959787,0.0056585814,0.0056585814,0.0046006492,0.0060627596,0.0052813473,0.0060627596,0.0060627596,0.0056585814,0.0064958073,0.0060627596,0.0074569075,0.0060627596,0.0046006492,0.006959787,0.0056585814,0.0060627596,0.0046006492,0.0064958073,0.0046006492,0.0074569075,0.0074569075,0.0074569075,0.0046006492,0.0074569075,0.006959787,0.0074569075,0.0074569075,0.0074569075,0.0052813473,0.0074569075,0.0074569075,0.0074569075,0.0046006492,0.0074569075,0.0064958073,0.0074569075,0.0074569075,0.0060627596,0.006959787,0.0056585814,0.0046006492,0.004929262,0.0074569075,0.0056585814,0.0060627596,0.0052813473,0.0056585814,0.0064958073,0.0056585814,0.0074569075,0.004929262,0.004929262,0.0046006492,0.0074569075,0.0060627596,0.0074569075,0.0074569075,0.0074569075,0.0074569075,0.0046006492,0.0046006492,0.0046006492,0.0046006492,0.0074569075,0.0074569075,0.0074569075,0.004929262,0.0074569075,0.0074569075,0.0064958073,0.0074569075,0.0046006492,0.0074569075,0.0074569075,0.0074569075,0.0046006492,0.0060627596,0.0046006492,0.0064958073,0.0074569075,0.0064958073,0.004929262,0.0056585814,0.0046006492,0.0060627596,0.0052813473,0.0046006492,0.0056585814,0.006959787,0.0074569075,0.004929262,0.0074569075,0.006959787,0.0046006492,0.006959787,0.0074569075,0.0074569075,0.0060627596,0.0074569075,0.0060627596,0.0074569075,0.0074569075,0.0074569075,0.0074569075,0.006959787,0.0046006492,0.004929262,0.0064958073,0.0064958073,0.0052813473,0.0060627596,0.006959787,0.0064958073,0.0064958073,0.0056585814,0.0046006492,0.0064958073,0.0056585814,0.0056585814,0.0064958073,0.0056585814,0.0046006492,0.0060627596,0.0060627596,0.0074569075,0.0074569075,0.0074569075,0.0046006492,0.0052813473,0.0052813473,0.006959787,0.0074569075,0.0074569075,0.0046006492,0.0060627596,0.0060627596,0.0060627596,0.0052813473,0,1
0.0050261253,0.0053851292,0.006623454,0.008146536,0.0050261253,0.0053851292,0.0050261253,0.0070965514,0.0076034404,0.008146536,0.0057697752,0.0053851292,0.0050261253,0.008146536,0.0070965514,0.0050261253,0.006623454,0.0061818967,0.008146536,0.0050261253,0.0061818967,0.006623454,0.006623454,0.006623454,0.0050261253,0.0050261253,0.0057697752,0.006623454,0.0070965514,0.0050261253,0.0061818967,0.006623454,0.006623454,0.0076034404,0.0070965514,0.0061818967,0.006623454,0.0050261253,0.008146536,0.0057697752,0.0050261253,0.006623454,0.0070965514,0.0057697752,0.008146536,0.0050261253,0.0053851292,0.0057697752,0.0070965514,0.0076034404,0.006623454,0.0061818967,0.006623454,0.008146536,0.0057697752,0.0050261253,0.0053851292,0.0057697752,0.006623454,0.0053851292,0.006623454,0.0061818967,0.0053851292,0.0070965514,0.0050261253,0.0053851292,0.006623454,0.0050261253,0.0070965514,0.0057697752,0.006623454,0.0050261253,0.0057697752,0.0053851292,0.008146536,0.0050261253,0.0053851292,0.0070965514,0.008146536,0.0053851292,0.0050261253,0.0050261253,0.008146536,0.008146536,0.0061818967,0.0050261253,0.0050261253,0.0070965514,0.0070965514,0.0050261253,0.0061818967,0.0053851292,0.0053851292,0.0053851292,0.0070965514,0.0050261253,0.0050261253,0.006623454,0.008146536,0.0070965514,0.0053851292,0.006623454,0.0050261253,0.0057697752,0.0053851292,0.0050261253,0.0057697752,0.006623454,0.0070965514,0.008146536,0.0050261253,0.0050261253,0.0070965514,0.008146536,0.0061818967,0.0061818967,0.0070965514,0.0053851292,0.006623454,0.0050261253,0.0050261253,0.0053851292,0.0070965514,0.008146536,0.0057697752,0.0053851292,0.008146536,0.0070965514,0.008146536,0.0076034404,0.0050261253,0.0057697752,0.0076034404,0.0076034404,0.0050261253,0.0057697752,0.0050261253,0.0050261253,0.006623454,0.0057697752,0.0050261253,0.0053851292,0.0070965514,0.0057697752,0.0061818967,0.0057697752,0.006623454,0.008146536,0.008146536,0.008146536,0.0076034404,0.0057697752,0.006623454,0.0070965514,0.0050261253,0.0053851292,0.0050261253,0.0061818967,0.0070965514,0.0053851292,3,3
0.0048904703,0.0052397847,0.0060150474,0.007926661,0.0048904703,0.0052397847,0.006444687,0.006905015,0.0073982235,0.007926661,0.0060150474,0.0052397847,0.0048904703,0.007926661,0.0073982235,0.0060150474,0.006444687,0.006444687,0.007926661,0.0048904703,0.0052397847,0.0073982235,0.0060150474,0.006444687,0.0048904703,0.0056140493,0.0056140493,0.006444687,0.006444687,0.0048904703,0.007926661,0.0060150474,0.0056140493,0.006905015,0.007926661,0.0052397847,0.0052397847,0.0048904703,0.0060150474,0.0056140493,0.0056140493,0.0073982235,0.007926661,0.0060150474,0.007926661,0.006905015,0.0056140493,0.007926661,0.007926661,0.006444687,0.0056140493,0.0052397847,0.0052397847,0.007926661,0.0056140493,0.0048904703,0.0056140493,0.0052397847,0.007926661,0.0048904703,0.006905015,0.0056140493,0.0052397847,0.006905015,0.006444687,0.0056140493,0.006444687,0.0048904703,0.007926661,0.0048904703,0.0052397847,0.0052397847,0.0056140493,0.0052397847,0.007926661,0.0056140493,0.0056140493,0.0052397847,0.007926661,0.0056140493,0.0048904703,0.0060150474,0.007926661,0.007926661,0.007926661,0.0048904703,0.0056140493,0.006905015,0.006444687,0.0060150474,0.006444687,0.0048904703,0.0048904703,0.007926661,0.0048904703,0.0048904703,0.0048904703,0.006905015,0.007926661,0.0073982235,0.006905015,0.0073982235,0.006444687,0.0056140493,0.006905015,0.006905015,0.0056140493,0.0048904703,0.007926661,0.007926661,0.0056140493,0.0073982235,0.006444687,0.007926661,0.0056140493,0.0060150474,0.006444687,0.0056140493,0.0060150474,0.0048904703,0.006444687,0.0052397847,0.006444687,0.007926661,0.0048904703,0.0060150474,0.0060150474,0.0056140493,0.007926661,0.006905015,0.0048904703,0.0056140493,0.0073982235,0.0073982235,0.0048904703,0.0056140493,0.0052397847,0.0052397847,0.0073982235,0.0056140493,0.007926661,0.0056140493,0.006444687,0.006444687,0.006444687,0.0052397847,0.007926661,0.007926661,0.007926661,0.007926661,0.0048904703,0.0056140493,0.006905015,0.0073982235,0.0048904703,0.0060150474,0.0048904703,0.0073982235,0.0056140493,0.0052397847,3,3
0.0061974735,0.007114433,0.0076225996,0.0076225996,0.0047028754,0.0066401437,0.0076225996,0.005398698,0.0061974735,0.0047028754,0.0061974735,0.0066401437,0.0047028754,0.0047028754,0.0047028754,0.0057843146,0.0061974735,0.0066401437,0.0076225996,0.005398698,0.007114433,0.007114433,0.005398698,0.0057843146,0.0047028754,0.0057843146,0.0057843146,0.0057843146,0.007114433,0.00503879,0.005398698,0.0061974735,0.0076225996,0.0066401437,0.0047028754,0.005398698,0.0057843146,0.007114433,0.005398698,0.0061974735,0.0047028754,0.0076225996,0.0076225996,0.0076225996,0.0066401437,0.0076225996,0.007114433,0.0076225996,0.0076225996,0.0066401437,0.005398698,0.007114433,0.0076225996,0.0076225996,0.0047028754,0.0076225996,0.0066401437,0.0076225996,0.0076225996,0.0061974735,0.0066401437,0.007114433,0.0047028754,0.0047028754,0.005398698,0.00503879,0.0061974735,0.0047028754,0.0047028754,0.00503879,0.0066401437,0.0076225996,0.00503879,0.0047028754,0.0047028754,0.0076225996,0.0061974735,0.0076225996,0.0066401437,0.0076225996,0.0076225996,0.0057843146,0.0047028754,0.0047028754,0.0076225996,0.0057843146,0.0076225996,0.0066401437,0.0057843146,0.0076225996,0.0076225996,0.0066401437,0.0076225996,0.0047028754,0.0076225996,0.007114433,0.0076225996,0.0047028754,0.0061974735,0.005398698,0.0057843146,0.0076225996,0.0066401437,0.005398698,0.0061974735,0.0047028754,0.0061974735,0.0061974735,0.0047028754,0.0047028754,0.0057843146,0.0076225996,0.005398698,0.0066401437,0.0076225996,0.007114433,0.0066401437,0.0047028754,0.0066401437,0.0076225996,0.0076225996,0.0066401437,0.0076225996,0.0076225996,0.0061974735,0.0076225996,0.0061974735,0.00503879,0.00503879,0.0061974735,0.0061974735,0.005398698,0.0061974735,0.0061974735,0.0047028754,0.0066401437,0.005398698,0.0047028754,0.0061974735,0.0061974735,0.00503879,0.0066401437,0.00503879,0.0047028754,0.007114433,0.00503879,0.0076225996,0.0076225996,0.0076225996,0.0047028754,0.0047028754,0.005398698,0.0076225996,0.0076225996,0.0066401437,0.0057843146,0.007114433,0.0066401437,0.0057843146,0.0047028754,2,1
0.004886519,0.006899437,0.0052355514,0.004886519,0.0073922467,0.007920257,0.004886519,0.004886519,0.004886519,0.006899437,0.0073922467,0.006899437,0.004886519,0.0052355514,0.006899437,0.0056095137,0.0064394805,0.0064394805,0.004886519,0.0064394805,0.004886519,0.0073922467,0.0056095137,0.0056095137,0.007920257,0.0073922467,0.0056095137,0.0052355514,0.004886519,0.007920257,0.007920257,0.0056095137,0.0056095137,0.006899437,0.007920257,0.0060101883,0.0060101883,0.006899437,0.0060101883,0.007920257,0.004886519,0.0060101883,0.007920257,0.0064394805,0.007920257,0.0073922467,0.006899437,0.004886519,0.004886519,0.0073922467,0.0064394805,0.0064394805,0.0052355514,0.004886519,0.007920257,0.004886519,0.006899437,0.004886519,0.004886519,0.0073922467,0.007920257,0.0056095137,0.0056095137,0.004886519,0.007920257,0.0052355514,0.0073922467,0.0060101883,0.0056095137,0.0073922467,0.007920257,0.007920257,0.0052355514,0.0052355514,0.004886519,0.0056095137,0.0064394805,0.004886519,0.0056095137,0.004886519,0.004886519,0.004886519,0.0060101883,0.007920257,0.007920257,0.004886519,0.004886519,0.0052355514,0.006899437,0.0060101883,0.0060101883,0.006899437,0.004886519,0.007920257,0.007920257,0.006899437,0.004886519,0.006899437,0.004886519,0.007920257,0.0073922467,0.006899437,0.0052355514,0.0052355514,0.0073922467,0.007920257,0.006899437,0.0064394805,0.004886519,0.007920257,0.007920257,0.007920257,0.0064394805,0.0056095137,0.006899437,0.0060101883,0.006899437,0.004886519,0.0060101883,0.004886519,0.004886519,0.0052355514,0.004886519,0.004886519,0.0056095137,0.0052355514,0.0052355514,0.0056095137,0.007920257,0.004886519,0.007920257,0.0056095137,0.0073922467,0.006899437,0.0073922467,0.006899437,0.0060101883,0.007920257,0.0060101883,0.007920257,0.004886519,0.0056095137,0.0073922467,0.0052355514,0.0056095137,0.0060101883,0.006899437,0.007920257,0.007920257,0.0052355514,0.0056095137,0.0056095137,0.004886519,0.004886519,0.007920257,0.007920257,0.0073922467,0.004886519,0.0056095137,0.007920257,5,4
0.0070303106,0.0075324685,0.0075324685,0.0075324685,0.0057159197,0.0065616295,0.0075324685,0.0070303106,0.0075324685,0.0065616295,0.0061241933,0.0061241933,0.0046472675,0.0046472675,0.0057159197,0.0061241933,0.0065616295,0.0061241933,0.0075324685,0.0046472675,0.0070303106,0.0070303106,0.0061241933,0.0057159197,0.0065616295,0.0057159197,0.005334863,0.0061241933,0.0065616295,0.0061241933,0.0057159197,0.005334863,0.0075324685,0.0065616295,0.0046472675,0.0065616295,0.0061241933,0.0057159197,0.0046472675,0.0075324685,0.0046472675,0.0075324685,0.0075324685,0.0075324685,0.0075324685,0.0061241933,0.005334863,0.0075324685,0.0075324685,0.0061241933,0.005334863,0.0075324685,0.0075324685,0.0075324685,0.0046472675,0.0075324685,0.0065616295,0.0075324685,0.0075324685,0.0061241933,0.0049792104,0.0057159197,0.0049792104,0.005334863,0.0070303106,0.0049792104,0.0061241933,0.0046472675,0.005334863,0.005334863,0.0046472675,0.0075324685,0.0046472675,0.0049792104,0.0046472675,0.0075324685,0.0061241933,0.0075324685,0.0075324685,0.0065616295,0.0075324685,0.0046472675,0.0046472675,0.0046472675,0.0046472675,0.0070303106,0.0075324685,0.0075324685,0.005334863,0.0075324685,0.0075324685,0.0065616295,0.0075324685,0.0046472675,0.0075324685,0.0075324685,0.0075324685,0.0046472675,0.0061241933,0.0046472675,0.005334863,0.0075324685,0.0061241933,0.0049792104,0.0070303106,0.0046472675,0.0057159197,0.0061241933,0.0046472675,0.0049792104,0.0075324685,0.0075324685,0.0049792104,0.0070303106,0.0057159197,0.0046472675,0.0070303106,0.0075324685,0.0075324685,0.005334863,0.0075324685,0.0061241933,0.0075324685,0.0075324685,0.0057159197,0.0075324685,0.0061241933,0.0046472675,0.0046472675,0.0061241933,0.0065616295,0.005334863,0.0065616295,0.0070303106,0.0061241933,0.0057159197,0.0049792104,0.0046472675,0.0061241933,0.005334863,0.0061241933,0.0065616295,0.005334863,0.0046472675,0.0061241933,0.005334863,0.0075324685,0.0075324685,0.0075324685,0.0046472675,0.0046472675,0.005334863,0.0075324685,0.0075324685,0.0070303106,0.0046472675,0.0075324685,0.0075324685,0.0075324685,0.0070303106,1,1
0.006618783,0.0070915464,0.0075980783,0.0075980783,0.0046877465,0.0070915464,0.0075980783,0.006618783,0.0075980783,0.0046877465,0.0070915464,0.006618783,0.0046877465,0.0046877465,0.0046877465,0.0075980783,0.0061775367,0.0050225807,0.0075980783,0.0061775367,0.0075980783,0.0070915464,0.0057657068,0.0057657068,0.0046877465,0.0075980783,0.0053813313,0.0046877465,0.0046877465,0.0075980783,0.0057657068,0.0053813313,0.0075980783,0.0070915464,0.0046877465,0.0057657068,0.0057657068,0.0061775367,0.0046877465,0.0075980783,0.0046877465,0.006618783,0.0070915464,0.0050225807,0.0075980783,0.0075980783,0.0061775367,0.0070915464,0.0075980783,0.0075980783,0.0070915464,0.006618783,0.0053813313,0.0061775367,0.0046877465,0.0075980783,0.0061775367,0.0075980783,0.0075980783,0.0057657068,0.0075980783,0.0057657068,0.0050225807,0.0053813313,0.0075980783,0.0050225807,0.0057657068,0.0053813313,0.0061775367,0.0070915464,0.0075980783,0.0075980783,0.0046877465,0.0053813313,0.0050225807,0.0075980783,0.0057657068,0.0075980783,0.0075980783,0.006618783,0.0046877465,0.0057657068,0.0075980783,0.0050225807,0.0070915464,0.0046877465,0.0053813313,0.0075980783,0.0057657068,0.006618783,0.006618783,0.006618783,0.0075980783,0.0046877465,0.0075980783,0.0046877465,0.0046877465,0.0046877465,0.006618783,0.0057657068,0.0070915464,0.0070915464,0.006618783,0.0053813313,0.0050225807,0.0046877465,0.0057657068,0.0057657068,0.0046877465,0.0070915464,0.0061775367,0.0075980783,0.0046877465,0.0057657068,0.0050225807,0.006618783,0.006618783,0.0070915464,0.0057657068,0.0053813313,0.0075980783,0.006618783,0.0075980783,0.0075980783,0.0075980783,0.0070915464,0.0070915464,0.0053813313,0.006618783,0.0061775367,0.0075980783,0.0053813313,0.0053813313,0.0061775367,0.006618783,0.0070915464,0.0050225807,0.0046877465,0.006618783,0.0061775367,0.0057657068,0.006618783,0.0046877465,0.0046877465,0.0061775367,0.0075980783,0.0075980783,0.0075980783,0.0075980783,0.0046877465,0.0057657068,0.0057657068,0.006618783,0.006618783,0.0053813313,0.0075980783,0.0061775367,0.0061775367,0.0053813313,0.0046877465,2,0
0.007145639,0.0076560345,0.0076560345,0.0076560345,0.0047235037,0.0066692694,0.0076560345,0.007145639,0.0076560345,0.0076560345,0.007145639,0.0066692694,0.0047235037,0.0047235037,0.0076560345,0.0047235037,0.007145639,0.0062246574,0.0076560345,0.0047235037,0.0062246574,0.007145639,0.005809686,0.0062246574,0.0047235037,0.0050608916,0.005809686,0.0054223784,0.005809686,0.0047235037,0.0047235037,0.005809686,0.0076560345,0.0066692694,0.0047235037,0.0066692694,0.0062246574,0.0062246574,0.0047235037,0.0062246574,0.0054223784,0.0066692694,0.0076560345,0.0076560345,0.0054223784,0.0062246574,0.0054223784,0.0076560345,0.0076560345,0.0054223784,0.0062246574,0.0076560345,0.0076560345,0.0076560345,0.0054223784,0.0076560345,0.0066692694,0.0076560345,0.0076560345,0.0062246574,0.0047235037,0.005809686,0.0066692694,0.005809686,0.0054223784,0.005809686,0.0062246574,0.0047235037,0.0054223784,0.007145639,0.0047235037,0.0076560345,0.0047235037,0.0047235037,0.0047235037,0.0076560345,0.0062246574,0.0076560345,0.0076560345,0.007145639,0.0076560345,0.0076560345,0.0047235037,0.0047235037,0.0066692694,0.0047235037,0.0076560345,0.0066692694,0.005809686,0.0047235037,0.007145639,0.0066692694,0.0076560345,0.0047235037,0.0076560345,0.0076560345,0.0076560345,0.0047235037,0.005809686,0.0047235037,0.0054223784,0.0076560345,0.0062246574,0.0050608916,0.0054223784,0.0047235037,0.0062246574,0.0062246574,0.0047235037,0.0047235037,0.007145639,0.0076560345,0.0047235037,0.0076560345,0.0062246574,0.005809686,0.0066692694,0.0076560345,0.0066692694,0.0047235037,0.0076560345,0.0066692694,0.0076560345,0.0076560345,0.007145639,0.0076560345,0.0066692694,0.0050608916,0.0047235037,0.0066692694,0.005809686,0.0054223784,0.0066692694,0.007145639,0.0050608916,0.0054223784,0.0054223784,0.0054223784,0.0066692694,0.0054223784,0.0054223784,0.007145639,0.005809686,0.0047235037,0.007145639,0.0050608916,0.0076560345,0.0047235037,0.0050608916,0.005809686,0.0047235037,0.0054223784,0.0076560345,0.0076560345,0.0066692694,0.0047235037,0.005809686,0.0076560345,0.0076560345,0.0047235037,1,1
0.004804216,0.005515033,0.0077868565,0.0077868565,0.004804216,0.005908959,0.0077868565,0.00678323,0.00678323,0.0077868565,0.005515033,0.005515033,0.005908959,0.004804216,0.0072677396,0.004804216,0.005908959,0.00678323,0.0077868565,0.005908959,0.0077868565,0.006331021,0.005908959,0.006331021,0.004804216,0.00678323,0.005515033,0.006331021,0.0051473696,0.00678323,0.0072677396,0.005515033,0.0077868565,0.00678323,0.0077868565,0.004804216,0.004804216,0.0077868565,0.004804216,0.005515033,0.004804216,0.006331021,0.0077868565,0.00678323,0.0077868565,0.005515033,0.004804216,0.0077868565,0.00678323,0.005908959,0.005908959,0.0051473696,0.0077868565,0.004804216,0.006331021,0.004804216,0.004804216,0.0077868565,0.006331021,0.005908959,0.006331021,0.0051473696,0.006331021,0.004804216,0.0077868565,0.005908959,0.005908959,0.005515033,0.006331021,0.0072677396,0.00678323,0.0077868565,0.005515033,0.005515033,0.005908959,0.004804216,0.005515033,0.0077868565,0.005515033,0.005515033,0.004804216,0.004804216,0.0077868565,0.0077868565,0.0072677396,0.004804216,0.005515033,0.0077868565,0.0077868565,0.005908959,0.00678323,0.006331021,0.0077868565,0.004804216,0.0077868565,0.004804216,0.004804216,0.0077868565,0.005908959,0.0072677396,0.00678323,0.006331021,0.0077868565,0.006331021,0.00678323,0.0051473696,0.005515033,0.00678323,0.0051473696,0.0077868565,0.005515033,0.0051473696,0.006331021,0.0072677396,0.0051473696,0.004804216,0.00678323,0.0077868565,0.005908959,0.004804216,0.005908959,0.0051473696,0.00678323,0.0077868565,0.005515033,0.00678323,0.0072677396,0.006331021,0.0072677396,0.00678323,0.006331021,0.005515033,0.0072677396,0.0072677396,0.005908959,0.005908959,0.0051473696,0.0051473696,0.0077868565,0.005515033,0.0051473696,0.006331021,0.006331021,0.005515033,0.005515033,0.0051473696,0.0077868565,0.0077868565,0.0077868565,0.004804216,0.004804216,0.005515033,0.0072677396,0.0077868565,0.006331021,0.00678323,0.006331021,0.006331021,0.005908959,0.004804216,2,2
0.0059556854,0.0059556854,0.007848433,0.007848433,0.004842207,0.006381085,0.0051880735,0.00683687,0.0073252115,0.007848433,0.005558645,0.0059556854,0.007848433,0.004842207,0.007848433,0.005558645,0.006381085,0.00683687,0.007848433,0.004842207,0.0051880735,0.0073252115,0.006381085,0.00683687,0.004842207,0.004842207,0.005558645,0.006381085,0.0059556854,0.004842207,0.0051880735,0.00683687,0.007848433,0.00683687,0.007848433,0.005558645,0.004842207,0.007848433,0.004842207,0.0059556854,0.004842207,0.0059556854,0.00683687,0.005558645,0.007848433,0.006381085,0.004842207,0.007848433,0.004842207,0.00683687,0.00683687,0.0059556854,0.007848433,0.004842207,0.005558645,0.0059556854,0.004842207,0.007848433,0.005558645,0.00683687,0.006381085,0.005558645,0.00683687,0.004842207,0.007848433,0.005558645,0.006381085,0.004842207,0.004842207,0.0059556854,0.005558645,0.005558645,0.005558645,0.005558645,0.0073252115,0.005558645,0.0051880735,0.007848433,0.006381085,0.005558645,0.007848433,0.004842207,0.007848433,0.007848433,0.007848433,0.0051880735,0.005558645,0.007848433,0.00683687,0.004842207,0.00683687,0.006381085,0.007848433,0.004842207,0.007848433,0.004842207,0.0051880735,0.00683687,0.00683687,0.00683687,0.006381085,0.0073252115,0.00683687,0.0051880735,0.0073252115,0.005558645,0.005558645,0.007848433,0.004842207,0.007848433,0.004842207,0.004842207,0.0073252115,0.0059556854,0.006381085,0.005558645,0.00683687,0.007848433,0.007848433,0.0051880735,0.005558645,0.005558645,0.007848433,0.007848433,0.004842207,0.0051880735,0.0073252115,0.0059556854,0.00683687,0.00683687,0.0051880735,0.005558645,0.0073252115,0.0073252115,0.0051880735,0.0059556854,0.004842207,0.004842207,0.006381085,0.005558645,0.004842207,0.0051880735,0.0073252115,0.005558645,0.0059556854,0.005558645,0.007848433,0.007848433,0.007848433,0.007848433,0.005558645,0.005558645,0.00683687,0.0073252115,0.0051880735,0.0051880735,0.0051880735,0.0073252115,0.006381085,0.0051880735,2,2
0.0062335627,0.007155862,0.007666988,0.007666988,0.0047302614,0.007155862,0.007666988,0.006678811,0.007666988,0.0054301363,0.007155862,0.006678811,0.0054301363,0.0047302614,0.0062335627,0.007666988,0.006678811,0.005817998,0.007666988,0.005068132,0.007666988,0.007155862,0.0054301363,0.005068132,0.0047302614,0.007155862,0.0054301363,0.0047302614,0.0047302614,0.007666988,0.005817998,0.005817998,0.005817998,0.006678811,0.005817998,0.006678811,0.005817998,0.007666988,0.0054301363,0.007666988,0.0047302614,0.0062335627,0.007666988,0.006678811,0.007666988,0.0047302614,0.0047302614,0.007666988,0.0054301363,0.0054301363,0.005817998,0.0062335627,0.007155862,0.0047302614,0.0054301363,0.0047302614,0.0047302614,0.007666988,0.0062335627,0.0062335627,0.007666988,0.005817998,0.005817998,0.0047302614,0.007666988,0.005068132,0.005817998,0.0054301363,0.0062335627,0.007155862,0.007666988,0.007666988,0.0054301363,0.005068132,0.005817998,0.005068132,0.005068132,0.007666988,0.0062335627,0.005068132,0.0047302614,0.005068132,0.007666988,0.007666988,0.0062335627,0.0062335627,0.005817998,0.007666988,0.007155862,0.0062335627,0.005817998,0.006678811,0.007666988,0.0047302614,0.007666988,0.0047302614,0.0054301363,0.007666988,0.0062335627,0.007155862,0.007666988,0.006678811,0.0062335627,0.005068132,0.005817998,0.0054301363,0.0054301363,0.0062335627,0.0047302614,0.007666988,0.0062335627,0.007155862,0.005817998,0.006678811,0.005068132,0.005817998,0.006678811,0.007666988,0.005817998,0.0054301363,0.0054301363,0.005068132,0.007666988,0.007666988,0.0054301363,0.0062335627,0.007155862,0.0062335627,0.007155862,0.0062335627,0.007666988,0.0054301363,0.0062335627,0.006678811,0.007155862,0.006678811,0.0054301363,0.0054301363,0.007666988,0.005817998,0.005817998,0.006678811,0.0062335627,0.005068132,0.0054301363,0.006678811,0.007666988,0.007666988,0.007666988,0.0047302614,0.0047302614,0.0054301363,0.0062335627,0.007155862,0.0062335627,0.007666988,0.0062335627,0.0062335627,0.0054301363,0.0047302614,2,2
0.006023229,0.0056216856,0.0079374425,0.0079374425,0.0048971223,0.0079374425,0.0048971223,0.0048971223,0.0048971223,0.0048971223,0.007408287,0.0069144075,0.0048971223,0.0052469117,0.007408287,0.006023229,0.0069144075,0.006453453,0.0056216856,0.006453453,0.007408287,0.0048971223,0.006453453,0.006453453,0.0048971223,0.007408287,0.0056216856,0.006023229,0.0048971223,0.0079374425,0.0079374425,0.0056216856,0.0048971223,0.0069144075,0.0079374425,0.006023229,0.0056216856,0.0069144075,0.006023229,0.0069144075,0.0048971223,0.006023229,0.0079374425,0.006453453,0.0079374425,0.0079374425,0.0069144075,0.0048971223,0.0048971223,0.0079374425,0.006453453,0.006453453,0.0048971223,0.0048971223,0.0079374425,0.0048971223,0.0069144075,0.0048971223,0.0048971223,0.0069144075,0.0079374425,0.0052469117,0.006453453,0.0052469117,0.0079374425,0.0052469117,0.006453453,0.006023229,0.006023229,0.0079374425,0.0079374425,0.0079374425,0.0048971223,0.0052469117,0.0048971223,0.0052469117,0.006023229,0.0048971223,0.0048971223,0.0048971223,0.0048971223,0.0052469117,0.0048971223,0.0079374425,0.0079374425,0.0048971223,0.0048971223,0.0052469117,0.006453453,0.006023229,0.006023229,0.0069144075,0.0048971223,0.0079374425,0.0079374425,0.006453453,0.0048971223,0.0056216856,0.0056216856,0.0079374425,0.0079374425,0.0069144075,0.0056216856,0.0048971223,0.007408287,0.0079374425,0.0069144075,0.0056216856,0.0048971223,0.0079374425,0.0079374425,0.007408287,0.006023229,0.0069144075,0.0069144075,0.006023229,0.0069144075,0.0048971223,0.0056216856,0.0056216856,0.006453453,0.006453453,0.0048971223,0.0048971223,0.0056216856,0.0048971223,0.0052469117,0.0056216856,0.0079374425,0.0048971223,0.0079374425,0.0056216856,0.007408287,0.0069144075,0.007408287,0.0079374425,0.0048971223,0.0048971223,0.0056216856,0.0079374425,0.0048971223,0.0052469117,0.0069144075,0.007408287,0.007408287,0.006453453,0.007408287,0.0079374425,0.0079374425,0.0048971223,0.0052469117,0.0056216856,0.0048971223,0.0056216856,0.0079374425,0.0079374425,0.006023229,0.0048971223,0.0048971223,0.007408287,2,0
0.006252215,0.0076899286,0.0076899286,0.0076899286,0.005083297,0.0071772737,0.0076899286,0.006252215,0.0071772737,0.004744415,0.0058354065,0.005446384,0.004744415,0.004744415,0.004744415,0.0058354065,0.006252215,0.006252215,0.0076899286,0.0058354065,0.0071772737,0.0071772737,0.005446384,0.005083297,0.004744415,0.0058354065,0.005446384,0.006252215,0.006252215,0.005083297,0.006252215,0.0058354065,0.0076899286,0.006252215,0.004744415,0.005446384,0.005446384,0.006252215,0.004744415,0.006252215,0.0076899286,0.0058354065,0.006252215,0.005446384,0.004744415,0.0071772737,0.006252215,0.0076899286,0.0076899286,0.0071772737,0.005446384,0.0076899286,0.0076899286,0.0076899286,0.004744415,0.0076899286,0.006698795,0.0076899286,0.0076899286,0.0058354065,0.006252215,0.0058354065,0.004744415,0.004744415,0.0076899286,0.006252215,0.006252215,0.005083297,0.0058354065,0.005083297,0.005446384,0.0076899286,0.004744415,0.005446384,0.004744415,0.0076899286,0.0058354065,0.0076899286,0.0076899286,0.005446384,0.0076899286,0.005083297,0.004744415,0.004744415,0.004744415,0.0058354065,0.0076899286,0.0076899286,0.0058354065,0.0076899286,0.0076899286,0.006698795,0.0076899286,0.004744415,0.0076899286,0.0076899286,0.0076899286,0.004744415,0.006252215,0.004744415,0.005446384,0.006252215,0.0071772737,0.006252215,0.006252215,0.004744415,0.0058354065,0.006252215,0.004744415,0.005446384,0.0058354065,0.0076899286,0.005446384,0.0076899286,0.005446384,0.004744415,0.006698795,0.0076899286,0.0076899286,0.006252215,0.0071772737,0.0071772737,0.0076899286,0.0076899286,0.006252215,0.0076899286,0.0076899286,0.004744415,0.005083297,0.0071772737,0.0071772737,0.005446384,0.005446384,0.006252215,0.0058354065,0.0071772737,0.005446384,0.004744415,0.006252215,0.0058354065,0.0058354065,0.006698795,0.0058354065,0.004744415,0.0058354065,0.005083297,0.0076899286,0.0076899286,0.0076899286,0.004744415,0.004744415,0.005446384,0.0076899286,0.0076899286,0.006252215,0.006252215,0.006698795,0.006252215,0.0058354065,0.005083297,1,1
0.007471163,0.007471163,0.007471163,0.007471163,0.004609444,0.006973092,0.006973092,0.006973092,0.007471163,0.0049386853,0.007471163,0.006508225,0.004609444,0.004609444,0.004609444,0.007471163,0.0060743494,0.0052914433,0.007471163,0.0052914433,0.007471163,0.006973092,0.004609444,0.0049386853,0.004609444,0.007471163,0.0052914433,0.0052914433,0.004609444,0.007471163,0.007471163,0.0056693987,0.007471163,0.0056693987,0.004609444,0.007471163,0.0056693987,0.0060743494,0.004609444,0.007471163,0.006508225,0.006973092,0.007471163,0.007471163,0.004609444,0.007471163,0.0060743494,0.007471163,0.007471163,0.007471163,0.007471163,0.007471163,0.0060743494,0.007471163,0.0056693987,0.007471163,0.006508225,0.007471163,0.007471163,0.0056693987,0.007471163,0.0049386853,0.004609444,0.004609444,0.007471163,0.0060743494,0.0060743494,0.0049386853,0.0056693987,0.0060743494,0.006508225,0.007471163,0.004609444,0.0052914433,0.004609444,0.007471163,0.0052914433,0.006973092,0.006973092,0.007471163,0.007471163,0.0049386853,0.004609444,0.004609444,0.004609444,0.007471163,0.006973092,0.007471163,0.0049386853,0.006973092,0.007471163,0.006508225,0.007471163,0.004609444,0.007471163,0.007471163,0.007471163,0.004609444,0.0060743494,0.004609444,0.0060743494,0.0060743494,0.006508225,0.0056693987,0.006508225,0.004609444,0.0056693987,0.0052914433,0.004609444,0.006973092,0.006973092,0.007471163,0.0052914433,0.007471163,0.006973092,0.0056693987,0.006508225,0.007471163,0.007471163,0.0049386853,0.007471163,0.006973092,0.007471163,0.007471163,0.006973092,0.007471163,0.0056693987,0.004609444,0.0049386853,0.006508225,0.007471163,0.0052914433,0.0052914433,0.0060743494,0.006973092,0.007471163,0.0049386853,0.004609444,0.0056693987,0.0052914433,0.006508225,0.006508225,0.0052914433,0.0049386853,0.0052914433,0.006508225,0.007471163,0.007471163,0.007471163,0.004609444,0.0060743494,0.0052914433,0.006508225,0.006973092,0.006973092,0.007471163,0.004609444,0.0049386853,0.0052914433,0.004609444,0,0
0.0074776206,0.0074776206,0.0074776206,0.0074776206,0.0056742993,0.0069791195,0.0074776206,0.0056742993,0.0065138508,0.005296017,0.0060795997,0.0056742993,0.0046134284,0.0046134284,0.0046134284,0.0060795997,0.0060795997,0.0060795997,0.0074776206,0.0056742993,0.0069791195,0.0069791195,0.0060795997,0.0060795997,0.0046134284,0.005296017,0.005296017,0.0060795997,0.0069791195,0.0056742993,0.0065138508,0.0056742993,0.0074776206,0.0065138508,0.0046134284,0.0069791195,0.005296017,0.0060795997,0.004942954,0.0069791195,0.0046134284,0.0074776206,0.0074776206,0.0074776206,0.0074776206,0.0074776206,0.0065138508,0.0074776206,0.0074776206,0.0069791195,0.005296017,0.0074776206,0.0074776206,0.0074776206,0.0046134284,0.0074776206,0.0065138508,0.0074776206,0.0074776206,0.0056742993,0.005296017,0.0069791195,0.0046134284,0.0046134284,0.0074776206,0.0060795997,0.0060795997,0.0046134284,0.005296017,0.0065138508,0.0046134284,0.0074776206,0.0046134284,0.005296017,0.0046134284,0.0074776206,0.0060795997,0.0074776206,0.0074776206,0.0074776206,0.0069791195,0.004942954,0.0046134284,0.0046134284,0.0046134284,0.0074776206,0.0074776206,0.0074776206,0.0056742993,0.0074776206,0.0074776206,0.0065138508,0.0074776206,0.0046134284,0.0074776206,0.0074776206,0.0074776206,0.0046134284,0.0060795997,0.0046134284,0.0056742993,0.0074776206,0.0065138508,0.004942954,0.0065138508,0.0046134284,0.0056742993,0.0060795997,0.0046134284,0.005296017,0.0069791195,0.0074776206,0.0056742993,0.0074776206,0.0056742993,0.0046134284,0.0065138508,0.0074776206,0.0069791195,0.0060795997,0.0074776206,0.0056742993,0.0074776206,0.0074776206,0.0065138508,0.0074776206,0.0065138508,0.0046134284,0.0046134284,0.0065138508,0.0065138508,0.005296017,0.0060795997,0.0069791195,0.0056742993,0.0069791195,0.004942954,0.0046134284,0.0060795997,0.0056742993,0.005296017,0.0065138508,0.0056742993,0.0046134284,0.0069791195,0.005296017,0.0074776206,0.0074776206,0.0074776206,0.0046134284,0.004942954,0.005296017,0.0074776206,0.0074776206,0.0069791195,0.004942954,0.0074776206,0.0060795997,0.0065138508,0.0074776206,0,3
0.00492564,0.006491034,0.00492564,0.00492564,0.007983665,0.0074514276,0.007983665,0.0056544226,0.0069546723,0.007983665,0.006491034,0.0069546723,0.0056544226,0.0052774665,0.0056544226,0.0069546723,0.0074514276,0.006491034,0.0060583046,0.006491034,0.0056544226,0.0074514276,0.0056544226,0.00492564,0.0074514276,0.006491034,0.0056544226,0.00492564,0.00492564,0.007983665,0.007983665,0.0056544226,0.00492564,0.0069546723,0.007983665,0.0060583046,0.006491034,0.006491034,0.00492564,0.0074514276,0.00492564,0.006491034,0.0056544226,0.0056544226,0.0069546723,0.007983665,0.006491034,0.00492564,0.00492564,0.006491034,0.007983665,0.0060583046,0.00492564,0.00492564,0.007983665,0.0052774665,0.0069546723,0.00492564,0.00492564,0.0056544226,0.007983665,0.0060583046,0.0056544226,0.0052774665,0.0069546723,0.0052774665,0.0060583046,0.0060583046,0.0052774665,0.0069546723,0.0056544226,0.007983665,0.00492564,0.0052774665,0.006491034,0.007983665,0.006491034,0.00492564,0.00492564,0.00492564,0.00492564,0.0052774665,0.0056544226,0.007983665,0.0074514276,0.00492564,0.0052774665,0.0052774665,0.0074514276,0.0060583046,0.0060583046,0.0069546723,0.00492564,0.007983665,0.007983665,0.0069546723,0.00492564,0.0056544226,0.00492564,0.007983665,0.0074514276,0.006491034,0.007983665,0.0056544226,0.006491034,0.007983665,0.0069546723,0.006491034,0.00492564,0.007983665,0.007983665,0.007983665,0.006491034,0.0060583046,0.006491034,0.007983665,0.0069546723,0.00492564,0.0056544226,0.00492564,0.006491034,0.0060583046,0.00492564,0.00492564,0.0060583046,0.0060583046,0.0060583046,0.00492564,0.007983665,0.00492564,0.007983665,0.0056544226,0.0069546723,0.0060583046,0.0074514276,0.007983665,0.0052774665,0.00492564,0.0056544226,0.007983665,0.00492564,0.0052774665,0.0074514276,0.0056544226,0.0056544226,0.0056544226,0.0056544226,0.00492564,0.00492564,0.0074514276,0.0056544226,0.0056544226,0.00492564,0.00492564,0.007983665,0.007983665,0.0074514276,0.00492564,0.0060583046,0.007983665,4,4
0.005920964,0.0063438835,0.007802677,0.007802677,0.0048139766,0.0055262377,0.007802677,0.0067970115,0.0072825053,0.0067970115,0.0055262377,0.0063438835,0.007802677,0.0048139766,0.007802677,0.0048139766,0.0063438835,0.0063438835,0.007802677,0.0051578274,0.0072825053,0.0072825053,0.0055262377,0.0067970115,0.0048139766,0.0055262377,0.0055262377,0.0055262377,0.005920964,0.0063438835,0.0048139766,0.005920964,0.007802677,0.0072825053,0.007802677,0.0048139766,0.0051578274,0.0072825053,0.0048139766,0.0055262377,0.0048139766,0.007802677,0.007802677,0.005920964,0.007802677,0.005920964,0.0048139766,0.007802677,0.0063438835,0.005920964,0.0055262377,0.0048139766,0.007802677,0.0048139766,0.0055262377,0.0051578274,0.0048139766,0.007802677,0.0055262377,0.005920964,0.0063438835,0.0051578274,0.0072825053,0.0051578274,0.007802677,0.0055262377,0.0063438835,0.0048139766,0.0067970115,0.0055262377,0.0048139766,0.0072825053,0.0051578274,0.0051578274,0.007802677,0.0048139766,0.0051578274,0.007802677,0.0067970115,0.0048139766,0.0048139766,0.0055262377,0.007802677,0.007802677,0.0067970115,0.0048139766,0.0051578274,0.007802677,0.007802677,0.0055262377,0.0063438835,0.0067970115,0.007802677,0.0048139766,0.007802677,0.0051578274,0.0048139766,0.007802677,0.0063438835,0.0067970115,0.0072825053,0.007802677,0.0072825053,0.0055262377,0.0063438835,0.0048139766,0.0055262377,0.0072825053,0.0048139766,0.007802677,0.0051578274,0.0051578274,0.0072825053,0.007802677,0.0063438835,0.005920964,0.0067970115,0.007802677,0.0055262377,0.0048139766,0.0048139766,0.0055262377,0.007802677,0.007802677,0.0055262377,0.005920964,0.0072825053,0.0063438835,0.0072825053,0.0063438835,0.0048139766,0.0055262377,0.0072825053,0.0072825053,0.0048139766,0.0055262377,0.005920964,0.0063438835,0.0072825053,0.0055262377,0.0067970115,0.005920964,0.0063438835,0.0055262377,0.005920964,0.0051578274,0.007802677,0.007802677,0.007802677,0.0048139766,0.0048139766,0.0055262377,0.0063438835,0.0072825053,0.0048139766,0.0067970115,0.0063438835,0.007802677,0.0067970115,0.0048139766,2,2
0.0050288117,0.005388007,0.0050288117,0.00815089,0.0050288117,0.005388007,0.005388007,0.0071003437,0.0076075043,0.00815089,0.006185201,0.005388007,0.0050288117,0.00815089,0.00815089,0.0050288117,0.0057728593,0.006626994,0.00815089,0.0050288117,0.006185201,0.0076075043,0.006626994,0.006626994,0.0050288117,0.0050288117,0.0057728593,0.006626994,0.0057728593,0.0050288117,0.005388007,0.006185201,0.0071003437,0.0076075043,0.0050288117,0.006185201,0.0057728593,0.0050288117,0.006626994,0.006626994,0.0050288117,0.00815089,0.0076075043,0.0057728593,0.00815089,0.0050288117,0.005388007,0.0071003437,0.0076075043,0.0071003437,0.0057728593,0.005388007,0.006626994,0.0076075043,0.0057728593,0.005388007,0.0057728593,0.005388007,0.0076075043,0.005388007,0.0050288117,0.005388007,0.005388007,0.0076075043,0.0050288117,0.005388007,0.006626994,0.005388007,0.0076075043,0.005388007,0.0057728593,0.0057728593,0.0057728593,0.005388007,0.00815089,0.005388007,0.005388007,0.005388007,0.00815089,0.005388007,0.0050288117,0.0050288117,0.00815089,0.00815089,0.00815089,0.0050288117,0.0050288117,0.0071003437,0.00815089,0.0050288117,0.006185201,0.0050288117,0.0050288117,0.00815089,0.0057728593,0.0050288117,0.0050288117,0.006185201,0.00815089,0.00815089,0.0057728593,0.006185201,0.0057728593,0.006185201,0.0071003437,0.0050288117,0.0057728593,0.0050288117,0.0071003437,0.006626994,0.005388007,0.005388007,0.005388007,0.0076075043,0.006185201,0.006185201,0.006185201,0.006626994,0.006626994,0.0050288117,0.005388007,0.005388007,0.006185201,0.00815089,0.006185201,0.0050288117,0.00815089,0.006185201,0.00815089,0.0076075043,0.0050288117,0.0057728593,0.0076075043,0.0076075043,0.0050288117,0.0057728593,0.0050288117,0.005388007,0.0076075043,0.006185201,0.005388007,0.006185201,0.0071003437,0.0076075043,0.0057728593,0.005388007,0.00815089,0.00815089,0.00815089,0.0076075043,0.0050288117,0.0057728593,0.0071003437,0.0076075043,0.0050288117,0.005388007,0.0050288117,0.006185201,0.0071003437,0.005388007,3,3
0.0065938337,0.007064815,0.0075694374,0.0075694374,0.004670076,0.0075694374,0.0075694374,0.007064815,0.0075694374,0.0075694374,0.0061542504,0.005743973,0.004670076,0.004670076,0.005361046,0.004670076,0.007064815,0.0061542504,0.0075694374,0.004670076,0.0061542504,0.007064815,0.005743973,0.0065938337,0.0050036483,0.005743973,0.005361046,0.005361046,0.005743973,0.005361046,0.005743973,0.005361046,0.0075694374,0.0065938337,0.004670076,0.0065938337,0.0061542504,0.0061542504,0.004670076,0.007064815,0.004670076,0.0065938337,0.0075694374,0.007064815,0.0061542504,0.0075694374,0.0065938337,0.0075694374,0.0075694374,0.005743973,0.007064815,0.0075694374,0.0075694374,0.0075694374,0.005361046,0.0075694374,0.0065938337,0.0075694374,0.0075694374,0.0065938337,0.004670076,0.005743973,0.0065938337,0.0065938337,0.005361046,0.0061542504,0.0061542504,0.004670076,0.005743973,0.007064815,0.004670076,0.0075694374,0.0050036483,0.005361046,0.004670076,0.0075694374,0.005743973,0.0075694374,0.0075694374,0.0061542504,0.0065938337,0.004670076,0.004670076,0.004670076,0.0050036483,0.0061542504,0.0075694374,0.0075694374,0.005743973,0.0075694374,0.0075694374,0.0065938337,0.0075694374,0.004670076,0.0075694374,0.0075694374,0.0075694374,0.004670076,0.0061542504,0.004670076,0.005361046,0.0075694374,0.0065938337,0.0050036483,0.007064815,0.004670076,0.005743973,0.0061542504,0.004670076,0.0050036483,0.0075694374,0.0075694374,0.004670076,0.0075694374,0.005743973,0.004670076,0.0065938337,0.0075694374,0.007064815,0.0050036483,0.0075694374,0.007064815,0.0075694374,0.0075694374,0.0061542504,0.0075694374,0.0065938337,0.004670076,0.004670076,0.0065938337,0.0061542504,0.005361046,0.0065938337,0.007064815,0.0050036483,0.005361046,0.004670076,0.004670076,0.0061542504,0.005361046,0.005743973,0.0065938337,0.005743973,0.004670076,0.0065938337,0.005361046,0.0075694374,0.0075694374,0.0075694374,0.004670076,0.004670076,0.005361046,0.0075694374,0.0075694374,0.0065938337,0.004670076,0.0075694374,0.0075694374,0.0075694374,0.004670076,2,2
0.0049736453,0.0049736453,0.006117349,0.008061474,0.0049736453,0.006117349,0.0049736453,0.007022453,0.00752405,0.008061474,0.006117349,0.0053289006,0.0049736453,0.008061474,0.007022453,0.0053289006,0.0053289006,0.005709531,0.008061474,0.0049736453,0.0053289006,0.00752405,0.006117349,0.005709531,0.006117349,0.0053289006,0.005709531,0.006554296,0.00752405,0.0049736453,0.006554296,0.006554296,0.006554296,0.00752405,0.008061474,0.005709531,0.006117349,0.0049736453,0.006117349,0.006554296,0.0049736453,0.006117349,0.007022453,0.006117349,0.008061474,0.005709531,0.0053289006,0.008061474,0.008061474,0.006554296,0.007022453,0.0049736453,0.008061474,0.008061474,0.005709531,0.0053289006,0.0053289006,0.006554296,0.006554296,0.0053289006,0.006117349,0.006117349,0.005709531,0.007022453,0.0049736453,0.0053289006,0.006554296,0.0049736453,0.008061474,0.0053289006,0.0053289006,0.005709531,0.005709531,0.005709531,0.00752405,0.0049736453,0.0053289006,0.0053289006,0.00752405,0.0049736453,0.006554296,0.0049736453,0.008061474,0.008061474,0.007022453,0.0049736453,0.006117349,0.008061474,0.007022453,0.006554296,0.006117349,0.0049736453,0.0053289006,0.00752405,0.0053289006,0.005709531,0.0049736453,0.0049736453,0.008061474,0.006117349,0.006117349,0.007022453,0.0049736453,0.0053289006,0.006554296,0.0049736453,0.005709531,0.007022453,0.007022453,0.008061474,0.0049736453,0.0049736453,0.006554296,0.00752405,0.0053289006,0.007022453,0.007022453,0.007022453,0.006554296,0.0049736453,0.0049736453,0.0053289006,0.006554296,0.008061474,0.0053289006,0.0049736453,0.008061474,0.007022453,0.008061474,0.00752405,0.005709531,0.005709531,0.00752405,0.00752405,0.0053289006,0.005709531,0.0049736453,0.0049736453,0.006554296,0.005709531,0.0049736453,0.005709531,0.00752405,0.006554296,0.005709531,0.005709531,0.005709531,0.008061474,0.008061474,0.008061474,0.006554296,0.005709531,0.007022453,0.00752405,0.005709531,0.0053289006,0.0049736453,0.005709531,0.007022453,0.0049736453,3,3
0.0066126473,0.0066126473,0.0066126473,0.0057603614,0.0050179246,0.0061718104,0.0070849727,0.0050179246,0.0057603614,0.008133244,0.0066126473,0.0053763427,0.0050179246,0.0066126473,0.008133244,0.0061718104,0.0061718104,0.0061718104,0.0050179246,0.0053763427,0.0070849727,0.0053763427,0.0061718104,0.0050179246,0.0050179246,0.0066126473,0.0061718104,0.0066126473,0.0075910348,0.0070849727,0.008133244,0.0057603614,0.0050179246,0.0075910348,0.008133244,0.0057603614,0.0066126473,0.0050179246,0.0066126473,0.0066126473,0.0053763427,0.0066126473,0.008133244,0.0061718104,0.008133244,0.0075910348,0.0061718104,0.0050179246,0.0050179246,0.0075910348,0.0066126473,0.0061718104,0.0075910348,0.0050179246,0.0070849727,0.0050179246,0.0070849727,0.0057603614,0.0050179246,0.0066126473,0.008133244,0.0061718104,0.0053763427,0.0057603614,0.0070849727,0.008133244,0.008133244,0.0050179246,0.0050179246,0.0053763427,0.0066126473,0.0057603614,0.0050179246,0.0053763427,0.008133244,0.0050179246,0.0057603614,0.0050179246,0.0050179246,0.0050179246,0.0057603614,0.0075910348,0.0075910348,0.0050179246,0.0061718104,0.0050179246,0.0050179246,0.0053763427,0.0070849727,0.0061718104,0.0061718104,0.0070849727,0.0050179246,0.008133244,0.0066126473,0.0053763427,0.0050179246,0.0061718104,0.0066126473,0.008133244,0.0070849727,0.0066126473,0.0061718104,0.0053763427,0.0070849727,0.008133244,0.008133244,0.0050179246,0.0050179246,0.0075910348,0.008133244,0.0075910348,0.0061718104,0.0050179246,0.0070849727,0.0061718104,0.0066126473,0.0050179246,0.0057603614,0.0050179246,0.0050179246,0.0053763427,0.0050179246,0.0050179246,0.0050179246,0.008133244,0.0050179246,0.0050179246,0.0057603614,0.0075910348,0.0066126473,0.0066126473,0.0050179246,0.0050179246,0.0057603614,0.0066126473,0.0057603614,0.0075910348,0.0057603614,0.0075910348,0.0061718104,0.0066126473,0.0061718104,0.008133244,0.0061718104,0.0050179246,0.0050179246,0.008133244,0.008133244,0.0050179246,0.0053763427,0.0057603614,0.0053763427,0.0053763427,0.0075910348,0.008133244,0.0061718104,0.0053763427,0.0070849727,0.0057603614,9,4
0.0075547406,0.0075547406,0.0075547406,0.0075547406,0.005732821,0.0061423015,0.0075547406,0.006581031,0.007051098,0.0046610087,0.005732821,0.005732821,0.0046610087,0.0046610087,0.0046610087,0.0061423015,0.007051098,0.006581031,0.0075547406,0.0061423015,0.007051098,0.007051098,0.005732821,0.005732821,0.0046610087,0.0046610087,0.0053506372,0.0061423015,0.006581031,0.0049939333,0.0046610087,0.005732821,0.0075547406,0.006581031,0.0046610087,0.007051098,0.0061423015,0.005732821,0.0046610087,0.0075547406,0.0053506372,0.0075547406,0.0075547406,0.0075547406,0.0046610087,0.0075547406,0.006581031,0.0075547406,0.0075547406,0.007051098,0.0053506372,0.0075547406,0.0075547406,0.0075547406,0.0046610087,0.0075547406,0.006581031,0.0075547406,0.0075547406,0.005732821,0.0049939333,0.005732821,0.0046610087,0.0046610087,0.007051098,0.005732821,0.0061423015,0.0046610087,0.0053506372,0.005732821,0.0053506372,0.0075547406,0.0046610087,0.0053506372,0.0046610087,0.0075547406,0.0061423015,0.0075547406,0.0075547406,0.0075547406,0.0075547406,0.0053506372,0.0046610087,0.0046610087,0.0046610087,0.007051098,0.0075547406,0.0075547406,0.005732821,0.0075547406,0.0075547406,0.006581031,0.0075547406,0.0046610087,0.0075547406,0.0075547406,0.0075547406,0.0046610087,0.0061423015,0.0046610087,0.0049939333,0.0075547406,0.006581031,0.0049939333,0.005732821,0.0046610087,0.0061423015,0.0061423015,0.0046610087,0.0046610087,0.007051098,0.0075547406,0.005732821,0.0075547406,0.0075547406,0.0049939333,0.006581031,0.0075547406,0.0075547406,0.0049939333,0.0075547406,0.006581031,0.0075547406,0.0075547406,0.007051098,0.0075547406,0.0061423015,0.0046610087,0.0046610087,0.006581031,0.0061423015,0.0053506372,0.0061423015,0.007051098,0.005732821,0.006581031,0.0049939333,0.0046610087,0.006581031,0.0053506372,0.0053506372,0.006581031,0.005732821,0.0046610087,0.006581031,0.005732821,0.0075547406,0.0075547406,0.0075547406,0.0046610087,0.0046610087,0.0053506372,0.0075547406,0.0075547406,0.006581031,0.0046610087,0.006581031,0.0075547406,0.0075547406,0.0049939333,0,2
0.0064506363,0.007933978,0.004894985,0.004894985,0.007933978,0.0069113895,0.007933978,0.0056192316,0.007933978,0.007933978,0.0074050534,0.0069113895,0.004894985,0.004894985,0.004894985,0.0069113895,0.0074050534,0.004894985,0.004894985,0.0060206,0.007933978,0.0074050534,0.0060206,0.0060206,0.0052446215,0.0074050534,0.0056192316,0.004894985,0.004894985,0.007933978,0.007933978,0.0056192316,0.004894985,0.0064506363,0.007933978,0.0060206,0.0064506363,0.0064506363,0.004894985,0.0074050534,0.0060206,0.0064506363,0.0060206,0.0056192316,0.0064506363,0.007933978,0.0056192316,0.004894985,0.004894985,0.0064506363,0.007933978,0.0060206,0.004894985,0.004894985,0.0069113895,0.004894985,0.0064506363,0.0064506363,0.004894985,0.004894985,0.007933978,0.0060206,0.0056192316,0.0056192316,0.0069113895,0.0052446215,0.0060206,0.0060206,0.0056192316,0.0069113895,0.007933978,0.007933978,0.0060206,0.0056192316,0.004894985,0.007933978,0.0064506363,0.004894985,0.004894985,0.004894985,0.0069113895,0.0060206,0.004894985,0.004894985,0.007933978,0.004894985,0.004894985,0.0052446215,0.0074050534,0.0060206,0.0060206,0.0069113895,0.004894985,0.007933978,0.007933978,0.0069113895,0.004894985,0.0056192316,0.0064506363,0.007933978,0.0064506363,0.0064506363,0.007933978,0.0056192316,0.0069113895,0.007933978,0.0069113895,0.0064506363,0.004894985,0.007933978,0.007933978,0.007933978,0.0064506363,0.004894985,0.0064506363,0.007933978,0.0069113895,0.004894985,0.0056192316,0.004894985,0.0069113895,0.0056192316,0.004894985,0.004894985,0.004894985,0.0060206,0.007933978,0.004894985,0.004894985,0.0064506363,0.007933978,0.0056192316,0.0060206,0.004894985,0.007933978,0.007933978,0.0052446215,0.0069113895,0.0056192316,0.007933978,0.007933978,0.0069113895,0.0060206,0.0074050534,0.0056192316,0.007933978,0.007933978,0.004894985,0.0052446215,0.004894985,0.0056192316,0.0056192316,0.004894985,0.0052446215,0.007933978,0.007933978,0.0064506363,0.004894985,0.0052446215,0.004894985,1,0
0.004978241,0.0053338245,0.004978241,0.0061230017,0.008068923,0.0057148063,0.0053338245,0.004978241,0.0053338245,0.008068923,0.006560352,0.0053338245,0.004978241,0.0053338245,0.008068923,0.006560352,0.0070289415,0.0070289415,0.0053338245,0.006560352,0.004978241,0.0070289415,0.0061230017,0.004978241,0.006560352,0.007531002,0.0057148063,0.004978241,0.004978241,0.008068923,0.0070289415,0.004978241,0.004978241,0.007531002,0.008068923,0.004978241,0.006560352,0.0070289415,0.006560352,0.0070289415,0.004978241,0.0061230017,0.008068923,0.0061230017,0.008068923,0.006560352,0.0057148063,0.0061230017,0.004978241,0.008068923,0.006560352,0.004978241,0.0057148063,0.004978241,0.008068923,0.004978241,0.0070289415,0.004978241,0.004978241,0.0070289415,0.008068923,0.0061230017,0.0061230017,0.004978241,0.008068923,0.0053338245,0.0061230017,0.0061230017,0.0057148063,0.006560352,0.004978241,0.0053338245,0.0053338245,0.0053338245,0.007531002,0.0057148063,0.006560352,0.004978241,0.0070289415,0.0053338245,0.004978241,0.007531002,0.006560352,0.0061230017,0.008068923,0.004978241,0.004978241,0.0053338245,0.006560352,0.0061230017,0.0061230017,0.0070289415,0.004978241,0.008068923,0.008068923,0.0057148063,0.004978241,0.006560352,0.006560352,0.008068923,0.0061230017,0.0061230017,0.0070289415,0.0061230017,0.007531002,0.008068923,0.007531002,0.0053338245,0.004978241,0.008068923,0.007531002,0.0057148063,0.0061230017,0.0061230017,0.007531002,0.0061230017,0.0070289415,0.004978241,0.0057148063,0.004978241,0.0053338245,0.0057148063,0.004978241,0.006560352,0.0057148063,0.0057148063,0.004978241,0.0070289415,0.008068923,0.0053338245,0.006560352,0.0057148063,0.007531002,0.007531002,0.007531002,0.0070289415,0.0053338245,0.007531002,0.0053338245,0.008068923,0.004978241,0.0057148063,0.007531002,0.0061230017,0.0070289415,0.004978241,0.004978241,0.004978241,0.004978241,0.008068923,0.0053338245,0.0057148063,0.0070289415,0.0070289415,0.008068923,0.007531002,0.006560352,0.0057148063,0.0061230017,0.004978241,4,4
0.004946486,0.006984106,0.004946486,0.004946486,0.008017453,0.004946486,0.004946486,0.005678353,0.004946486,0.008017453,0.006518505,0.006518505,0.004946486,0.0052998015,0.006984106,0.005678353,0.006518505,0.006518505,0.004946486,0.006518505,0.0052998015,0.0074829636,0.0060839443,0.0052998015,0.008017453,0.0074829636,0.006984106,0.0052998015,0.004946486,0.008017453,0.008017453,0.005678353,0.0052998015,0.006984106,0.008017453,0.0052998015,0.0060839443,0.005678353,0.004946486,0.0074829636,0.004946486,0.006518505,0.008017453,0.006984106,0.008017453,0.008017453,0.0074829636,0.004946486,0.004946486,0.008017453,0.0060839443,0.0060839443,0.006518505,0.004946486,0.0074829636,0.004946486,0.006984106,0.004946486,0.004946486,0.0074829636,0.008017453,0.0052998015,0.0060839443,0.005678353,0.008017453,0.0052998015,0.0060839443,0.0060839443,0.0060839443,0.008017453,0.0052998015,0.005678353,0.005678353,0.0052998015,0.008017453,0.0052998015,0.005678353,0.004946486,0.005678353,0.004946486,0.004946486,0.004946486,0.0052998015,0.008017453,0.008017453,0.004946486,0.004946486,0.0052998015,0.0074829636,0.0060839443,0.0060839443,0.006984106,0.004946486,0.008017453,0.008017453,0.006518505,0.004946486,0.005678353,0.005678353,0.008017453,0.006518505,0.006984106,0.0074829636,0.005678353,0.0074829636,0.008017453,0.006984106,0.0060839443,0.004946486,0.0074829636,0.008017453,0.008017453,0.006518505,0.006518505,0.0074829636,0.0060839443,0.006984106,0.0052998015,0.006518505,0.0052998015,0.004946486,0.0052998015,0.004946486,0.004946486,0.0052998015,0.0052998015,0.004946486,0.005678353,0.0074829636,0.0052998015,0.008017453,0.005678353,0.006984106,0.006518505,0.0074829636,0.0074829636,0.004946486,0.004946486,0.005678353,0.008017453,0.004946486,0.0052998015,0.0074829636,0.006984106,0.006984106,0.004946486,0.004946486,0.004946486,0.004946486,0.008017453,0.004946486,0.0060839443,0.006984106,0.004946486,0.0074829636,0.008017453,0.0074829636,0.004946486,0.005678353,0.008017453,4,4
0.0068818587,0.007900078,0.0048740697,0.0048740697,0.007373413,0.0064230743,0.007373413,0.0048740697,0.0052222125,0.007900078,0.007373413,0.0059948754,0.0048740697,0.0064230743,0.007900078,0.0064230743,0.0068818587,0.0048740697,0.0052222125,0.0052222125,0.0068818587,0.007373413,0.0048740697,0.0048740697,0.0059948754,0.007900078,0.0059948754,0.005595222,0.005595222,0.007900078,0.007900078,0.005595222,0.0048740697,0.0068818587,0.007900078,0.0059948754,0.0064230743,0.0048740697,0.0048740697,0.0064230743,0.0048740697,0.0059948754,0.007900078,0.0068818587,0.007900078,0.007900078,0.0064230743,0.0048740697,0.0048740697,0.007900078,0.0068818587,0.0064230743,0.007900078,0.0048740697,0.007900078,0.0048740697,0.0068818587,0.0048740697,0.0048740697,0.0064230743,0.007900078,0.0059948754,0.0064230743,0.005595222,0.007373413,0.005595222,0.0068818587,0.0059948754,0.007373413,0.0048740697,0.007373413,0.0068818587,0.005595222,0.005595222,0.007373413,0.0068818587,0.0064230743,0.0048740697,0.0064230743,0.0052222125,0.0048740697,0.007373413,0.0052222125,0.0048740697,0.007900078,0.0048740697,0.0048740697,0.0052222125,0.0064230743,0.0059948754,0.0059948754,0.0068818587,0.0048740697,0.007900078,0.007900078,0.0064230743,0.0048740697,0.0068818587,0.0052222125,0.007900078,0.0068818587,0.0068818587,0.0064230743,0.0059948754,0.007373413,0.007900078,0.007373413,0.0052222125,0.0048740697,0.007900078,0.007900078,0.0068818587,0.0059948754,0.0052222125,0.0068818587,0.0059948754,0.0068818587,0.0048740697,0.005595222,0.0048740697,0.0048740697,0.0052222125,0.0048740697,0.0048740697,0.0052222125,0.0048740697,0.007900078,0.005595222,0.0064230743,0.0064230743,0.0068818587,0.0064230743,0.007373413,0.0064230743,0.0064230743,0.0068818587,0.0059948754,0.0068818587,0.0048740697,0.007900078,0.0059948754,0.0068818587,0.0059948754,0.0068818587,0.0068818587,0.0052222125,0.007900078,0.0048740697,0.0048740697,0.0059948754,0.005595222,0.005595222,0.0064230743,0.0068818587,0.007900078,0.007900078,0.0064230743,0.0048740697,0.005595222,0.0048740697,1,4
0.0050735595,0.0062402384,0.0076751984,0.0076751984,0.004735327,0.0066859634,0.0071635256,0.0066859634,0.0071635256,0.0076751984,0.0054359515,0.0058242283,0.004735327,0.004735327,0.0062402384,0.0054359515,0.0062402384,0.0066859634,0.0076751984,0.004735327,0.0076751984,0.0058242283,0.0058242283,0.0050735595,0.004735327,0.0071635256,0.0062402384,0.0054359515,0.0054359515,0.0050735595,0.0050735595,0.0066859634,0.0071635256,0.0066859634,0.004735327,0.0058242283,0.0054359515,0.0076751984,0.004735327,0.0054359515,0.004735327,0.0062402384,0.0076751984,0.0058242283,0.0076751984,0.0076751984,0.0071635256,0.0076751984,0.0076751984,0.0071635256,0.0058242283,0.0071635256,0.0066859634,0.0062402384,0.004735327,0.0076751984,0.004735327,0.0076751984,0.0058242283,0.004735327,0.0066859634,0.0062402384,0.0050735595,0.004735327,0.0076751984,0.0054359515,0.0058242283,0.0050735595,0.0054359515,0.0066859634,0.0071635256,0.0071635256,0.0054359515,0.0050735595,0.0058242283,0.0076751984,0.0062402384,0.0076751984,0.0066859634,0.0071635256,0.004735327,0.0050735595,0.0076751984,0.0076751984,0.0076751984,0.004735327,0.0062402384,0.0076751984,0.0058242283,0.004735327,0.0066859634,0.0066859634,0.0076751984,0.004735327,0.0076751984,0.0050735595,0.0058242283,0.004735327,0.0062402384,0.0066859634,0.0066859634,0.0066859634,0.0071635256,0.0054359515,0.0066859634,0.004735327,0.0054359515,0.004735327,0.004735327,0.0076751984,0.0062402384,0.0076751984,0.0050735595,0.0071635256,0.0066859634,0.0050735595,0.0066859634,0.0076751984,0.0076751984,0.0050735595,0.0071635256,0.0066859634,0.0076751984,0.0076751984,0.0062402384,0.0066859634,0.0076751984,0.0058242283,0.0066859634,0.0071635256,0.0066859634,0.0066859634,0.0066859634,0.0062402384,0.0054359515,0.0058242283,0.004735327,0.0050735595,0.0071635256,0.0062402384,0.0058242283,0.0066859634,0.0054359515,0.004735327,0.0076751984,0.004735327,0.0076751984,0.0076751984,0.0076751984,0.004735327,0.0054359515,0.0054359515,0.0066859634,0.0071635256,0.004735327,0.0058242283,0.0066859634,0.0066859634,0.0062402384,0.004735327,2,2
0.0052346084,0.0064383205,0.004885639,0.00791883,0.0052346084,0.004885639,0.007390915,0.007390915,0.00791883,0.00791883,0.006009105,0.0052346084,0.004885639,0.00791883,0.00791883,0.0056085032,0.0064383205,0.0056085032,0.00791883,0.004885639,0.0052346084,0.007390915,0.0056085032,0.006898194,0.004885639,0.0064383205,0.0064383205,0.0064383205,0.007390915,0.006009105,0.006009105,0.0064383205,0.0056085032,0.007390915,0.00791883,0.0056085032,0.0064383205,0.0052346084,0.006009105,0.0056085032,0.004885639,0.007390915,0.00791883,0.006009105,0.00791883,0.00791883,0.0064383205,0.0056085032,0.00791883,0.0064383205,0.0056085032,0.006009105,0.0052346084,0.00791883,0.0064383205,0.004885639,0.0064383205,0.004885639,0.00791883,0.0052346084,0.006898194,0.0064383205,0.004885639,0.0064383205,0.006009105,0.006009105,0.0064383205,0.004885639,0.00791883,0.004885639,0.004885639,0.0064383205,0.0056085032,0.0052346084,0.00791883,0.004885639,0.0052346084,0.004885639,0.00791883,0.004885639,0.004885639,0.006009105,0.00791883,0.00791883,0.00791883,0.004885639,0.006009105,0.0056085032,0.006898194,0.006009105,0.006009105,0.0056085032,0.004885639,0.00791883,0.004885639,0.004885639,0.004885639,0.006009105,0.00791883,0.00791883,0.007390915,0.007390915,0.0052346084,0.0052346084,0.006898194,0.004885639,0.0056085032,0.004885639,0.00791883,0.007390915,0.006009105,0.007390915,0.0052346084,0.006898194,0.0056085032,0.006009105,0.006898194,0.006009105,0.0056085032,0.004885639,0.0052346084,0.0052346084,0.004885639,0.00791883,0.004885639,0.004885639,0.00791883,0.006898194,0.00791883,0.006898194,0.0064383205,0.006009105,0.007390915,0.007390915,0.0052346084,0.006009105,0.004885639,0.0052346084,0.006898194,0.0056085032,0.004885639,0.0056085032,0.006898194,0.00791883,0.006898194,0.0052346084,0.00791883,0.00791883,0.00791883,0.00791883,0.004885639,0.0056085032,0.006898194,0.007390915,0.004885639,0.0052346084,0.004885639,0.006898194,0.0064383205,0.0052346084,3,3
0.0061610187,0.0070725847,0.007577762,0.007577762,0.0046752123,0.005009151,0.007577762,0.0066010854,0.007577762,0.007577762,0.0061610187,0.0061610187,0.0046752123,0.0046752123,0.007577762,0.007577762,0.0070725847,0.0046752123,0.007577762,0.0066010854,0.007577762,0.0070725847,0.0046752123,0.0046752123,0.0046752123,0.007577762,0.0066010854,0.00575029,0.0053669424,0.007577762,0.0066010854,0.0053669424,0.0046752123,0.0053669424,0.007577762,0.0061610187,0.00575029,0.007577762,0.0053669424,0.0066010854,0.005009151,0.0061610187,0.007577762,0.00575029,0.007577762,0.007577762,0.0066010854,0.005009151,0.007577762,0.0061610187,0.00575029,0.0070725847,0.0066010854,0.007577762,0.0066010854,0.0070725847,0.00575029,0.0046752123,0.0053669424,0.0070725847,0.0070725847,0.00575029,0.00575029,0.0053669424,0.007577762,0.00575029,0.00575029,0.0046752123,0.00575029,0.0070725847,0.005009151,0.0053669424,0.0053669424,0.005009151,0.007577762,0.007577762,0.0061610187,0.007577762,0.0066010854,0.0066010854,0.005009151,0.0070725847,0.0061610187,0.0066010854,0.007577762,0.0070725847,0.0053669424,0.0046752123,0.0046752123,0.00575029,0.00575029,0.0066010854,0.007577762,0.0046752123,0.007577762,0.0061610187,0.005009151,0.0046752123,0.0046752123,0.007577762,0.0061610187,0.0066010854,0.005009151,0.0046752123,0.0070725847,0.0066010854,0.00575029,0.005009151,0.0046752123,0.007577762,0.0066010854,0.007577762,0.0046752123,0.0070725847,0.0066010854,0.0053669424,0.0066010854,0.007577762,0.0061610187,0.0046752123,0.0053669424,0.00575029,0.007577762,0.007577762,0.0053669424,0.0061610187,0.0070725847,0.0061610187,0.007577762,0.0061610187,0.007577762,0.0070725847,0.0061610187,0.0066010854,0.00575029,0.0066010854,0.0061610187,0.0046752123,0.0066010854,0.00575029,0.00575029,0.0066010854,0.00575029,0.0046752123,0.0066010854,0.00575029,0.007577762,0.007577762,0.007577762,0.0066010854,0.0066010854,0.0053669424,0.0061610187,0.0066010854,0.0061610187,0.007577762,0.0053669424,0.0066010854,0.00575029,0.0046752123,2,4
0.0061864844,0.0061864844,0.0076090833,0.0076090833,0.0046945363,0.0053891256,0.0076090833,0.0066283694,0.0076090833,0.0076090833,0.0066283694,0.0061864844,0.0046945363,0.0046945363,0.0076090833,0.0076090833,0.005774058,0.0050298553,0.0076090833,0.0066283694,0.0076090833,0.007101818,0.0046945363,0.0046945363,0.0046945363,0.0076090833,0.007101818,0.0046945363,0.0046945363,0.007101818,0.005774058,0.005774058,0.0061864844,0.0066283694,0.0076090833,0.0066283694,0.0050298553,0.0076090833,0.0046945363,0.005774058,0.0046945363,0.0061864844,0.0076090833,0.005774058,0.0076090833,0.0066283694,0.0061864844,0.0061864844,0.0076090833,0.007101818,0.005774058,0.0066283694,0.0061864844,0.005774058,0.0053891256,0.005774058,0.0046945363,0.0076090833,0.005774058,0.0050298553,0.0066283694,0.0053891256,0.005774058,0.0046945363,0.0076090833,0.0050298553,0.005774058,0.0050298553,0.005774058,0.005774058,0.0076090833,0.0076090833,0.0053891256,0.0050298553,0.0066283694,0.0076090833,0.0061864844,0.0076090833,0.0061864844,0.005774058,0.005774058,0.0061864844,0.0076090833,0.0076090833,0.0076090833,0.0066283694,0.005774058,0.0076090833,0.0066283694,0.0046945363,0.0061864844,0.0066283694,0.0076090833,0.0046945363,0.0076090833,0.0050298553,0.0053891256,0.0066283694,0.0066283694,0.007101818,0.0076090833,0.0066283694,0.0050298553,0.0046945363,0.0046945363,0.0053891256,0.0053891256,0.0046945363,0.0046945363,0.0076090833,0.007101818,0.0076090833,0.005774058,0.005774058,0.0066283694,0.0066283694,0.0066283694,0.007101818,0.0061864844,0.0050298553,0.0066283694,0.0061864844,0.0076090833,0.0076090833,0.007101818,0.0066283694,0.007101818,0.005774058,0.007101818,0.0066283694,0.0066283694,0.0053891256,0.0061864844,0.005774058,0.007101818,0.007101818,0.0061864844,0.0046945363,0.0066283694,0.0066283694,0.005774058,0.005774058,0.0061864844,0.0046945363,0.005774058,0.0050298553,0.0076090833,0.0076090833,0.0076090833,0.0050298553,0.0050298553,0.0053891256,0.0061864844,0.0066283694,0.005774058,0.0076090833,0.0061864844,0.0061864844,0.0053891256,0.0046945363,2,3
0.0061793677,0.0076003303,0.0076003303,0.0076003303,0.0057674157,0.0070936484,0.0076003303,0.0066207447,0.0076003303,0.0061793677,0.0076003303,0.0061793677,0.004689136,0.0066207447,0.005382926,0.0070936484,0.005382926,0.0057674157,0.0076003303,0.0050240695,0.0076003303,0.0070936484,0.005382926,0.0050240695,0.0050240695,0.0076003303,0.005382926,0.004689136,0.004689136,0.0076003303,0.0076003303,0.0057674157,0.0050240695,0.0061793677,0.0061793677,0.0066207447,0.005382926,0.0076003303,0.0066207447,0.0066207447,0.004689136,0.0050240695,0.0076003303,0.0066207447,0.0076003303,0.0076003303,0.0050240695,0.005382926,0.0061793677,0.0057674157,0.0076003303,0.0061793677,0.004689136,0.004689136,0.0061793677,0.0076003303,0.0061793677,0.004689136,0.0057674157,0.0066207447,0.0076003303,0.0066207447,0.004689136,0.0057674157,0.0076003303,0.0050240695,0.005382926,0.005382926,0.0076003303,0.0066207447,0.0076003303,0.0076003303,0.005382926,0.005382926,0.004689136,0.0076003303,0.0061793677,0.004689136,0.004689136,0.0061793677,0.0066207447,0.0061793677,0.0076003303,0.0070936484,0.0076003303,0.0066207447,0.0057674157,0.0076003303,0.0076003303,0.0057674157,0.0057674157,0.0066207447,0.004689136,0.0076003303,0.0076003303,0.0076003303,0.004689136,0.005382926,0.005382926,0.0076003303,0.0076003303,0.0066207447,0.004689136,0.004689136,0.0057674157,0.0076003303,0.0061793677,0.005382926,0.005382926,0.0076003303,0.0066207447,0.0070936484,0.0061793677,0.0076003303,0.0057674157,0.0076003303,0.0061793677,0.004689136,0.004689136,0.005382926,0.0066207447,0.0050240695,0.004689136,0.004689136,0.0057674157,0.0076003303,0.0066207447,0.005382926,0.0066207447,0.0066207447,0.0076003303,0.005382926,0.0061793677,0.0070936484,0.0070936484,0.0070936484,0.0050240695,0.004689136,0.0076003303,0.005382926,0.0076003303,0.0061793677,0.0057674157,0.005382926,0.005382926,0.0070936484,0.0076003303,0.005382926,0.0076003303,0.004689136,0.0066207447,0.005382926,0.0061793677,0.0066207447,0.0061793677,0.0076003303,0.0061793677,0.0061793677,0.005382926,0.004689136,1,0
0.0065306434,0.007496898,0.007496898,0.007496898,0.004625322,0.0069971117,0.007496898,0.0065306434,0.007496898,0.004625322,0.0060952734,0.00530967,0.004625322,0.004625322,0.004625322,0.0065306434,0.0060952734,0.0060952734,0.007496898,0.0056889276,0.0069971117,0.0069971117,0.0049556973,0.0049556973,0.004625322,0.0065306434,0.00530967,0.0060952734,0.0056889276,0.0056889276,0.007496898,0.0056889276,0.007496898,0.0056889276,0.004625322,0.0060952734,0.00530967,0.007496898,0.0049556973,0.0065306434,0.004625322,0.007496898,0.007496898,0.007496898,0.0049556973,0.0069971117,0.0060952734,0.007496898,0.007496898,0.007496898,0.0056889276,0.007496898,0.0065306434,0.007496898,0.0056889276,0.007496898,0.0065306434,0.007496898,0.007496898,0.0056889276,0.007496898,0.00530967,0.004625322,0.004625322,0.007496898,0.0060952734,0.0060952734,0.0049556973,0.0056889276,0.0060952734,0.0065306434,0.0069971117,0.00530967,0.00530967,0.004625322,0.007496898,0.0056889276,0.007496898,0.007496898,0.0065306434,0.007496898,0.0049556973,0.004625322,0.004625322,0.00530967,0.0069971117,0.0069971117,0.007496898,0.0056889276,0.007496898,0.007496898,0.0065306434,0.007496898,0.004625322,0.007496898,0.0069971117,0.007496898,0.00530967,0.0060952734,0.004625322,0.0049556973,0.0060952734,0.0069971117,0.0060952734,0.0069971117,0.004625322,0.0056889276,0.0060952734,0.004625322,0.0056889276,0.0056889276,0.007496898,0.00530967,0.007496898,0.0069971117,0.004625322,0.0065306434,0.007496898,0.0069971117,0.0069971117,0.0069971117,0.0065306434,0.007496898,0.007496898,0.0060952734,0.0060952734,0.0065306434,0.0056889276,0.0060952734,0.0060952734,0.007496898,0.00530967,0.0060952734,0.0065306434,0.0069971117,0.0069971117,0.0049556973,0.004625322,0.0060952734,0.00530967,0.00530967,0.0065306434,0.0060952734,0.00530967,0.0065306434,0.0056889276,0.007496898,0.007496898,0.007496898,0.004625322,0.004625322,0.00530967,0.007496898,0.007496898,0.0065306434,0.004625322,0.00530967,0.007496898,0.007496898,0.0056889276,1,1
0.006143074,0.008095374,0.0049945605,0.006143074,0.006143074,0.0049945605,0.006143074,0.0053513097,0.0057335407,0.008095374,0.006143074,0.0053513097,0.0049945605,0.007051984,0.008095374,0.0049945605,0.00755569,0.0049945605,0.0057335407,0.0057335407,0.0049945605,0.00755569,0.006143074,0.006143074,0.0057335407,0.008095374,0.006143074,0.006581858,0.0053513097,0.008095374,0.007051984,0.006143074,0.0049945605,0.0057335407,0.008095374,0.006581858,0.006581858,0.0049945605,0.0049945605,0.00755569,0.0049945605,0.007051984,0.006581858,0.0057335407,0.008095374,0.006143074,0.006143074,0.0049945605,0.0049945605,0.007051984,0.006143074,0.006143074,0.0049945605,0.008095374,0.006581858,0.0057335407,0.007051984,0.0053513097,0.0053513097,0.006581858,0.008095374,0.006143074,0.0049945605,0.0057335407,0.006143074,0.006581858,0.006581858,0.0049945605,0.008095374,0.0049945605,0.0049945605,0.006143074,0.0057335407,0.0057335407,0.007051984,0.0049945605,0.006581858,0.0049945605,0.0049945605,0.0049945605,0.0053513097,0.007051984,0.0049945605,0.0049945605,0.008095374,0.0049945605,0.0049945605,0.0049945605,0.006143074,0.00755569,0.006143074,0.007051984,0.0049945605,0.008095374,0.008095374,0.006143074,0.0049945605,0.0053513097,0.0057335407,0.008095374,0.007051984,0.006581858,0.0049945605,0.0049945605,0.006581858,0.008095374,0.007051984,0.0053513097,0.0049945605,0.008095374,0.00755569,0.007051984,0.0049945605,0.006143074,0.00755569,0.006143074,0.006143074,0.0049945605,0.0053513097,0.0049945605,0.0057335407,0.0053513097,0.0049945605,0.0049945605,0.008095374,0.0049945605,0.008095374,0.0049945605,0.0053513097,0.00755569,0.008095374,0.006581858,0.00755569,0.00755569,0.006143074,0.007051984,0.0049945605,0.0049945605,0.0049945605,0.006581858,0.00755569,0.007051984,0.0057335407,0.006143074,0.00755569,0.0053513097,0.00755569,0.008095374,0.008095374,0.008095374,0.006581858,0.0057335407,0.0049945605,0.00755569,0.007051984,0.008095374,0.0057335407,0.0053513097,0.0053513097,0.006581858,1,4
0.0066641937,0.0071402006,0.0076502077,0.0076502077,0.0047199083,0.0071402006,0.0076502077,0.0062199202,0.0071402006,0.0047199083,0.0076502077,0.0066641937,0.0047199083,0.0047199083,0.0047199083,0.0076502077,0.0066641937,0.0054182517,0.0076502077,0.0062199202,0.0076502077,0.0071402006,0.0047199083,0.00505704,0.0047199083,0.0076502077,0.0054182517,0.00505704,0.0047199083,0.0076502077,0.0066641937,0.0058052647,0.0076502077,0.0062199202,0.0047199083,0.0058052647,0.0058052647,0.0062199202,0.0047199083,0.0076502077,0.0047199083,0.0062199202,0.0066641937,0.0054182517,0.0076502077,0.0071402006,0.0062199202,0.0076502077,0.0076502077,0.0076502077,0.0062199202,0.0066641937,0.0062199202,0.0076502077,0.0054182517,0.0076502077,0.0066641937,0.0076502077,0.0076502077,0.0058052647,0.0076502077,0.0058052647,0.00505704,0.0054182517,0.0071402006,0.00505704,0.0058052647,0.00505704,0.0058052647,0.0076502077,0.0076502077,0.0076502077,0.0047199083,0.00505704,0.0047199083,0.0076502077,0.0054182517,0.0076502077,0.0076502077,0.0062199202,0.0054182517,0.0047199083,0.0062199202,0.0047199083,0.0054182517,0.0058052647,0.0066641937,0.0076502077,0.00505704,0.0054182517,0.0076502077,0.0066641937,0.0076502077,0.0047199083,0.0076502077,0.00505704,0.0058052647,0.00505704,0.0062199202,0.0047199083,0.0066641937,0.0066641937,0.0071402006,0.0062199202,0.00505704,0.0047199083,0.0054182517,0.0054182517,0.0047199083,0.0071402006,0.0066641937,0.0076502077,0.0047199083,0.0047199083,0.00505704,0.0058052647,0.0066641937,0.0076502077,0.0071402006,0.0054182517,0.0076502077,0.0066641937,0.0076502077,0.0076502077,0.0058052647,0.0062199202,0.0066641937,0.0062199202,0.0071402006,0.0062199202,0.0076502077,0.0054182517,0.00505704,0.0062199202,0.0071402006,0.0076502077,0.00505704,0.0047199083,0.0058052647,0.0054182517,0.0054182517,0.0066641937,0.0047199083,0.0047199083,0.0066641937,0.0066641937,0.0076502077,0.0076502077,0.0076502077,0.0047199083,0.00505704,0.0062199202,0.0076502077,0.0071402006,0.0054182517,0.0076502077,0.0062199202,0.0058052647,0.0054182517,0.0047199083,2,0
0.0061900397,0.0071058995,0.0076134563,0.0076134563,0.005032746,0.0071058995,0.0076134563,0.0057773762,0.006632179,0.0046972344,0.0076134563,0.006632179,0.0046972344,0.0046972344,0.0076134563,0.0053922227,0.0061900397,0.0057773762,0.0076134563,0.0057773762,0.006632179,0.0071058995,0.0057773762,0.0057773762,0.0046972344,0.0076134563,0.0053922227,0.005032746,0.0061900397,0.0076134563,0.005032746,0.0053922227,0.0076134563,0.0071058995,0.0046972344,0.005032746,0.0053922227,0.0076134563,0.0053922227,0.006632179,0.0046972344,0.0071058995,0.0076134563,0.0057773762,0.0076134563,0.0061900397,0.0061900397,0.0076134563,0.0076134563,0.006632179,0.0053922227,0.006632179,0.0071058995,0.0076134563,0.0046972344,0.0076134563,0.006632179,0.0076134563,0.0076134563,0.0057773762,0.0076134563,0.0057773762,0.0046972344,0.0046972344,0.0076134563,0.005032746,0.0057773762,0.0053922227,0.0057773762,0.0071058995,0.0076134563,0.0076134563,0.005032746,0.0046972344,0.0057773762,0.0076134563,0.0061900397,0.0076134563,0.006632179,0.0076134563,0.005032746,0.0046972344,0.0057773762,0.0057773762,0.0076134563,0.0046972344,0.0053922227,0.0076134563,0.0061900397,0.005032746,0.0076134563,0.006632179,0.0076134563,0.0046972344,0.0076134563,0.005032746,0.0076134563,0.0046972344,0.0061900397,0.0057773762,0.0076134563,0.0076134563,0.006632179,0.0046972344,0.005032746,0.0046972344,0.0057773762,0.0057773762,0.0046972344,0.0071058995,0.0057773762,0.0076134563,0.0046972344,0.006632179,0.0071058995,0.0053922227,0.006632179,0.0076134563,0.0071058995,0.0061900397,0.0046972344,0.005032746,0.0076134563,0.0076134563,0.005032746,0.0076134563,0.0076134563,0.0046972344,0.005032746,0.0071058995,0.006632179,0.0053922227,0.0061900397,0.0071058995,0.0061900397,0.006632179,0.0057773762,0.0046972344,0.0061900397,0.0061900397,0.0053922227,0.0071058995,0.0046972344,0.0046972344,0.0057773762,0.005032746,0.0076134563,0.0076134563,0.0076134563,0.0046972344,0.0046972344,0.0057773762,0.0071058995,0.0071058995,0.0076134563,0.0071058995,0.0061900397,0.0061900397,0.0057773762,0.0046972344,2,1
0.0048825582,0.0052313074,0.006893844,0.007913836,0.0048825582,0.0052313074,0.0052313074,0.006893844,0.007386254,0.007913836,0.0056049665,0.0052313074,0.0056049665,0.006005316,0.007913836,0.0048825582,0.0052313074,0.006893844,0.007913836,0.0048825582,0.0064342604,0.007386254,0.006005316,0.0064342604,0.0048825582,0.006005316,0.006893844,0.006005316,0.0064342604,0.0056049665,0.0056049665,0.0064342604,0.0064342604,0.006005316,0.007913836,0.0056049665,0.0048825582,0.006005316,0.0048825582,0.0056049665,0.0056049665,0.007913836,0.007386254,0.0056049665,0.007913836,0.0052313074,0.0056049665,0.007913836,0.006893844,0.0056049665,0.0064342604,0.0056049665,0.007913836,0.006005316,0.0056049665,0.0052313074,0.0056049665,0.007386254,0.0056049665,0.0056049665,0.0056049665,0.006005316,0.006893844,0.0056049665,0.0064342604,0.0056049665,0.006005316,0.0056049665,0.0056049665,0.0056049665,0.0048825582,0.006005316,0.0052313074,0.0052313074,0.007913836,0.0048825582,0.0052313074,0.0064342604,0.0064342604,0.0048825582,0.0064342604,0.0056049665,0.007913836,0.007913836,0.006893844,0.0048825582,0.0056049665,0.006893844,0.006893844,0.006005316,0.0064342604,0.0064342604,0.006893844,0.0052313074,0.007913836,0.0048825582,0.0048825582,0.007913836,0.0064342604,0.007386254,0.007386254,0.007386254,0.006005316,0.0048825582,0.006893844,0.0048825582,0.0056049665,0.0052313074,0.0048825582,0.007913836,0.006005316,0.006893844,0.007386254,0.007913836,0.0064342604,0.006005316,0.006893844,0.007913836,0.0056049665,0.0048825582,0.0052313074,0.0052313074,0.007913836,0.007913836,0.0052313074,0.0048825582,0.007913836,0.006893844,0.007913836,0.006893844,0.0064342604,0.0056049665,0.007386254,0.007386254,0.0056049665,0.006893844,0.0056049665,0.0048825582,0.006893844,0.0064342604,0.006005316,0.0056049665,0.006005316,0.0056049665,0.0064342604,0.0052313074,0.007913836,0.007913836,0.007913836,0.007386254,0.0052313074,0.0056049665,0.006893844,0.007386254,0.0048825582,0.006893844,0.0064342604,0.006893844,0.0064342604,0.0048825582,3,2
0.0075014536,0.0075014536,0.0075014536,0.0075014536,0.0046281326,0.0070013637,0.0060989773,0.006534612,0.0075014536,0.0070013637,0.0060989773,0.0056923847,0.0046281326,0.0046281326,0.0056923847,0.0075014536,0.0060989773,0.005312897,0.0075014536,0.005312897,0.0075014536,0.0056923847,0.0046281326,0.0046281326,0.0046281326,0.0070013637,0.005312897,0.0056923847,0.004958709,0.0075014536,0.0075014536,0.0056923847,0.0075014536,0.0056923847,0.0046281326,0.0075014536,0.0056923847,0.0056923847,0.0046281326,0.0075014536,0.0056923847,0.0075014536,0.0075014536,0.0075014536,0.005312897,0.0075014536,0.0070013637,0.0075014536,0.0075014536,0.0075014536,0.0075014536,0.0075014536,0.0075014536,0.0075014536,0.006534612,0.0075014536,0.0060989773,0.0075014536,0.0075014536,0.006534612,0.0075014536,0.004958709,0.0046281326,0.0046281326,0.0075014536,0.0060989773,0.0060989773,0.004958709,0.0056923847,0.0056923847,0.0060989773,0.0075014536,0.0046281326,0.004958709,0.0046281326,0.0075014536,0.005312897,0.005312897,0.005312897,0.006534612,0.0075014536,0.0046281326,0.0046281326,0.0046281326,0.0046281326,0.0075014536,0.0070013637,0.0075014536,0.0056923847,0.0075014536,0.0070013637,0.006534612,0.0075014536,0.0046281326,0.0075014536,0.0075014536,0.0075014536,0.0046281326,0.0046281326,0.0046281326,0.006534612,0.0070013637,0.0060989773,0.0060989773,0.0070013637,0.0046281326,0.005312897,0.005312897,0.0046281326,0.0070013637,0.0075014536,0.0075014536,0.0046281326,0.0070013637,0.0070013637,0.005312897,0.006534612,0.0070013637,0.0070013637,0.0046281326,0.0075014536,0.0070013637,0.0075014536,0.0075014536,0.0070013637,0.0075014536,0.0056923847,0.0046281326,0.004958709,0.006534612,0.0075014536,0.005312897,0.004958709,0.0060989773,0.0075014536,0.0070013637,0.004958709,0.0046281326,0.0060989773,0.005312897,0.0056923847,0.006534612,0.005312897,0.0046281326,0.0060989773,0.0075014536,0.0075014536,0.0075014536,0.0075014536,0.0046281326,0.0060989773,0.005312897,0.005312897,0.0060989773,0.0075014536,0.0046281326,0.0060989773,0.0056923847,0.0060989773,0.0075014536,0,0
0.0062328177,0.0071550063,0.007666071,0.007666071,0.0047296956,0.0058173025,0.007666071,0.006678012,0.0071550063,0.0071550063,0.0062328177,0.0062328177,0.0047296956,0.0047296956,0.007666071,0.0058173025,0.006678012,0.0058173025,0.007666071,0.0058173025,0.0071550063,0.0071550063,0.0050675264,0.0062328177,0.0047296956,0.006678012,0.0071550063,0.0054294867,0.0062328177,0.0071550063,0.0058173025,0.0050675264,0.0071550063,0.006678012,0.007666071,0.0047296956,0.0058173025,0.006678012,0.0047296956,0.0054294867,0.0047296956,0.0062328177,0.007666071,0.0062328177,0.007666071,0.0062328177,0.006678012,0.007666071,0.007666071,0.006678012,0.0054294867,0.006678012,0.0071550063,0.0062328177,0.0050675264,0.0050675264,0.0047296956,0.007666071,0.0071550063,0.0054294867,0.0071550063,0.0058173025,0.0054294867,0.0047296956,0.007666071,0.0050675264,0.0058173025,0.0050675264,0.0058173025,0.0058173025,0.0071550063,0.007666071,0.0054294867,0.0047296956,0.0050675264,0.007666071,0.0062328177,0.007666071,0.0062328177,0.0071550063,0.0047296956,0.0058173025,0.007666071,0.007666071,0.007666071,0.0047296956,0.0050675264,0.007666071,0.0071550063,0.0047296956,0.0062328177,0.006678012,0.007666071,0.0047296956,0.007666071,0.0047296956,0.0047296956,0.0047296956,0.006678012,0.0054294867,0.007666071,0.0071550063,0.006678012,0.0054294867,0.0062328177,0.0054294867,0.0054294867,0.0050675264,0.0047296956,0.007666071,0.0058173025,0.007666071,0.0047296956,0.007666071,0.006678012,0.0058173025,0.006678012,0.007666071,0.007666071,0.0062328177,0.0054294867,0.0058173025,0.007666071,0.007666071,0.0050675264,0.0062328177,0.0071550063,0.0062328177,0.0071550063,0.0062328177,0.0047296956,0.0058173025,0.006678012,0.0071550063,0.0047296956,0.0062328177,0.0062328177,0.0050675264,0.0062328177,0.0058173025,0.0050675264,0.006678012,0.0054294867,0.0047296956,0.0071550063,0.0050675264,0.007666071,0.007666071,0.007666071,0.0047296956,0.0047296956,0.0054294867,0.0071550063,0.0071550063,0.0054294867,0.007666071,0.0062328177,0.006678012,0.0058173025,0.0047296956,2,3
0.0061755055,0.00759558,0.00759558,0.00759558,0.004686205,0.007089215,0.00759558,0.0061755055,0.00759558,0.0050209295,0.0061755055,0.005763811,0.004686205,0.004686205,0.005763811,0.0061755055,0.0061755055,0.0061755055,0.00759558,0.005763811,0.007089215,0.007089215,0.0050209295,0.005379562,0.004686205,0.00759558,0.005379562,0.005379562,0.004686205,0.0061755055,0.00759558,0.0061755055,0.00759558,0.005763811,0.004686205,0.0061755055,0.005763811,0.005763811,0.004686205,0.0061755055,0.004686205,0.005763811,0.00759558,0.006616607,0.007089215,0.00759558,0.007089215,0.00759558,0.00759558,0.007089215,0.005379562,0.00759558,0.006616607,0.00759558,0.004686205,0.00759558,0.005763811,0.00759558,0.00759558,0.007089215,0.00759558,0.005763811,0.004686205,0.004686205,0.00759558,0.0050209295,0.005763811,0.004686205,0.005379562,0.00759558,0.006616607,0.00759558,0.004686205,0.0050209295,0.005379562,0.00759558,0.005763811,0.00759558,0.00759558,0.005763811,0.00759558,0.005379562,0.007089215,0.005379562,0.006616607,0.00759558,0.00759558,0.00759558,0.0061755055,0.004686205,0.007089215,0.006616607,0.00759558,0.004686205,0.00759558,0.007089215,0.007089215,0.004686205,0.0061755055,0.004686205,0.00759558,0.006616607,0.005379562,0.004686205,0.006616607,0.004686205,0.005763811,0.0061755055,0.004686205,0.0061755055,0.006616607,0.00759558,0.004686205,0.005379562,0.007089215,0.0050209295,0.006616607,0.0061755055,0.005763811,0.005763811,0.006616607,0.006616607,0.00759558,0.00759558,0.0061755055,0.006616607,0.00759558,0.004686205,0.005379562,0.006616607,0.00759558,0.005763811,0.005379562,0.0061755055,0.005379562,0.007089215,0.005763811,0.004686205,0.005763811,0.005379562,0.007089215,0.006616607,0.0050209295,0.004686205,0.0061755055,0.004686205,0.00759558,0.00759558,0.00759558,0.004686205,0.00759558,0.005379562,0.0061755055,0.006616607,0.0061755055,0.006616607,0.0061755055,0.0061755055,0.0061755055,0.0050209295,1,3
0.00637003,0.0073125204,0.007834836,0.007834836,0.0048338175,0.0073125204,0.007834836,0.0068250257,0.007834836,0.0055490145,0.00637003,0.0055490145,0.0048338175,0.0048338175,0.0048338175,0.0059453673,0.00637003,0.0068250257,0.007834836,0.0055490145,0.0068250257,0.0073125204,0.0059453673,0.0059453673,0.0048338175,0.0073125204,0.0055490145,0.0059453673,0.0059453673,0.0055490145,0.0068250257,0.0059453673,0.007834836,0.0068250257,0.0048338175,0.0048338175,0.0055490145,0.0059453673,0.0048338175,0.0055490145,0.0048338175,0.0059453673,0.007834836,0.00637003,0.007834836,0.007834836,0.0073125204,0.007834836,0.007834836,0.0073125204,0.0055490145,0.0068250257,0.0068250257,0.0068250257,0.0048338175,0.007834836,0.0068250257,0.007834836,0.007834836,0.0051790853,0.00637003,0.0051790853,0.0051790853,0.0048338175,0.007834836,0.0051790853,0.00637003,0.0048338175,0.0055490145,0.0073125204,0.0055490145,0.007834836,0.0051790853,0.0055490145,0.0048338175,0.007834836,0.0059453673,0.007834836,0.007834836,0.0059453673,0.00637003,0.0051790853,0.0048338175,0.0048338175,0.0051790853,0.0048338175,0.0068250257,0.007834836,0.0068250257,0.0048338175,0.0073125204,0.0068250257,0.007834836,0.0048338175,0.007834836,0.0051790853,0.007834836,0.0048338175,0.00637003,0.0055490145,0.007834836,0.0068250257,0.0055490145,0.0048338175,0.0068250257,0.0048338175,0.00637003,0.0059453673,0.0048338175,0.0051790853,0.00637003,0.007834836,0.0048338175,0.0059453673,0.0073125204,0.0051790853,0.0068250257,0.0055490145,0.0051790853,0.0051790853,0.0059453673,0.00637003,0.007834836,0.007834836,0.0051790853,0.0068250257,0.007834836,0.0048338175,0.0055490145,0.0068250257,0.0073125204,0.0055490145,0.0055490145,0.00637003,0.0055490145,0.007834836,0.0055490145,0.0048338175,0.0059453673,0.0055490145,0.0059453673,0.0068250257,0.0048338175,0.0048338175,0.0073125204,0.0048338175,0.007834836,0.007834836,0.007834836,0.0048338175,0.0048338175,0.0059453673,0.007834836,0.007834836,0.0055490145,0.0059453673,0.00637003,0.00637003,0.00637003,0.0048338175,2,2
0.0049456283,0.0049456283,0.0049456283,0.008016063,0.0049456283,0.0049456283,0.0052988823,0.007481666,0.007481666,0.008016063,0.006517375,0.0052988823,0.0049456283,0.008016063,0.0069828946,0.0056773685,0.006082889,0.0056773685,0.008016063,0.0049456283,0.0049456283,0.006517375,0.006082889,0.006517375,0.0049456283,0.0049456283,0.0056773685,0.006517375,0.0069828946,0.0049456283,0.0069828946,0.006517375,0.006082889,0.007481666,0.008016063,0.0056773685,0.006517375,0.0049456283,0.008016063,0.0056773685,0.0049456283,0.0069828946,0.0069828946,0.0056773685,0.008016063,0.007481666,0.006082889,0.007481666,0.008016063,0.0069828946,0.006517375,0.006082889,0.0052988823,0.008016063,0.0069828946,0.0049456283,0.0056773685,0.0049456283,0.007481666,0.0049456283,0.0069828946,0.0052988823,0.0049456283,0.0069828946,0.006082889,0.0052988823,0.006517375,0.0049456283,0.008016063,0.0049456283,0.006082889,0.0049456283,0.0056773685,0.0052988823,0.008016063,0.0049456283,0.0052988823,0.0056773685,0.008016063,0.0049456283,0.0049456283,0.0049456283,0.008016063,0.008016063,0.006517375,0.0049456283,0.0052988823,0.007481666,0.008016063,0.006082889,0.006082889,0.006517375,0.0049456283,0.008016063,0.0056773685,0.0049456283,0.0049456283,0.0056773685,0.008016063,0.008016063,0.006082889,0.006517375,0.0049456283,0.006082889,0.006517375,0.0049456283,0.0056773685,0.0056773685,0.008016063,0.008016063,0.0056773685,0.0049456283,0.006517375,0.008016063,0.0052988823,0.0056773685,0.0069828946,0.0049456283,0.006517375,0.0049456283,0.006082889,0.0052988823,0.0052988823,0.008016063,0.0056773685,0.0049456283,0.008016063,0.0069828946,0.008016063,0.0069828946,0.0056773685,0.006082889,0.007481666,0.007481666,0.0052988823,0.0056773685,0.0049456283,0.0049456283,0.0069828946,0.0056773685,0.0052988823,0.006517375,0.006517375,0.008016063,0.008016063,0.0056773685,0.006517375,0.008016063,0.008016063,0.008016063,0.0049456283,0.0056773685,0.0069828946,0.007481666,0.0049456283,0.006082889,0.0049456283,0.006082889,0.0069828946,0.0049456283,3,3
0.0070750336,0.007580386,0.007580386,0.007580386,0.0050108857,0.0061631524,0.007580386,0.0070750336,0.007580386,0.006603371,0.007580386,0.006603371,0.004676831,0.004676831,0.005368801,0.006603371,0.0070750336,0.005368801,0.0070750336,0.006603371,0.0070750336,0.0070750336,0.0057522813,0.0061631524,0.0050108857,0.0050108857,0.0061631524,0.0057522813,0.006603371,0.004676831,0.004676831,0.0057522813,0.007580386,0.006603371,0.004676831,0.006603371,0.0061631524,0.0057522813,0.004676831,0.007580386,0.004676831,0.007580386,0.007580386,0.007580386,0.0070750336,0.007580386,0.0061631524,0.007580386,0.007580386,0.0057522813,0.005368801,0.007580386,0.007580386,0.007580386,0.004676831,0.007580386,0.006603371,0.007580386,0.007580386,0.0057522813,0.004676831,0.006603371,0.0050108857,0.0050108857,0.004676831,0.005368801,0.0061631524,0.0050108857,0.0057522813,0.0070750336,0.004676831,0.007580386,0.004676831,0.004676831,0.004676831,0.007580386,0.0061631524,0.007580386,0.007580386,0.007580386,0.007580386,0.0070750336,0.004676831,0.004676831,0.0061631524,0.004676831,0.0070750336,0.007580386,0.0057522813,0.004676831,0.007580386,0.006603371,0.007580386,0.004676831,0.007580386,0.007580386,0.007580386,0.004676831,0.0061631524,0.004676831,0.0050108857,0.007580386,0.006603371,0.005368801,0.004676831,0.004676831,0.0057522813,0.0061631524,0.004676831,0.0050108857,0.0070750336,0.007580386,0.0050108857,0.007580386,0.0057522813,0.004676831,0.0070750336,0.007580386,0.007580386,0.0061631524,0.007580386,0.0070750336,0.007580386,0.007580386,0.0057522813,0.007580386,0.0070750336,0.004676831,0.004676831,0.006603371,0.006603371,0.0057522813,0.006603371,0.0070750336,0.0057522813,0.0057522813,0.0050108857,0.004676831,0.0061631524,0.005368801,0.005368801,0.006603371,0.0050108857,0.004676831,0.0070750336,0.0050108857,0.007580386,0.0057522813,0.0057522813,0.004676831,0.004676831,0.005368801,0.0070750336,0.007580386,0.0070750336,0.0061631524,0.0070750336,0.0061631524,0.006603371,0.007580386,1,3
0.006129626,0.006129626,0.0075391503,0.0075391503,0.0053395955,0.0075391503,0.0075391503,0.007036547,0.0075391503,0.0049836272,0.007036547,0.0057209902,0.00465139,0.00465139,0.00465139,0.0065674502,0.0065674502,0.006129626,0.0075391503,0.0057209902,0.007036547,0.007036547,0.006129626,0.006129626,0.00465139,0.00465139,0.0057209902,0.0057209902,0.006129626,0.0053395955,0.0053395955,0.0057209902,0.0075391503,0.0065674502,0.00465139,0.007036547,0.006129626,0.0057209902,0.00465139,0.007036547,0.00465139,0.0075391503,0.0065674502,0.007036547,0.0075391503,0.007036547,0.006129626,0.0075391503,0.0075391503,0.006129626,0.0053395955,0.0075391503,0.0075391503,0.0075391503,0.00465139,0.0075391503,0.0065674502,0.0075391503,0.0075391503,0.0057209902,0.0053395955,0.0049836272,0.0049836272,0.0049836272,0.0075391503,0.0057209902,0.006129626,0.0053395955,0.0057209902,0.0049836272,0.0053395955,0.0075391503,0.0057209902,0.0053395955,0.00465139,0.0075391503,0.006129626,0.0075391503,0.0075391503,0.0075391503,0.007036547,0.00465139,0.00465139,0.00465139,0.00465139,0.0075391503,0.0075391503,0.0075391503,0.0049836272,0.0075391503,0.0075391503,0.0065674502,0.0075391503,0.00465139,0.0075391503,0.007036547,0.0075391503,0.0049836272,0.006129626,0.00465139,0.0053395955,0.0075391503,0.0065674502,0.0049836272,0.0057209902,0.00465139,0.006129626,0.0057209902,0.00465139,0.00465139,0.007036547,0.0075391503,0.0053395955,0.0075391503,0.0065674502,0.00465139,0.0065674502,0.0075391503,0.0075391503,0.0049836272,0.0075391503,0.007036547,0.0075391503,0.0075391503,0.0075391503,0.0075391503,0.0057209902,0.00465139,0.0049836272,0.0065674502,0.0057209902,0.0053395955,0.006129626,0.007036547,0.0057209902,0.0065674502,0.0049836272,0.00465139,0.0065674502,0.0053395955,0.0065674502,0.0057209902,0.0049836272,0.00465139,0.0065674502,0.0057209902,0.0075391503,0.0075391503,0.0075391503,0.00465139,0.0049836272,0.0053395955,0.0075391503,0.0075391503,0.0075391503,0.00465139,0.007036547,0.0075391503,0.0075391503,0.0065674502,2,3
0.005166889,0.005166889,0.0059313667,0.0078163855,0.0048224344,0.0048224344,0.006355029,0.0072953003,0.0078163855,0.0078163855,0.0059313667,0.0059313667,0.0048224344,0.0068089534,0.0078163855,0.006355029,0.0068089534,0.0059313667,0.0078163855,0.0048224344,0.0059313667,0.0072953003,0.005166889,0.006355029,0.0059313667,0.0078163855,0.005535947,0.005166889,0.0059313667,0.005166889,0.0059313667,0.005166889,0.0048224344,0.006355029,0.0078163855,0.0059313667,0.0059313667,0.005166889,0.0048224344,0.0059313667,0.0048224344,0.0078163855,0.0078163855,0.005535947,0.0078163855,0.005166889,0.005535947,0.0072953003,0.0068089534,0.0068089534,0.005535947,0.0059313667,0.006355029,0.0078163855,0.005535947,0.0048224344,0.0059313667,0.0059313667,0.0059313667,0.0048224344,0.0068089534,0.005535947,0.0059313667,0.006355029,0.006355029,0.005166889,0.005535947,0.005166889,0.0072953003,0.0072953003,0.0048224344,0.005535947,0.005535947,0.005535947,0.0078163855,0.0048224344,0.005166889,0.005166889,0.006355029,0.005535947,0.006355029,0.0072953003,0.0078163855,0.0078163855,0.0078163855,0.0048224344,0.005535947,0.0068089534,0.0078163855,0.0059313667,0.0059313667,0.0068089534,0.005535947,0.005166889,0.0078163855,0.0059313667,0.0048224344,0.0068089534,0.006355029,0.0068089534,0.0078163855,0.0078163855,0.0059313667,0.0048224344,0.006355029,0.0048224344,0.005535947,0.0048224344,0.0068089534,0.0078163855,0.0072953003,0.0078163855,0.005166889,0.0078163855,0.006355029,0.0059313667,0.0068089534,0.0068089534,0.005535947,0.0048224344,0.006355029,0.005535947,0.0078163855,0.0078163855,0.006355029,0.0059313667,0.0078163855,0.006355029,0.0078163855,0.0072953003,0.006355029,0.005535947,0.0068089534,0.0072953003,0.0059313667,0.0059313667,0.005166889,0.0048224344,0.0068089534,0.005535947,0.0059313667,0.0072953003,0.006355029,0.005535947,0.006355029,0.005166889,0.0078163855,0.0078163855,0.0078163855,0.0078163855,0.005535947,0.005535947,0.0072953003,0.0078163855,0.0048224344,0.0059313667,0.0059313667,0.0059313667,0.0059313667,0.005166889,3,3
0.0056926054,0.0075017447,0.0075017447,0.0075017447,0.0056926054,0.0075017447,0.0075017447,0.0065348656,0.0075017447,0.0046283123,0.0056926054,0.005313103,0.0046283123,0.0046283123,0.0046283123,0.006099214,0.006099214,0.006099214,0.0075017447,0.0056926054,0.007001635,0.007001635,0.006099214,0.0056926054,0.0046283123,0.0046283123,0.005313103,0.006099214,0.006099214,0.004958901,0.0065348656,0.0056926054,0.0075017447,0.006099214,0.0046283123,0.007001635,0.0056926054,0.0065348656,0.005313103,0.0075017447,0.0046283123,0.0075017447,0.0075017447,0.0075017447,0.0065348656,0.0075017447,0.006099214,0.0075017447,0.0075017447,0.0065348656,0.005313103,0.0075017447,0.0075017447,0.0075017447,0.0046283123,0.0075017447,0.0065348656,0.0075017447,0.0075017447,0.0056926054,0.005313103,0.004958901,0.0046283123,0.005313103,0.0075017447,0.0056926054,0.006099214,0.004958901,0.0056926054,0.0056926054,0.006099214,0.0075017447,0.0046283123,0.005313103,0.0046283123,0.006099214,0.006099214,0.0075017447,0.0075017447,0.0075017447,0.0075017447,0.0046283123,0.0046283123,0.0046283123,0.0046283123,0.0075017447,0.0075017447,0.0075017447,0.0056926054,0.0075017447,0.0075017447,0.0065348656,0.0075017447,0.0046283123,0.0075017447,0.0075017447,0.0075017447,0.005313103,0.006099214,0.0046283123,0.005313103,0.0075017447,0.0065348656,0.004958901,0.0056926054,0.0046283123,0.0056926054,0.006099214,0.0046283123,0.0056926054,0.007001635,0.0075017447,0.005313103,0.0075017447,0.006099214,0.0046283123,0.0065348656,0.0075017447,0.0075017447,0.006099214,0.0075017447,0.006099214,0.0075017447,0.0075017447,0.007001635,0.0075017447,0.006099214,0.0046283123,0.0046283123,0.0065348656,0.0065348656,0.005313103,0.0065348656,0.007001635,0.007001635,0.0065348656,0.004958901,0.0046283123,0.006099214,0.005313103,0.005313103,0.006099214,0.0056926054,0.0046283123,0.0065348656,0.0065348656,0.0075017447,0.0075017447,0.0075017447,0.0046283123,0.0046283123,0.005313103,0.0075017447,0.0075017447,0.0065348656,0.0046283123,0.0075017447,0.0075017447,0.0075017447,0.007001635,1,3
0.006222355,0.007653203,0.007653203,0.007653203,0.0047217566,0.0071429964,0.007653203,0.006666803,0.007653203,0.006666803,0.007653203,0.006666803,0.0047217566,0.0047217566,0.0047217566,0.007653203,0.006666803,0.0054203733,0.007653203,0.006222355,0.007653203,0.0071429964,0.0047217566,0.0047217566,0.0047217566,0.007653203,0.0054203733,0.0047217566,0.0047217566,0.007653203,0.007653203,0.0058075376,0.00505902,0.006222355,0.006222355,0.006666803,0.0054203733,0.007653203,0.0047217566,0.0058075376,0.0047217566,0.006222355,0.006666803,0.0047217566,0.007653203,0.007653203,0.0054203733,0.0054203733,0.007653203,0.006666803,0.007653203,0.0058075376,0.0047217566,0.0047217566,0.006666803,0.007653203,0.0058075376,0.00505902,0.0047217566,0.0047217566,0.007653203,0.0058075376,0.006222355,0.006222355,0.007653203,0.0058075376,0.006222355,0.00505902,0.006222355,0.006666803,0.007653203,0.007653203,0.0058075376,0.0054203733,0.0047217566,0.007653203,0.006222355,0.0047217566,0.0047217566,0.0058075376,0.006666803,0.0058075376,0.007653203,0.0047217566,0.0071429964,0.0047217566,0.0054203733,0.007653203,0.0071429964,0.006222355,0.0058075376,0.006666803,0.0047217566,0.007653203,0.007653203,0.006666803,0.0047217566,0.006222355,0.0054203733,0.007653203,0.007653203,0.006666803,0.0054203733,0.0047217566,0.0054203733,0.007653203,0.0054203733,0.006222355,0.007653203,0.007653203,0.007653203,0.0071429964,0.0058075376,0.0071429964,0.006222355,0.007653203,0.006666803,0.0047217566,0.0058075376,0.0054203733,0.007653203,0.00505902,0.0047217566,0.0047217566,0.006666803,0.007653203,0.0071429964,0.0047217566,0.0054203733,0.00505902,0.0071429964,0.0054203733,0.006666803,0.0071429964,0.006666803,0.0071429964,0.0054203733,0.0047217566,0.007653203,0.0058075376,0.007653203,0.0058075376,0.0058075376,0.0054203733,0.0054203733,0.0071429964,0.007653203,0.0071429964,0.007653203,0.0047217566,0.0058075376,0.0054203733,0.006222355,0.006666803,0.0071429964,0.007653203,0.006222355,0.006222355,0.0054203733,0.0047217566,1,0
0.0049219863,0.0049219863,0.0069495137,0.007977743,0.0049219863,0.005650228,0.0049219863,0.0069495137,0.0074459002,0.007977743,0.005650228,0.0052735517,0.0049219863,0.006486219,0.007977743,0.0052735517,0.0052735517,0.0060538105,0.007977743,0.0049219863,0.0052735517,0.0069495137,0.0060538105,0.006486219,0.0060538105,0.005650228,0.005650228,0.006486219,0.006486219,0.0049219863,0.007977743,0.0060538105,0.0069495137,0.006486219,0.007977743,0.005650228,0.0049219863,0.0069495137,0.0049219863,0.005650228,0.0049219863,0.006486219,0.0074459002,0.0060538105,0.007977743,0.006486219,0.0052735517,0.007977743,0.0069495137,0.0060538105,0.007977743,0.0049219863,0.0060538105,0.007977743,0.005650228,0.0049219863,0.005650228,0.0069495137,0.0060538105,0.0052735517,0.0069495137,0.0060538105,0.0052735517,0.0074459002,0.0052735517,0.005650228,0.005650228,0.005650228,0.007977743,0.0052735517,0.0049219863,0.0049219863,0.005650228,0.005650228,0.007977743,0.0049219863,0.0052735517,0.0052735517,0.006486219,0.005650228,0.0069495137,0.0049219863,0.007977743,0.007977743,0.0074459002,0.0049219863,0.005650228,0.007977743,0.0069495137,0.006486219,0.0060538105,0.0049219863,0.0052735517,0.007977743,0.0049219863,0.005650228,0.0052735517,0.006486219,0.0069495137,0.0060538105,0.0069495137,0.0069495137,0.0060538105,0.0052735517,0.0069495137,0.0052735517,0.005650228,0.007977743,0.006486219,0.007977743,0.0049219863,0.0049219863,0.0074459002,0.0074459002,0.005650228,0.0060538105,0.006486219,0.0074459002,0.005650228,0.0049219863,0.006486219,0.0052735517,0.007977743,0.007977743,0.005650228,0.0049219863,0.0074459002,0.0069495137,0.007977743,0.0069495137,0.005650228,0.005650228,0.0074459002,0.0074459002,0.0052735517,0.005650228,0.0049219863,0.0049219863,0.006486219,0.005650228,0.0060538105,0.0060538105,0.0074459002,0.005650228,0.005650228,0.005650228,0.006486219,0.007977743,0.007977743,0.007977743,0.006486219,0.005650228,0.0074459002,0.007977743,0.005650228,0.006486219,0.0049219863,0.0060538105,0.006486219,0.0049219863,3,2
0.0060775224,0.00800899,0.0049412646,0.0060775224,0.00800899,0.0060775224,0.006976734,0.0049412646,0.0060775224,0.00800899,0.006976734,0.0056723594,0.0049412646,0.0060775224,0.007475065,0.005294207,0.0056723594,0.0065116244,0.0049412646,0.007475065,0.0056723594,0.007475065,0.0060775224,0.005294207,0.006976734,0.0065116244,0.007475065,0.005294207,0.005294207,0.00800899,0.00800899,0.0056723594,0.0049412646,0.006976734,0.00800899,0.0049412646,0.0065116244,0.0056723594,0.0049412646,0.0065116244,0.0049412646,0.006976734,0.00800899,0.006976734,0.00800899,0.00800899,0.007475065,0.0049412646,0.0049412646,0.00800899,0.0056723594,0.005294207,0.00800899,0.0049412646,0.006976734,0.0049412646,0.006976734,0.005294207,0.0049412646,0.007475065,0.007475065,0.0056723594,0.0060775224,0.0049412646,0.00800899,0.005294207,0.0056723594,0.0056723594,0.0049412646,0.0065116244,0.0060775224,0.00800899,0.0056723594,0.005294207,0.00800899,0.005294207,0.0056723594,0.0049412646,0.0056723594,0.007475065,0.005294207,0.0060775224,0.0049412646,0.0060775224,0.00800899,0.0049412646,0.0049412646,0.005294207,0.007475065,0.0060775224,0.0060775224,0.006976734,0.0049412646,0.00800899,0.00800899,0.0060775224,0.0049412646,0.006976734,0.0065116244,0.00800899,0.007475065,0.006976734,0.0060775224,0.005294207,0.0065116244,0.00800899,0.0065116244,0.0065116244,0.0049412646,0.00800899,0.007475065,0.006976734,0.0065116244,0.0049412646,0.006976734,0.0060775224,0.006976734,0.0049412646,0.0065116244,0.0049412646,0.0049412646,0.005294207,0.0049412646,0.0065116244,0.005294207,0.005294207,0.0060775224,0.006976734,0.00800899,0.0049412646,0.0049412646,0.0060775224,0.007475065,0.007475065,0.0065116244,0.0065116244,0.0049412646,0.005294207,0.0049412646,0.00800899,0.005294207,0.0060775224,0.0065116244,0.0060775224,0.006976734,0.0049412646,0.0056723594,0.005294207,0.0049412646,0.00800899,0.005294207,0.0056723594,0.006976734,0.0065116244,0.00800899,0.0065116244,0.0060775224,0.0060775224,0.0056723594,0.0049412646,1,4
0.005008152,0.005008152,0.006159791,0.008117404,0.005008152,0.0057491427,0.005008152,0.007071174,0.007576251,0.008117404,0.0057491427,0.0053658723,0.0053658723,0.007576251,0.008117404,0.0053658723,0.0057491427,0.006159791,0.008117404,0.005008152,0.006599769,0.007576251,0.006159791,0.006599769,0.006599769,0.0057491427,0.0057491427,0.006599769,0.007576251,0.005008152,0.007576251,0.006599769,0.0057491427,0.007576251,0.008117404,0.0057491427,0.0057491427,0.0057491427,0.005008152,0.0057491427,0.005008152,0.006599769,0.007071174,0.006159791,0.008117404,0.005008152,0.0053658723,0.0057491427,0.0057491427,0.007071174,0.0057491427,0.0057491427,0.006599769,0.007071174,0.0057491427,0.005008152,0.0053658723,0.0053658723,0.006599769,0.0053658723,0.007071174,0.0053658723,0.006159791,0.006159791,0.007071174,0.006159791,0.006159791,0.005008152,0.007071174,0.0057491427,0.005008152,0.005008152,0.0057491427,0.0053658723,0.008117404,0.005008152,0.0053658723,0.0053658723,0.008117404,0.0057491427,0.005008152,0.005008152,0.008117404,0.008117404,0.007071174,0.005008152,0.0053658723,0.006159791,0.006599769,0.006599769,0.006599769,0.005008152,0.0057491427,0.006159791,0.006599769,0.005008152,0.005008152,0.007576251,0.008117404,0.007576251,0.0057491427,0.006599769,0.005008152,0.006599769,0.006159791,0.005008152,0.0057491427,0.008117404,0.007071174,0.008117404,0.005008152,0.005008152,0.0057491427,0.007576251,0.007576251,0.006599769,0.006599769,0.005008152,0.006599769,0.005008152,0.0053658723,0.0053658723,0.005008152,0.008117404,0.006599769,0.005008152,0.008117404,0.007071174,0.008117404,0.007576251,0.0053658723,0.0057491427,0.007576251,0.007576251,0.0053658723,0.006159791,0.005008152,0.005008152,0.006599769,0.0057491427,0.005008152,0.0057491427,0.007071174,0.0057491427,0.007071174,0.0057491427,0.006599769,0.008117404,0.008117404,0.008117404,0.005008152,0.0057491427,0.007071174,0.007576251,0.005008152,0.006159791,0.005008152,0.007071174,0.006159791,0.0053658723,3,3
0.0069195074,0.007943297,0.0060276715,0.0060276715,0.007943297,0.006458213,0.005625832,0.0049007344,0.0049007344,0.007943297,0.006458213,0.0060276715,0.0049007344,0.0060276715,0.007943297,0.0069195074,0.006458213,0.0060276715,0.0049007344,0.0069195074,0.0060276715,0.0060276715,0.005250782,0.0049007344,0.0049007344,0.007413751,0.005625832,0.006458213,0.0049007344,0.007943297,0.007943297,0.005625832,0.0049007344,0.0069195074,0.007943297,0.007413751,0.006458213,0.005625832,0.006458213,0.007943297,0.005250782,0.006458213,0.007943297,0.0069195074,0.007943297,0.007943297,0.0060276715,0.005250782,0.0049007344,0.0060276715,0.007943297,0.006458213,0.005625832,0.0049007344,0.007943297,0.0049007344,0.006458213,0.0049007344,0.0049007344,0.0060276715,0.007943297,0.006458213,0.005250782,0.005250782,0.007943297,0.006458213,0.007413751,0.0060276715,0.0049007344,0.0049007344,0.006458213,0.007413751,0.0049007344,0.005250782,0.007413751,0.007943297,0.006458213,0.0049007344,0.0049007344,0.0049007344,0.0049007344,0.007413751,0.007413751,0.0049007344,0.0060276715,0.0049007344,0.0049007344,0.0049007344,0.0069195074,0.0060276715,0.0060276715,0.0069195074,0.0049007344,0.007943297,0.007943297,0.0069195074,0.0049007344,0.006458213,0.005250782,0.007943297,0.007943297,0.007413751,0.005625832,0.0049007344,0.007413751,0.007943297,0.007943297,0.0049007344,0.0049007344,0.007943297,0.007943297,0.007943297,0.006458213,0.0049007344,0.0069195074,0.0069195074,0.0069195074,0.0049007344,0.005250782,0.0049007344,0.005625832,0.0060276715,0.0049007344,0.0049007344,0.005250782,0.0069195074,0.0049007344,0.005625832,0.007413751,0.0049007344,0.007943297,0.006458213,0.0049007344,0.0049007344,0.006458213,0.007413751,0.0060276715,0.006458213,0.0060276715,0.007943297,0.005250782,0.0060276715,0.006458213,0.0069195074,0.0069195074,0.006458213,0.007413751,0.0049007344,0.0049007344,0.0069195074,0.0069195074,0.005625832,0.0049007344,0.0060276715,0.007943297,0.007943297,0.0060276715,0.0049007344,0.005250782,0.0060276715,1,0
0.0075308993,0.0075308993,0.0075308993,0.0075308993,0.005714729,0.005714729,0.0075308993,0.0065602623,0.0075308993,0.0065602623,0.0061229174,0.005714729,0.0046462994,0.0046462994,0.0046462994,0.0061229174,0.0065602623,0.0065602623,0.0075308993,0.0061229174,0.007028846,0.007028846,0.005714729,0.005714729,0.0046462994,0.0053337514,0.0053337514,0.0061229174,0.0065602623,0.0061229174,0.0061229174,0.005714729,0.0075308993,0.0065602623,0.0046462994,0.0065602623,0.0053337514,0.0061229174,0.0049781734,0.0065602623,0.0046462994,0.0075308993,0.0075308993,0.0075308993,0.0075308993,0.005714729,0.0053337514,0.0075308993,0.0075308993,0.0061229174,0.0053337514,0.0075308993,0.0075308993,0.0075308993,0.0046462994,0.0075308993,0.0065602623,0.0075308993,0.0075308993,0.005714729,0.0053337514,0.0061229174,0.0046462994,0.0046462994,0.0075308993,0.0053337514,0.0061229174,0.0053337514,0.005714729,0.005714729,0.0061229174,0.0075308993,0.0046462994,0.0053337514,0.0046462994,0.0075308993,0.0061229174,0.0075308993,0.0075308993,0.0075308993,0.0065602623,0.0046462994,0.0046462994,0.0046462994,0.0046462994,0.0075308993,0.0075308993,0.0075308993,0.005714729,0.0075308993,0.0075308993,0.0065602623,0.0075308993,0.0046462994,0.0075308993,0.0075308993,0.0075308993,0.0046462994,0.0061229174,0.0046462994,0.005714729,0.0075308993,0.0065602623,0.0049781734,0.0065602623,0.0046462994,0.005714729,0.0061229174,0.0046462994,0.005714729,0.007028846,0.0075308993,0.0053337514,0.0075308993,0.0065602623,0.0049781734,0.0065602623,0.0075308993,0.007028846,0.0053337514,0.007028846,0.005714729,0.0075308993,0.0075308993,0.005714729,0.0075308993,0.0061229174,0.0046462994,0.0046462994,0.0061229174,0.0065602623,0.0053337514,0.0065602623,0.007028846,0.0061229174,0.0065602623,0.0049781734,0.0046462994,0.0061229174,0.0053337514,0.0053337514,0.0065602623,0.005714729,0.0046462994,0.0065602623,0.0053337514,0.0075308993,0.0075308993,0.0075308993,0.0046462994,0.0049781734,0.0053337514,0.007028846,0.0075308993,0.007028846,0.0046462994,0.0075308993,0.0061229174,0.0065602623,0.0075308993,0,1
0.0062521202,0.0062521202,0.007689812,0.007689812,0.004744343,0.0062521202,0.007689812,0.005835318,0.0066986936,0.00508322,0.007177165,0.0066986936,0.004744343,0.004744343,0.004744343,0.007177165,0.0062521202,0.005835318,0.007689812,0.005446302,0.007689812,0.007177165,0.004744343,0.005446302,0.004744343,0.0066986936,0.005446302,0.00508322,0.0066986936,0.0066986936,0.0066986936,0.0062521202,0.007689812,0.007177165,0.004744343,0.0062521202,0.0062521202,0.0062521202,0.004744343,0.007177165,0.004744343,0.0062521202,0.0062521202,0.005446302,0.007177165,0.007177165,0.0066986936,0.007689812,0.007689812,0.0066986936,0.005446302,0.007177165,0.007689812,0.007689812,0.004744343,0.007689812,0.0062521202,0.007689812,0.007689812,0.007177165,0.007689812,0.0062521202,0.005446302,0.00508322,0.007689812,0.00508322,0.005835318,0.004744343,0.005446302,0.005446302,0.007689812,0.007689812,0.005446302,0.00508322,0.004744343,0.007689812,0.0062521202,0.007689812,0.007689812,0.007689812,0.00508322,0.004744343,0.007689812,0.005835318,0.0062521202,0.004744343,0.004744343,0.0066986936,0.005446302,0.005835318,0.007689812,0.0066986936,0.007689812,0.004744343,0.007689812,0.004744343,0.00508322,0.00508322,0.005835318,0.005446302,0.007689812,0.0066986936,0.004744343,0.004744343,0.00508322,0.004744343,0.005835318,0.005835318,0.004744343,0.0066986936,0.007177165,0.007689812,0.004744343,0.0066986936,0.007177165,0.005446302,0.0066986936,0.007689812,0.007689812,0.005446302,0.005835318,0.005835318,0.007689812,0.007689812,0.00508322,0.007689812,0.0066986936,0.005835318,0.0066986936,0.007177165,0.00508322,0.0062521202,0.0062521202,0.0066986936,0.004744343,0.007177165,0.0062521202,0.004744343,0.0062521202,0.0066986936,0.005446302,0.0062521202,0.004744343,0.004744343,0.005835318,0.00508322,0.007689812,0.007689812,0.007689812,0.004744343,0.007177165,0.0062521202,0.007177165,0.007177165,0.004744343,0.007177165,0.005835318,0.0066986936,0.005835318,0.004744343,2,1
0.006144668,0.0057350295,0.0075576515,0.0075576515,0.004662805,0.0049958574,0.007053815,0.006583567,0.007053815,0.0075576515,0.006144668,0.0057350295,0.004662805,0.004662805,0.0075576515,0.0075576515,0.006583567,0.004662805,0.007053815,0.006144668,0.0075576515,0.007053815,0.004662805,0.004662805,0.004662805,0.0075576515,0.0057350295,0.004662805,0.0049958574,0.0053526987,0.006583567,0.006583567,0.006144668,0.0057350295,0.004662805,0.007053815,0.0053526987,0.0075576515,0.004662805,0.006144668,0.0053526987,0.006583567,0.0075576515,0.0053526987,0.0075576515,0.006583567,0.006144668,0.0075576515,0.0075576515,0.006583567,0.0057350295,0.0057350295,0.0057350295,0.006144668,0.0053526987,0.0075576515,0.004662805,0.0075576515,0.006144668,0.006144668,0.006583567,0.0057350295,0.006144668,0.0053526987,0.0075576515,0.0049958574,0.0057350295,0.004662805,0.0053526987,0.0075576515,0.007053815,0.0075576515,0.0049958574,0.0049958574,0.006583567,0.0075576515,0.006144668,0.007053815,0.007053815,0.006144668,0.0053526987,0.0057350295,0.0075576515,0.006144668,0.006583567,0.0075576515,0.007053815,0.0075576515,0.007053815,0.004662805,0.006144668,0.006583567,0.0075576515,0.004662805,0.0075576515,0.0075576515,0.0053526987,0.0053526987,0.006583567,0.0049958574,0.0075576515,0.006583567,0.0049958574,0.004662805,0.006144668,0.006583567,0.0053526987,0.0053526987,0.004662805,0.0075576515,0.006583567,0.0075576515,0.004662805,0.006583567,0.007053815,0.0049958574,0.006583567,0.0075576515,0.006583567,0.004662805,0.006583567,0.006583567,0.0075576515,0.0075576515,0.007053815,0.006144668,0.006583567,0.0057350295,0.006583567,0.006583567,0.0075576515,0.006583567,0.0057350295,0.007053815,0.0053526987,0.0057350295,0.006144668,0.004662805,0.006583567,0.0053526987,0.0075576515,0.006583567,0.004662805,0.004662805,0.006583567,0.006144668,0.0075576515,0.0075576515,0.0075576515,0.006144668,0.0075576515,0.0053526987,0.006144668,0.006583567,0.0053526987,0.0075576515,0.0057350295,0.006144668,0.0057350295,0.0057350295,2,0
0.004789252,0.006311301,0.005890554,0.007762602,0.004789252,0.006762102,0.007762602,0.006762102,0.006762102,0.005890554,0.006311301,0.005890554,0.004789252,0.007762602,0.006762102,0.006762102,0.0072451024,0.006311301,0.007762602,0.005497855,0.0072451024,0.0072451024,0.005890554,0.005497855,0.004789252,0.006311301,0.006762102,0.006311301,0.0051313364,0.007762602,0.007762602,0.005497855,0.005497855,0.006762102,0.0072451024,0.0051313364,0.004789252,0.005497855,0.004789252,0.005497855,0.004789252,0.006762102,0.007762602,0.006762102,0.007762602,0.004789252,0.0051313364,0.006311301,0.007762602,0.006311301,0.005497855,0.004789252,0.006762102,0.0072451024,0.006311301,0.0051313364,0.005890554,0.006762102,0.006762102,0.004789252,0.007762602,0.005497855,0.006762102,0.005497855,0.007762602,0.005497855,0.005890554,0.0051313364,0.0072451024,0.006762102,0.005497855,0.007762602,0.005497855,0.0051313364,0.005890554,0.004789252,0.005497855,0.007762602,0.005497855,0.0051313364,0.0051313364,0.004789252,0.007762602,0.007762602,0.006311301,0.004789252,0.0051313364,0.005890554,0.0072451024,0.005890554,0.005890554,0.006311301,0.0051313364,0.0051313364,0.007762602,0.005497855,0.004789252,0.006311301,0.006762102,0.0072451024,0.006762102,0.005890554,0.007762602,0.006311301,0.0072451024,0.004789252,0.005497855,0.004789252,0.007762602,0.006762102,0.006311301,0.007762602,0.005497855,0.007762602,0.006311301,0.005890554,0.006762102,0.006311301,0.005890554,0.004789252,0.004789252,0.0051313364,0.007762602,0.007762602,0.005890554,0.006311301,0.0072451024,0.006311301,0.007762602,0.006311301,0.006762102,0.005497855,0.005890554,0.006762102,0.007762602,0.006762102,0.006311301,0.004789252,0.006762102,0.006311301,0.005890554,0.005890554,0.005890554,0.006311301,0.006311301,0.005497855,0.007762602,0.007762602,0.007762602,0.004789252,0.0051313364,0.005497855,0.006762102,0.0072451024,0.006762102,0.007762602,0.006762102,0.005890554,0.005890554,0.004789252,3,3
0.006255935,0.007694504,0.007694504,0.007694504,0.004747238,0.0071815443,0.007694504,0.0067027807,0.0071815443,0.0054496247,0.0071815443,0.0067027807,0.004747238,0.004747238,0.0054496247,0.007694504,0.0071815443,0.0050863214,0.007694504,0.0067027807,0.007694504,0.0071815443,0.004747238,0.0050863214,0.004747238,0.007694504,0.0054496247,0.004747238,0.0050863214,0.0067027807,0.0058388785,0.0058388785,0.007694504,0.006255935,0.004747238,0.0058388785,0.006255935,0.006255935,0.0050863214,0.007694504,0.004747238,0.006255935,0.006255935,0.0054496247,0.0071815443,0.006255935,0.0054496247,0.0058388785,0.007694504,0.007694504,0.0058388785,0.007694504,0.0054496247,0.0067027807,0.004747238,0.0058388785,0.004747238,0.007694504,0.006255935,0.0050863214,0.0071815443,0.0058388785,0.0054496247,0.0054496247,0.007694504,0.0050863214,0.006255935,0.0054496247,0.006255935,0.0067027807,0.007694504,0.007694504,0.0054496247,0.0054496247,0.004747238,0.007694504,0.0054496247,0.0071815443,0.006255935,0.006255935,0.004747238,0.004747238,0.007694504,0.007694504,0.007694504,0.004747238,0.0054496247,0.007694504,0.0071815443,0.004747238,0.006255935,0.0067027807,0.007694504,0.004747238,0.007694504,0.0054496247,0.0050863214,0.0054496247,0.0067027807,0.0058388785,0.007694504,0.0067027807,0.004747238,0.004747238,0.0054496247,0.004747238,0.0058388785,0.004747238,0.004747238,0.007694504,0.0071815443,0.007694504,0.004747238,0.0067027807,0.0067027807,0.0067027807,0.006255935,0.007694504,0.007694504,0.0054496247,0.0054496247,0.0058388785,0.007694504,0.007694504,0.0054496247,0.006255935,0.0071815443,0.006255935,0.0071815443,0.006255935,0.007694504,0.0054496247,0.0067027807,0.0067027807,0.0067027807,0.0067027807,0.0058388785,0.004747238,0.0067027807,0.0054496247,0.0054496247,0.0058388785,0.0050863214,0.0050863214,0.0071815443,0.006255935,0.007694504,0.007694504,0.007694504,0.004747238,0.0050863214,0.0054496247,0.0067027807,0.0071815443,0.0067027807,0.007694504,0.006255935,0.0058388785,0.0054496247,0.004747238,1,0
0.007944284,0.005251434,0.007944284,0.007944284,0.004901343,0.007944284,0.0064590154,0.004901343,0.004901343,0.004901343,0.006920367,0.0060284208,0.004901343,0.007944284,0.007944284,0.007944284,0.007414672,0.0064590154,0.004901343,0.004901343,0.007944284,0.004901343,0.0060284208,0.005251434,0.004901343,0.007944284,0.005626531,0.005626531,0.004901343,0.007944284,0.007414672,0.0064590154,0.004901343,0.005251434,0.007944284,0.005251434,0.005626531,0.006920367,0.0060284208,0.005626531,0.005251434,0.006920367,0.0060284208,0.005626531,0.007944284,0.0064590154,0.0060284208,0.004901343,0.004901343,0.007414672,0.007944284,0.005626531,0.006920367,0.004901343,0.007944284,0.004901343,0.0064590154,0.004901343,0.004901343,0.004901343,0.007944284,0.0064590154,0.005251434,0.005251434,0.007414672,0.007944284,0.007944284,0.004901343,0.004901343,0.004901343,0.007944284,0.007944284,0.004901343,0.005251434,0.004901343,0.0060284208,0.0064590154,0.004901343,0.0060284208,0.004901343,0.004901343,0.007944284,0.007944284,0.005251434,0.007944284,0.004901343,0.005251434,0.005251434,0.0060284208,0.0060284208,0.0064590154,0.006920367,0.004901343,0.007944284,0.007944284,0.0064590154,0.004901343,0.006920367,0.005251434,0.007944284,0.007944284,0.007414672,0.004901343,0.004901343,0.006920367,0.007944284,0.007944284,0.004901343,0.004901343,0.007944284,0.007944284,0.0064590154,0.0060284208,0.004901343,0.006920367,0.0060284208,0.006920367,0.0064590154,0.005251434,0.005251434,0.0064590154,0.0060284208,0.006920367,0.004901343,0.004901343,0.0064590154,0.007414672,0.0064590154,0.007944284,0.004901343,0.007944284,0.007414672,0.004901343,0.004901343,0.004901343,0.007944284,0.004901343,0.006920367,0.0064590154,0.0064590154,0.006920367,0.0064590154,0.005626531,0.0060284208,0.0064590154,0.007944284,0.004901343,0.007944284,0.007944284,0.004901343,0.0060284208,0.005626531,0.004901343,0.0060284208,0.007944284,0.007944284,0.0064590154,0.004901343,0.004901343,0.0060284208,0,0
0.004928207,0.004928207,0.007987826,0.007987826,0.004928207,0.005280217,0.0069582975,0.0069582975,0.0074553117,0.007987826,0.0056573697,0.005280217,0.0069582975,0.004928207,0.007987826,0.006061462,0.004928207,0.0069582975,0.007987826,0.004928207,0.005280217,0.0069582975,0.006494417,0.006494417,0.004928207,0.0056573697,0.0056573697,0.006494417,0.0056573697,0.0056573697,0.006494417,0.006061462,0.007987826,0.0074553117,0.0074553117,0.0056573697,0.004928207,0.007987826,0.004928207,0.006061462,0.004928207,0.0069582975,0.0074553117,0.0056573697,0.007987826,0.004928207,0.004928207,0.007987826,0.005280217,0.006494417,0.0056573697,0.006494417,0.007987826,0.004928207,0.0056573697,0.004928207,0.004928207,0.007987826,0.0056573697,0.0069582975,0.006061462,0.006061462,0.0074553117,0.004928207,0.007987826,0.006494417,0.0056573697,0.005280217,0.004928207,0.0056573697,0.004928207,0.004928207,0.0056573697,0.0056573697,0.007987826,0.004928207,0.005280217,0.006494417,0.005280217,0.004928207,0.004928207,0.004928207,0.007987826,0.007987826,0.007987826,0.005280217,0.006061462,0.007987826,0.0069582975,0.0056573697,0.006061462,0.0069582975,0.007987826,0.004928207,0.007987826,0.004928207,0.004928207,0.007987826,0.006061462,0.0069582975,0.006494417,0.006494417,0.0074553117,0.005280217,0.007987826,0.004928207,0.0056573697,0.007987826,0.0056573697,0.007987826,0.004928207,0.004928207,0.006494417,0.004928207,0.006061462,0.006061462,0.006061462,0.007987826,0.004928207,0.004928207,0.006061462,0.0056573697,0.007987826,0.007987826,0.0056573697,0.004928207,0.0074553117,0.0069582975,0.007987826,0.006494417,0.006494417,0.0056573697,0.0074553117,0.0074553117,0.0056573697,0.0056573697,0.0056573697,0.004928207,0.006494417,0.0056573697,0.004928207,0.005280217,0.0074553117,0.004928207,0.006061462,0.005280217,0.007987826,0.007987826,0.007987826,0.007987826,0.0056573697,0.0056573697,0.0074553117,0.007987826,0.004928207,0.005280217,0.004928207,0.0074553117,0.005280217,0.0056573697,2,2
0.006380225,0.006380225,0.007847375,0.007847375,0.004841554,0.005187374,0.007847375,0.0068359487,0.0068359487,0.007847375,0.0055578956,0.0055578956,0.0055578956,0.004841554,0.007847375,0.0055578956,0.004841554,0.0068359487,0.007847375,0.0059548826,0.007324224,0.007324224,0.0055578956,0.006380225,0.004841554,0.005187374,0.0068359487,0.0059548826,0.0059548826,0.004841554,0.007324224,0.0068359487,0.0055578956,0.0068359487,0.007324224,0.004841554,0.004841554,0.007847375,0.005187374,0.0055578956,0.004841554,0.0068359487,0.007847375,0.0059548826,0.007847375,0.004841554,0.004841554,0.007847375,0.0059548826,0.0059548826,0.0055578956,0.004841554,0.007847375,0.0055578956,0.0055578956,0.004841554,0.004841554,0.007847375,0.0059548826,0.0055578956,0.0055578956,0.0059548826,0.006380225,0.004841554,0.0055578956,0.005187374,0.0055578956,0.005187374,0.006380225,0.0055578956,0.0068359487,0.007324224,0.005187374,0.005187374,0.007847375,0.0055578956,0.005187374,0.007847375,0.0059548826,0.004841554,0.006380225,0.006380225,0.007847375,0.007847375,0.007324224,0.004841554,0.0055578956,0.007847375,0.007847375,0.0059548826,0.007847375,0.0055578956,0.007847375,0.004841554,0.007847375,0.0059548826,0.004841554,0.007847375,0.0059548826,0.0068359487,0.007324224,0.007324224,0.007847375,0.006380225,0.0055578956,0.0055578956,0.0055578956,0.007324224,0.005187374,0.007847375,0.005187374,0.004841554,0.007324224,0.007847375,0.0068359487,0.0059548826,0.0068359487,0.007847375,0.0055578956,0.005187374,0.005187374,0.005187374,0.007847375,0.007847375,0.005187374,0.0059548826,0.0068359487,0.0059548826,0.0068359487,0.006380225,0.004841554,0.0055578956,0.007324224,0.007324224,0.004841554,0.006380225,0.0059548826,0.0059548826,0.006380225,0.006380225,0.005187374,0.006380225,0.006380225,0.0055578956,0.0055578956,0.005187374,0.007847375,0.007847375,0.007847375,0.005187374,0.004841554,0.0055578956,0.006380225,0.0068359487,0.005187374,0.007847375,0.0068359487,0.006380225,0.0055578956,0.005187374,2,3
0.0061070444,0.0075113755,0.004965267,0.004965267,0.008047895,0.007010624,0.008047895,0.004965267,0.004965267,0.008047895,0.007010624,0.0061070444,0.004965267,0.008047895,0.008047895,0.005319924,0.0075113755,0.0061070444,0.005699913,0.007010624,0.004965267,0.0075113755,0.005699913,0.004965267,0.0075113755,0.008047895,0.0061070444,0.005699913,0.004965267,0.008047895,0.007010624,0.006543255,0.004965267,0.0075113755,0.008047895,0.005699913,0.0061070444,0.007010624,0.0061070444,0.0061070444,0.004965267,0.006543255,0.007010624,0.005699913,0.008047895,0.008047895,0.006543255,0.004965267,0.004965267,0.008047895,0.005699913,0.005699913,0.006543255,0.004965267,0.006543255,0.004965267,0.006543255,0.005319924,0.004965267,0.004965267,0.007010624,0.007010624,0.004965267,0.005699913,0.0075113755,0.007010624,0.008047895,0.005319924,0.004965267,0.004965267,0.005699913,0.005699913,0.004965267,0.005319924,0.008047895,0.005699913,0.006543255,0.004965267,0.006543255,0.004965267,0.005319924,0.008047895,0.006543255,0.004965267,0.008047895,0.004965267,0.005699913,0.005699913,0.0061070444,0.0061070444,0.0061070444,0.007010624,0.004965267,0.008047895,0.008047895,0.0061070444,0.004965267,0.006543255,0.005319924,0.008047895,0.0075113755,0.0075113755,0.004965267,0.005319924,0.0061070444,0.008047895,0.008047895,0.004965267,0.004965267,0.008047895,0.008047895,0.006543255,0.0061070444,0.005699913,0.006543255,0.0061070444,0.007010624,0.006543255,0.005319924,0.004965267,0.0061070444,0.005319924,0.007010624,0.004965267,0.005319924,0.004965267,0.008047895,0.005319924,0.008047895,0.005699913,0.0075113755,0.008047895,0.004965267,0.005319924,0.0061070444,0.0061070444,0.004965267,0.004965267,0.004965267,0.006543255,0.0061070444,0.007010624,0.0061070444,0.005699913,0.008047895,0.005699913,0.005319924,0.004965267,0.004965267,0.007010624,0.006543255,0.005699913,0.004965267,0.005699913,0.008047895,0.0075113755,0.0061070444,0.006543255,0.006543255,0.004965267,4,4
0.0062044663,0.0071224608,0.0076312004,0.0076312004,0.0050444757,0.0071224608,0.0076312004,0.006647636,0.0071224608,0.00540479,0.0062044663,0.0057908413,0.0047081816,0.0047081816,0.0057908413,0.0076312004,0.0062044663,0.00540479,0.0076312004,0.0057908413,0.0076312004,0.0071224608,0.0047081816,0.0047081816,0.0047081816,0.0076312004,0.00540479,0.00540479,0.0047081816,0.0076312004,0.0076312004,0.0057908413,0.0076312004,0.0062044663,0.0047081816,0.0076312004,0.0057908413,0.0062044663,0.0047081816,0.0076312004,0.0062044663,0.006647636,0.0076312004,0.0071224608,0.0047081816,0.0076312004,0.00540479,0.00540479,0.0057908413,0.0076312004,0.0076312004,0.0071224608,0.0057908413,0.0071224608,0.0050444757,0.0076312004,0.0057908413,0.0076312004,0.0076312004,0.006647636,0.0076312004,0.0057908413,0.0050444757,0.0050444757,0.0076312004,0.0057908413,0.0062044663,0.0050444757,0.00540479,0.006647636,0.0076312004,0.0076312004,0.0047081816,0.0050444757,0.00540479,0.0076312004,0.0057908413,0.0050444757,0.00540479,0.0057908413,0.0076312004,0.0047081816,0.0047081816,0.0047081816,0.0047081816,0.0076312004,0.00540479,0.0076312004,0.0050444757,0.00540479,0.0076312004,0.006647636,0.0076312004,0.0047081816,0.0076312004,0.0076312004,0.0071224608,0.0047081816,0.00540479,0.0047081816,0.0071224608,0.0062044663,0.006647636,0.0057908413,0.0062044663,0.0047081816,0.00540479,0.0050444757,0.0047081816,0.0076312004,0.0071224608,0.0076312004,0.0047081816,0.0071224608,0.0057908413,0.0076312004,0.0050444757,0.0047081816,0.0057908413,0.0047081816,0.0076312004,0.0071224608,0.006647636,0.0076312004,0.0076312004,0.0071224608,0.0071224608,0.0057908413,0.006647636,0.0062044663,0.0076312004,0.00540479,0.00540479,0.0057908413,0.0076312004,0.0076312004,0.0057908413,0.0047081816,0.0057908413,0.0057908413,0.0057908413,0.006647636,0.0050444757,0.0047081816,0.00540479,0.0076312004,0.0076312004,0.0076312004,0.0057908413,0.0047081816,0.0076312004,0.00540479,0.0057908413,0.0062044663,0.0076312004,0.0076312004,0.0062044663,0.0062044663,0.0057908413,0.0047081816,2,0
0.0076156477,0.0076156477,0.0076156477,0.0076156477,0.004698586,0.0071079447,0.0076156477,0.0061918213,0.0071079447,0.004698586,0.0071079447,0.0061918213,0.004698586,0.004698586,0.004698586,0.005779039,0.0061918213,0.0061918213,0.0076156477,0.005779039,0.0071079447,0.0071079447,0.005034195,0.005034195,0.004698586,0.005034195,0.0061918213,0.0061918213,0.0061918213,0.004698586,0.0061918213,0.005779039,0.0076156477,0.0061918213,0.004698586,0.005779039,0.0061918213,0.0053937747,0.004698586,0.0061918213,0.004698586,0.0076156477,0.0076156477,0.0076156477,0.0053937747,0.0076156477,0.0071079447,0.0076156477,0.0076156477,0.0071079447,0.0053937747,0.0076156477,0.0071079447,0.0076156477,0.004698586,0.0076156477,0.006634088,0.0076156477,0.0076156477,0.005779039,0.0053937747,0.005034195,0.004698586,0.004698586,0.0076156477,0.0061918213,0.0061918213,0.005034195,0.005779039,0.005779039,0.0061918213,0.0076156477,0.004698586,0.0053937747,0.004698586,0.0076156477,0.0061918213,0.0076156477,0.0076156477,0.0076156477,0.0076156477,0.004698586,0.004698586,0.004698586,0.004698586,0.006634088,0.0076156477,0.0076156477,0.005779039,0.0076156477,0.0071079447,0.006634088,0.0076156477,0.004698586,0.0076156477,0.0071079447,0.0076156477,0.0053937747,0.0061918213,0.004698586,0.005034195,0.0071079447,0.006634088,0.005034195,0.0061918213,0.004698586,0.0061918213,0.005779039,0.004698586,0.005034195,0.0061918213,0.0076156477,0.0053937747,0.006634088,0.0071079447,0.004698586,0.006634088,0.0076156477,0.0076156477,0.006634088,0.0076156477,0.0071079447,0.0076156477,0.0076156477,0.0071079447,0.0071079447,0.006634088,0.005034195,0.005034195,0.0061918213,0.0071079447,0.0053937747,0.0053937747,0.0061918213,0.0061918213,0.0053937747,0.004698586,0.004698586,0.0061918213,0.0053937747,0.005779039,0.006634088,0.005034195,0.004698586,0.005779039,0.0061918213,0.0076156477,0.0076156477,0.0076156477,0.004698586,0.004698586,0.005779039,0.0076156477,0.0076156477,0.0061918213,0.004698586,0.006634088,0.0076156477,0.0076156477,0.005034195,0,3
0.004863101,0.0052104606,0.005981385,0.0078823,0.004863101,0.0052104606,0.0078823,0.006866372,0.0078823,0.0078823,0.0055826306,0.0052104606,0.004863101,0.006866372,0.0078823,0.006866372,0.004863101,0.00640862,0.00735682,0.004863101,0.00735682,0.00735682,0.0055826306,0.005981385,0.004863101,0.00735682,0.0055826306,0.005981385,0.005981385,0.0052104606,0.00735682,0.0055826306,0.004863101,0.0055826306,0.0078823,0.0052104606,0.005981385,0.0052104606,0.004863101,0.0055826306,0.0055826306,0.00735682,0.0078823,0.005981385,0.0078823,0.0055826306,0.0055826306,0.0055826306,0.0078823,0.00640862,0.005981385,0.005981385,0.0078823,0.0078823,0.0055826306,0.0052104606,0.005981385,0.0055826306,0.005981385,0.0052104606,0.006866372,0.005981385,0.005981385,0.0055826306,0.006866372,0.005981385,0.0055826306,0.0052104606,0.006866372,0.00640862,0.004863101,0.00735682,0.0052104606,0.0052104606,0.0078823,0.0052104606,0.0052104606,0.0052104606,0.00735682,0.0055826306,0.005981385,0.00640862,0.0078823,0.0078823,0.0078823,0.004863101,0.0052104606,0.0052104606,0.00640862,0.005981385,0.005981385,0.00640862,0.0052104606,0.005981385,0.0078823,0.004863101,0.004863101,0.006866372,0.006866372,0.006866372,0.006866372,0.006866372,0.00735682,0.004863101,0.0078823,0.004863101,0.0055826306,0.004863101,0.006866372,0.006866372,0.006866372,0.0078823,0.0055826306,0.0078823,0.00640862,0.005981385,0.006866372,0.0078823,0.005981385,0.004863101,0.004863101,0.0052104606,0.005981385,0.0078823,0.005981385,0.0052104606,0.006866372,0.00640862,0.0078823,0.00640862,0.00640862,0.0055826306,0.006866372,0.00735682,0.006866372,0.006866372,0.0055826306,0.0052104606,0.00735682,0.006866372,0.0055826306,0.0055826306,0.005981385,0.0055826306,0.00640862,0.0052104606,0.0078823,0.0078823,0.0078823,0.00735682,0.0055826306,0.0055826306,0.006866372,0.00735682,0.0055826306,0.00735682,0.005981385,0.0055826306,0.0055826306,0.004863101,3,3
0.0065724617,0.0075449036,0.0075449036,0.0075449036,0.0049874303,0.0070419167,0.0075449036,0.005725356,0.0065724617,0.005725356,0.0061343038,0.0061343038,0.0046549398,0.0046549398,0.005725356,0.0065724617,0.0070419167,0.0065724617,0.0075449036,0.0061343038,0.0070419167,0.0070419167,0.0061343038,0.0061343038,0.0046549398,0.0049874303,0.00534367,0.0061343038,0.0061343038,0.005725356,0.005725356,0.0061343038,0.0075449036,0.0065724617,0.0046549398,0.0065724617,0.0061343038,0.005725356,0.0046549398,0.0075449036,0.005725356,0.0075449036,0.0065724617,0.0070419167,0.0046549398,0.0075449036,0.0065724617,0.0075449036,0.0075449036,0.0070419167,0.00534367,0.0075449036,0.0075449036,0.0075449036,0.0046549398,0.0075449036,0.0065724617,0.0075449036,0.0075449036,0.0061343038,0.0061343038,0.005725356,0.0046549398,0.0049874303,0.0070419167,0.0049874303,0.0061343038,0.0046549398,0.00534367,0.005725356,0.0046549398,0.0075449036,0.0046549398,0.0049874303,0.0046549398,0.0075449036,0.0061343038,0.0075449036,0.0075449036,0.0075449036,0.0075449036,0.005725356,0.0046549398,0.0046549398,0.0046549398,0.0075449036,0.0075449036,0.0075449036,0.005725356,0.0075449036,0.0075449036,0.0065724617,0.0075449036,0.0046549398,0.0075449036,0.0075449036,0.0075449036,0.0046549398,0.0061343038,0.0046549398,0.005725356,0.0075449036,0.0065724617,0.0049874303,0.0065724617,0.0046549398,0.0061343038,0.00534367,0.0046549398,0.00534367,0.0061343038,0.0075449036,0.005725356,0.0075449036,0.0065724617,0.0046549398,0.0065724617,0.0075449036,0.0075449036,0.0046549398,0.0075449036,0.0065724617,0.0075449036,0.0075449036,0.005725356,0.0075449036,0.0070419167,0.0049874303,0.0049874303,0.0065724617,0.0065724617,0.00534367,0.0065724617,0.0070419167,0.0061343038,0.00534367,0.00534367,0.0046549398,0.0061343038,0.00534367,0.00534367,0.0065724617,0.005725356,0.0046549398,0.0070419167,0.005725356,0.0075449036,0.0075449036,0.0075449036,0.0046549398,0.0046549398,0.0061343038,0.0065724617,0.0075449036,0.0070419167,0.0075449036,0.0049874303,0.0061343038,0.005725356,0.0046549398,1,1
0.0049566575,0.0053106993,0.006096455,0.00803394,0.0049566575,0.0049566575,0.0056900294,0.007498351,0.007498351,0.00803394,0.0056900294,0.0053106993,0.0049566575,0.00803394,0.00803394,0.0049566575,0.0056900294,0.006096455,0.00803394,0.0049566575,0.006096455,0.007498351,0.006531909,0.006531909,0.0049566575,0.0049566575,0.0056900294,0.006531909,0.0069984673,0.0049566575,0.0049566575,0.006096455,0.0069984673,0.007498351,0.0053106993,0.0056900294,0.0056900294,0.0053106993,0.0056900294,0.0056900294,0.0049566575,0.007498351,0.007498351,0.0056900294,0.00803394,0.0053106993,0.0053106993,0.007498351,0.00803394,0.0069984673,0.0056900294,0.0056900294,0.006096455,0.00803394,0.0056900294,0.0049566575,0.0056900294,0.0049566575,0.0069984673,0.006096455,0.0056900294,0.0053106993,0.006096455,0.0069984673,0.006096455,0.0053106993,0.006531909,0.0053106993,0.007498351,0.0049566575,0.006531909,0.0053106993,0.0056900294,0.0053106993,0.00803394,0.0049566575,0.0053106993,0.0053106993,0.0069984673,0.0049566575,0.0049566575,0.0049566575,0.00803394,0.00803394,0.007498351,0.0049566575,0.0049566575,0.00803394,0.00803394,0.0049566575,0.006096455,0.0049566575,0.0053106993,0.00803394,0.0069984673,0.0053106993,0.0049566575,0.0069984673,0.00803394,0.007498351,0.0056900294,0.007498351,0.0053106993,0.0056900294,0.0056900294,0.0049566575,0.0056900294,0.006096455,0.0069984673,0.00803394,0.006096455,0.006096455,0.006531909,0.006531909,0.006531909,0.006096455,0.006096455,0.006531909,0.006531909,0.0049566575,0.0049566575,0.0053106993,0.00803394,0.00803394,0.006096455,0.0049566575,0.00803394,0.0069984673,0.007498351,0.007498351,0.0049566575,0.0056900294,0.007498351,0.007498351,0.0049566575,0.0056900294,0.0049566575,0.0049566575,0.006531909,0.0056900294,0.0069984673,0.006096455,0.007498351,0.0069984673,0.0056900294,0.0053106993,0.00803394,0.00803394,0.00803394,0.00803394,0.006531909,0.0056900294,0.0069984673,0.007498351,0.0049566575,0.0053106993,0.0049566575,0.0069984673,0.007498351,0.0053106993,3,3
0.0049127443,0.0052636494,0.007962763,0.007962763,0.0049127443,0.0052636494,0.006936465,0.006936465,0.007962763,0.007962763,0.0056396187,0.0052636494,0.00647404,0.0049127443,0.007962763,0.00647404,0.0052636494,0.006936465,0.007962763,0.0049127443,0.0056396187,0.00647404,0.0060424437,0.0049127443,0.0049127443,0.0052636494,0.0056396187,0.00647404,0.0052636494,0.0052636494,0.0060424437,0.00647404,0.007962763,0.0074319197,0.007962763,0.0056396187,0.0049127443,0.0074319197,0.0049127443,0.0056396187,0.0049127443,0.006936465,0.0074319197,0.00647404,0.007962763,0.0049127443,0.0049127443,0.007962763,0.0052636494,0.006936465,0.0060424437,0.0060424437,0.007962763,0.0049127443,0.0056396187,0.0049127443,0.0049127443,0.007962763,0.0060424437,0.0074319197,0.0060424437,0.0060424437,0.006936465,0.0049127443,0.007962763,0.00647404,0.0060424437,0.0052636494,0.0052636494,0.0060424437,0.0049127443,0.0049127443,0.0056396187,0.0052636494,0.007962763,0.0049127443,0.0052636494,0.006936465,0.0049127443,0.0049127443,0.0049127443,0.0049127443,0.007962763,0.007962763,0.007962763,0.0056396187,0.0060424437,0.007962763,0.006936465,0.0060424437,0.0060424437,0.00647404,0.007962763,0.0049127443,0.007962763,0.0049127443,0.0052636494,0.007962763,0.0060424437,0.007962763,0.00647404,0.0060424437,0.0074319197,0.0060424437,0.007962763,0.0049127443,0.0056396187,0.007962763,0.0052636494,0.007962763,0.0049127443,0.0052636494,0.0074319197,0.0056396187,0.00647404,0.0056396187,0.0060424437,0.007962763,0.0049127443,0.0052636494,0.0052636494,0.0052636494,0.007962763,0.007962763,0.0052636494,0.0049127443,0.0074319197,0.006936465,0.007962763,0.006936465,0.0060424437,0.0056396187,0.0074319197,0.0074319197,0.0056396187,0.0056396187,0.0056396187,0.0049127443,0.00647404,0.0056396187,0.0049127443,0.0060424437,0.0074319197,0.0049127443,0.0060424437,0.0052636494,0.007962763,0.007962763,0.007962763,0.007962763,0.0056396187,0.0056396187,0.0074319197,0.007962763,0.0049127443,0.0052636494,0.0049127443,0.0074319197,0.0052636494,0.0052636494,2,2
0.0059995344,0.0064280657,0.006887207,0.007906217,0.0052262708,0.007906217,0.0064280657,0.0048778574,0.0048778574,0.007906217,0.007379143,0.006887207,0.0048778574,0.0059995344,0.007906217,0.006887207,0.007379143,0.00559957,0.0048778574,0.0052262708,0.0059995344,0.00559957,0.0052262708,0.0048778574,0.0048778574,0.007906217,0.0059995344,0.0052262708,0.0048778574,0.007906217,0.007906217,0.0052262708,0.0048778574,0.0064280657,0.007906217,0.0064280657,0.0064280657,0.0064280657,0.0059995344,0.007379143,0.0048778574,0.0059995344,0.007906217,0.0059995344,0.007906217,0.007906217,0.0064280657,0.00559957,0.0048778574,0.0064280657,0.007906217,0.0059995344,0.007906217,0.0048778574,0.007906217,0.0048778574,0.006887207,0.0048778574,0.0048778574,0.00559957,0.007906217,0.0059995344,0.0064280657,0.0048778574,0.007379143,0.00559957,0.00559957,0.0059995344,0.007906217,0.0048778574,0.007379143,0.007906217,0.0052262708,0.0052262708,0.0064280657,0.007379143,0.0064280657,0.0048778574,0.0064280657,0.00559957,0.0052262708,0.006887207,0.00559957,0.0048778574,0.006887207,0.0048778574,0.0048778574,0.0052262708,0.006887207,0.0059995344,0.0059995344,0.006887207,0.0048778574,0.007906217,0.007906217,0.006887207,0.0048778574,0.006887207,0.0048778574,0.007906217,0.007379143,0.006887207,0.006887207,0.0064280657,0.006887207,0.007906217,0.007906217,0.00559957,0.0048778574,0.007906217,0.007906217,0.007906217,0.0059995344,0.0048778574,0.006887207,0.007906217,0.006887207,0.0048778574,0.0052262708,0.0048778574,0.00559957,0.0052262708,0.0048778574,0.0048778574,0.0052262708,0.0059995344,0.0059995344,0.00559957,0.007906217,0.0048778574,0.007906217,0.00559957,0.0048778574,0.0048778574,0.006887207,0.006887207,0.0064280657,0.006887207,0.0048778574,0.007906217,0.0064280657,0.006887207,0.0059995344,0.007379143,0.0064280657,0.006887207,0.00559957,0.0048778574,0.007906217,0.0048778574,0.006887207,0.00559957,0.0048778574,0.0059995344,0.007906217,0.007906217,0.0064280657,0.0048778574,0.00559957,0.0048778574,3,0
0.005277637,0.005654605,0.0060585,0.007983923,0.004925799,0.005277637,0.0060585,0.0074516684,0.007983923,0.007983923,0.0074516684,0.0060585,0.004925799,0.007983923,0.0074516684,0.006491244,0.0074516684,0.0060585,0.007983923,0.004925799,0.0060585,0.0074516684,0.0060585,0.006491244,0.005654605,0.005277637,0.005654605,0.006491244,0.0060585,0.004925799,0.0060585,0.005654605,0.005654605,0.0060585,0.007983923,0.0060585,0.0060585,0.004925799,0.007983923,0.006491244,0.004925799,0.006954897,0.006954897,0.005654605,0.007983923,0.007983923,0.0060585,0.005654605,0.007983923,0.0060585,0.006954897,0.0060585,0.005277637,0.007983923,0.0060585,0.004925799,0.005654605,0.005277637,0.0074516684,0.004925799,0.005654605,0.0060585,0.005277637,0.0060585,0.004925799,0.005277637,0.006491244,0.004925799,0.007983923,0.004925799,0.0060585,0.0060585,0.005654605,0.005277637,0.007983923,0.004925799,0.005277637,0.004925799,0.006491244,0.004925799,0.004925799,0.0060585,0.007983923,0.007983923,0.006954897,0.004925799,0.005277637,0.007983923,0.007983923,0.0060585,0.0060585,0.006491244,0.004925799,0.005654605,0.006954897,0.004925799,0.004925799,0.0060585,0.0074516684,0.007983923,0.0074516684,0.007983923,0.004925799,0.005277637,0.0060585,0.005277637,0.005654605,0.004925799,0.007983923,0.0074516684,0.0060585,0.005277637,0.0060585,0.0074516684,0.005654605,0.006491244,0.006491244,0.0060585,0.006491244,0.004925799,0.006491244,0.005277637,0.007983923,0.007983923,0.005654605,0.004925799,0.007983923,0.006954897,0.007983923,0.006954897,0.004925799,0.0060585,0.0074516684,0.0074516684,0.005277637,0.005654605,0.004925799,0.004925799,0.006491244,0.005654605,0.006954897,0.006491244,0.006491244,0.0060585,0.005654605,0.005277637,0.006491244,0.007983923,0.007983923,0.0060585,0.006491244,0.005654605,0.006954897,0.0074516684,0.004925799,0.005654605,0.004925799,0.005654605,0.006954897,0.004925799,3,3
0.005666792,0.0074677286,0.0049364152,0.00800113,0.00800113,0.005289011,0.0049364152,0.0049364152,0.0049364152,0.00800113,0.0069698864,0.005666792,0.0049364152,0.005289011,0.00800113,0.005666792,0.0065052337,0.0065052337,0.0049364152,0.0069698864,0.0049364152,0.0074677286,0.0065052337,0.005289011,0.0074677286,0.00800113,0.0065052337,0.005289011,0.0049364152,0.00800113,0.00800113,0.005666792,0.0049364152,0.0069698864,0.00800113,0.005666792,0.0065052337,0.005666792,0.005289011,0.00800113,0.0049364152,0.0060715578,0.00800113,0.0060715578,0.00800113,0.0069698864,0.0060715578,0.0049364152,0.0049364152,0.00800113,0.0065052337,0.0060715578,0.0065052337,0.0049364152,0.00800113,0.0049364152,0.0069698864,0.0049364152,0.0049364152,0.0074677286,0.00800113,0.005289011,0.0060715578,0.005666792,0.00800113,0.005289011,0.0065052337,0.0060715578,0.005666792,0.0069698864,0.0049364152,0.0049364152,0.0049364152,0.005289011,0.00800113,0.0049364152,0.0065052337,0.0049364152,0.005289011,0.005289011,0.005289011,0.0060715578,0.005289011,0.00800113,0.00800113,0.0049364152,0.0049364152,0.005289011,0.0065052337,0.0060715578,0.0060715578,0.0069698864,0.0049364152,0.00800113,0.00800113,0.0060715578,0.0049364152,0.005289011,0.0065052337,0.00800113,0.0069698864,0.0065052337,0.0060715578,0.0049364152,0.0074677286,0.00800113,0.0074677286,0.005289011,0.0049364152,0.00800113,0.0074677286,0.0069698864,0.0065052337,0.00800113,0.00800113,0.005666792,0.0069698864,0.0049364152,0.005666792,0.005666792,0.005666792,0.005666792,0.0049364152,0.0049364152,0.005289011,0.0049364152,0.005289011,0.005666792,0.00800113,0.0049364152,0.0065052337,0.005666792,0.0074677286,0.0069698864,0.00800113,0.0069698864,0.005289011,0.0065052337,0.0065052337,0.00800113,0.005289011,0.0060715578,0.0065052337,0.0065052337,0.0069698864,0.005666792,0.0060715578,0.0049364152,0.0049364152,0.00800113,0.0049364152,0.0060715578,0.0065052337,0.005666792,0.0074677286,0.00800113,0.0060715578,0.0049364152,0.0049364152,0.00800113,3,4
0.00621996,0.007140246,0.0076502566,0.0076502566,0.0050570723,0.007140246,0.0076502566,0.006664236,0.0076502566,0.0050570723,0.006664236,0.005805302,0.0047199386,0.0047199386,0.00621996,0.0076502566,0.00621996,0.005418286,0.0076502566,0.005805302,0.0076502566,0.007140246,0.0050570723,0.0050570723,0.0047199386,0.0076502566,0.005418286,0.005418286,0.0047199386,0.0076502566,0.006664236,0.005418286,0.0076502566,0.006664236,0.0047199386,0.005805302,0.005805302,0.00621996,0.0047199386,0.0076502566,0.0047199386,0.0076502566,0.0076502566,0.007140246,0.0076502566,0.0076502566,0.005805302,0.005805302,0.005805302,0.007140246,0.0076502566,0.00621996,0.0050570723,0.0047199386,0.00621996,0.0076502566,0.005805302,0.0076502566,0.0076502566,0.006664236,0.0076502566,0.005805302,0.0050570723,0.005418286,0.0076502566,0.005418286,0.00621996,0.0050570723,0.005805302,0.007140246,0.0076502566,0.0076502566,0.0047199386,0.0050570723,0.0047199386,0.0076502566,0.005418286,0.005805302,0.00621996,0.005805302,0.006664236,0.0047199386,0.0047199386,0.0047199386,0.0047199386,0.00621996,0.005805302,0.0076502566,0.00621996,0.005418286,0.0076502566,0.006664236,0.0076502566,0.0047199386,0.0076502566,0.0076502566,0.007140246,0.0047199386,0.006664236,0.005805302,0.006664236,0.006664236,0.005418286,0.0050570723,0.00621996,0.0047199386,0.005418286,0.005805302,0.0047199386,0.006664236,0.005805302,0.0076502566,0.0050570723,0.006664236,0.0047199386,0.0076502566,0.00621996,0.0047199386,0.0047199386,0.005418286,0.0076502566,0.006664236,0.0076502566,0.0076502566,0.0076502566,0.006664236,0.007140246,0.005805302,0.006664236,0.00621996,0.0076502566,0.005418286,0.005805302,0.007140246,0.0076502566,0.0076502566,0.005418286,0.0047199386,0.006664236,0.0076502566,0.005418286,0.00621996,0.0047199386,0.0047199386,0.007140246,0.007140246,0.0076502566,0.0076502566,0.0050570723,0.0047199386,0.00621996,0.005418286,0.00621996,0.00621996,0.00621996,0.0076502566,0.005805302,0.00621996,0.005418286,0.0047199386,2,0
0.004902843,0.0060302652,0.004902843,0.007946715,0.004902843,0.005253041,0.0056282524,0.0074169408,0.0074169408,0.007946715,0.0056282524,0.005253041,0.004902843,0.007946715,0.007946715,0.004902843,0.006922485,0.0060302652,0.007946715,0.004902843,0.005253041,0.0074169408,0.005253041,0.0064609917,0.005253041,0.005253041,0.0060302652,0.0064609917,0.006922485,0.0060302652,0.007946715,0.0060302652,0.0056282524,0.0060302652,0.007946715,0.005253041,0.0064609917,0.004902843,0.0064609917,0.0060302652,0.004902843,0.007946715,0.0074169408,0.0056282524,0.007946715,0.004902843,0.0056282524,0.0074169408,0.007946715,0.006922485,0.0056282524,0.0060302652,0.0060302652,0.007946715,0.0060302652,0.005253041,0.0056282524,0.005253041,0.007946715,0.0056282524,0.006922485,0.005253041,0.0060302652,0.006922485,0.0056282524,0.005253041,0.0064609917,0.005253041,0.0074169408,0.005253041,0.0060302652,0.004902843,0.0056282524,0.005253041,0.007946715,0.004902843,0.005253041,0.005253041,0.007946715,0.005253041,0.004902843,0.0056282524,0.007946715,0.007946715,0.0064609917,0.004902843,0.0060302652,0.0064609917,0.007946715,0.0060302652,0.0060302652,0.004902843,0.004902843,0.007946715,0.006922485,0.004902843,0.004902843,0.0060302652,0.007946715,0.007946715,0.006922485,0.007946715,0.004902843,0.0056282524,0.005253041,0.004902843,0.0056282524,0.005253041,0.006922485,0.007946715,0.0060302652,0.0074169408,0.005253041,0.007946715,0.0064609917,0.0060302652,0.006922485,0.006922485,0.0064609917,0.004902843,0.005253041,0.005253041,0.0056282524,0.007946715,0.0064609917,0.004902843,0.0074169408,0.006922485,0.007946715,0.0074169408,0.0056282524,0.0056282524,0.0074169408,0.0074169408,0.005253041,0.0060302652,0.004902843,0.004902843,0.0064609917,0.0064609917,0.004902843,0.005253041,0.0074169408,0.007946715,0.0056282524,0.005253041,0.007946715,0.007946715,0.007946715,0.007946715,0.0056282524,0.0056282524,0.006922485,0.0074169408,0.004902843,0.0064609917,0.005253041,0.0056282524,0.006922485,0.004902843,3,3
0.0049207616,0.0049207616,0.0060523045,0.007975758,0.0049207616,0.0052722394,0.007975758,0.0069477847,0.007975758,0.007975758,0.0056488225,0.0052722394,0.0049207616,0.007444048,0.007975758,0.0060523045,0.0060523045,0.0052722394,0.007975758,0.0049207616,0.0049207616,0.0064846054,0.0060523045,0.0060523045,0.0049207616,0.007444048,0.0060523045,0.0064846054,0.0060523045,0.007975758,0.0069477847,0.0056488225,0.0049207616,0.007444048,0.007975758,0.0064846054,0.0064846054,0.0049207616,0.007975758,0.0056488225,0.0049207616,0.0069477847,0.0069477847,0.0060523045,0.007975758,0.0052722394,0.0060523045,0.0049207616,0.007975758,0.0064846054,0.0056488225,0.0049207616,0.0056488225,0.007975758,0.0056488225,0.0049207616,0.0060523045,0.0052722394,0.0069477847,0.0052722394,0.0069477847,0.0060523045,0.0052722394,0.0064846054,0.0069477847,0.0064846054,0.0064846054,0.0049207616,0.007975758,0.0056488225,0.0049207616,0.0056488225,0.0056488225,0.0056488225,0.0069477847,0.0049207616,0.0052722394,0.0052722394,0.007975758,0.0052722394,0.0049207616,0.0056488225,0.007975758,0.007975758,0.0069477847,0.0049207616,0.0060523045,0.0069477847,0.0069477847,0.0060523045,0.0060523045,0.0064846054,0.0052722394,0.0069477847,0.0052722394,0.0056488225,0.0049207616,0.0069477847,0.0069477847,0.0069477847,0.0060523045,0.0069477847,0.0049207616,0.0049207616,0.0064846054,0.0049207616,0.0056488225,0.0049207616,0.007975758,0.0064846054,0.0069477847,0.007444048,0.0060523045,0.0069477847,0.0069477847,0.0060523045,0.0069477847,0.0056488225,0.0064846054,0.0049207616,0.0052722394,0.0056488225,0.0056488225,0.007975758,0.0056488225,0.0052722394,0.007975758,0.0069477847,0.007975758,0.007444048,0.0064846054,0.0056488225,0.007444048,0.007444048,0.0052722394,0.0060523045,0.0049207616,0.0049207616,0.0069477847,0.0056488225,0.0069477847,0.0060523045,0.0060523045,0.0060523045,0.0056488225,0.0052722394,0.007444048,0.007975758,0.007975758,0.007975758,0.0056488225,0.0056488225,0.0069477847,0.007444048,0.0052722394,0.007975758,0.0052722394,0.0049207616,0.0049207616,0.0064846054,3,3
0.007564395,0.007564395,0.007564395,0.007564395,0.005740147,0.007564395,0.007564395,0.006589441,0.007060109,0.0046669655,0.006589441,0.005357475,0.0046669655,0.0046669655,0.005000315,0.006150151,0.006589441,0.006589441,0.007564395,0.006150151,0.007060109,0.007060109,0.005740147,0.005740147,0.0046669655,0.005000315,0.005357475,0.006150151,0.006150151,0.005740147,0.006589441,0.005740147,0.007564395,0.006150151,0.0046669655,0.007060109,0.005357475,0.006150151,0.0046669655,0.007564395,0.006150151,0.007564395,0.006589441,0.007060109,0.0046669655,0.006150151,0.005740147,0.007564395,0.007564395,0.006150151,0.005357475,0.007564395,0.007564395,0.007564395,0.0046669655,0.007564395,0.006589441,0.007564395,0.007564395,0.005740147,0.006589441,0.005357475,0.0046669655,0.005000315,0.007564395,0.006150151,0.006150151,0.005000315,0.005740147,0.005740147,0.006150151,0.007564395,0.0046669655,0.005357475,0.0046669655,0.007564395,0.006150151,0.007564395,0.007564395,0.007564395,0.007564395,0.0046669655,0.0046669655,0.0046669655,0.0046669655,0.007564395,0.007564395,0.007564395,0.005740147,0.007564395,0.007564395,0.006589441,0.007564395,0.0046669655,0.007564395,0.007564395,0.007564395,0.0046669655,0.006150151,0.0046669655,0.006150151,0.007564395,0.006589441,0.005000315,0.006150151,0.0046669655,0.005740147,0.006150151,0.0046669655,0.005000315,0.007060109,0.007564395,0.005357475,0.007564395,0.006589441,0.0046669655,0.006589441,0.007564395,0.007564395,0.005357475,0.007564395,0.006150151,0.007564395,0.007564395,0.007060109,0.007564395,0.006150151,0.0046669655,0.0046669655,0.006150151,0.006589441,0.005357475,0.006589441,0.007060109,0.005740147,0.006589441,0.005000315,0.0046669655,0.006150151,0.005740147,0.005357475,0.006589441,0.005740147,0.0046669655,0.006589441,0.005357475,0.007564395,0.007564395,0.007564395,0.0046669655,0.005000315,0.005357475,0.007060109,0.007564395,0.006150151,0.007564395,0.0046669655,0.005357475,0.005357475,0.0046669655,0,3
0.0048694275,0.005589893,0.005989166,0.007892554,0.0048694275,0.005989166,0.007892554,0.006875304,0.007892554,0.007892554,0.005589893,0.005217239,0.005989166,0.006416957,0.007892554,0.005589893,0.0048694275,0.006875304,0.007892554,0.005589893,0.007892554,0.0073663904,0.0048694275,0.0048694275,0.0048694275,0.006875304,0.0073663904,0.005589893,0.005589893,0.006875304,0.007892554,0.005589893,0.0048694275,0.006875304,0.007892554,0.005989166,0.005589893,0.0048694275,0.0073663904,0.005589893,0.005217239,0.006416957,0.007892554,0.005989166,0.007892554,0.0048694275,0.005589893,0.006875304,0.006875304,0.006875304,0.005989166,0.005589893,0.006416957,0.006875304,0.007892554,0.005989166,0.006875304,0.005217239,0.006875304,0.006416957,0.006875304,0.005989166,0.006416957,0.0048694275,0.005989166,0.005217239,0.005989166,0.0048694275,0.006875304,0.006875304,0.0073663904,0.007892554,0.005217239,0.005589893,0.006416957,0.005217239,0.005217239,0.0048694275,0.005217239,0.005989166,0.0048694275,0.006416957,0.007892554,0.007892554,0.007892554,0.0048694275,0.0048694275,0.005989166,0.006875304,0.005989166,0.006875304,0.006416957,0.005217239,0.0048694275,0.007892554,0.005989166,0.0048694275,0.005217239,0.005217239,0.007892554,0.006875304,0.006416957,0.006416957,0.006416957,0.005989166,0.0048694275,0.005589893,0.0048694275,0.0048694275,0.007892554,0.005989166,0.005217239,0.005989166,0.005217239,0.0073663904,0.005989166,0.006416957,0.005217239,0.006416957,0.0048694275,0.0048694275,0.005217239,0.005989166,0.007892554,0.005989166,0.006416957,0.007892554,0.005989166,0.007892554,0.006416957,0.005989166,0.005589893,0.0073663904,0.0073663904,0.005589893,0.005589893,0.005989166,0.006416957,0.007892554,0.006416957,0.005989166,0.006875304,0.005989166,0.007892554,0.006875304,0.005217239,0.007892554,0.007892554,0.007892554,0.0048694275,0.0048694275,0.005989166,0.006875304,0.0073663904,0.005217239,0.0073663904,0.006416957,0.005589893,0.006416957,0.0048694275,3,3
0.0066517973,0.0054081734,0.0076359776,0.0076359776,0.0047111292,0.0050476333,0.0066517973,0.0071269195,0.0076359776,0.0076359776,0.0071269195,0.0066517973,0.0047111292,0.0047111292,0.0076359776,0.0054081734,0.0071269195,0.0057944665,0.0071269195,0.0050476333,0.0071269195,0.0071269195,0.0054081734,0.0062083504,0.0057944665,0.0062083504,0.0066517973,0.0047111292,0.0057944665,0.0047111292,0.0054081734,0.0062083504,0.0050476333,0.0062083504,0.0054081734,0.0062083504,0.0057944665,0.0076359776,0.0057944665,0.0062083504,0.0047111292,0.0071269195,0.0076359776,0.0054081734,0.0076359776,0.0062083504,0.0054081734,0.0076359776,0.0076359776,0.0057944665,0.0054081734,0.0054081734,0.0071269195,0.0062083504,0.0054081734,0.0050476333,0.0047111292,0.0076359776,0.0054081734,0.0050476333,0.0050476333,0.0050476333,0.0071269195,0.0057944665,0.0057944665,0.0062083504,0.0062083504,0.0047111292,0.0054081734,0.0066517973,0.0054081734,0.0071269195,0.0054081734,0.0050476333,0.0076359776,0.0076359776,0.0057944665,0.0076359776,0.0071269195,0.0057944665,0.0071269195,0.0066517973,0.0076359776,0.0071269195,0.0076359776,0.0057944665,0.0057944665,0.0076359776,0.0066517973,0.0054081734,0.0066517973,0.0066517973,0.0076359776,0.0047111292,0.0076359776,0.0047111292,0.0057944665,0.0062083504,0.0066517973,0.0062083504,0.0076359776,0.0076359776,0.0066517973,0.0050476333,0.0057944665,0.0047111292,0.0054081734,0.0054081734,0.0047111292,0.0076359776,0.0062083504,0.0076359776,0.0062083504,0.0076359776,0.0062083504,0.0057944665,0.0066517973,0.0076359776,0.0066517973,0.0050476333,0.0062083504,0.0066517973,0.0076359776,0.0076359776,0.0054081734,0.0057944665,0.0076359776,0.0057944665,0.0062083504,0.0071269195,0.0062083504,0.0054081734,0.0066517973,0.0071269195,0.0062083504,0.0057944665,0.0054081734,0.0050476333,0.0071269195,0.0054081734,0.0066517973,0.0076359776,0.0066517973,0.0047111292,0.0062083504,0.0050476333,0.0066517973,0.0076359776,0.0076359776,0.0054081734,0.0054081734,0.0054081734,0.0066517973,0.0071269195,0.0047111292,0.0076359776,0.0050476333,0.0062083504,0.0066517973,0.0054081734,2,2
0.0054488583,0.007693422,0.0054488583,0.005085606,0.008242944,0.005085606,0.0054488583,0.005085606,0.005085606,0.008242944,0.006701838,0.0054488583,0.005085606,0.008242944,0.007693422,0.0054488583,0.005085606,0.006701838,0.006701838,0.0062550553,0.005838057,0.007693422,0.006701838,0.0054488583,0.007693422,0.006701838,0.0062550553,0.006701838,0.0054488583,0.007180534,0.006701838,0.0062550553,0.0054488583,0.007693422,0.008242944,0.0054488583,0.006701838,0.005085606,0.005085606,0.005838057,0.005085606,0.006701838,0.008242944,0.0062550553,0.008242944,0.008242944,0.007693422,0.005085606,0.005085606,0.008242944,0.0062550553,0.0054488583,0.0062550553,0.0062550553,0.005838057,0.005838057,0.007180534,0.005085606,0.005085606,0.007180534,0.007180534,0.0054488583,0.0054488583,0.0062550553,0.008242944,0.007180534,0.008242944,0.005085606,0.0062550553,0.005085606,0.005085606,0.005085606,0.005085606,0.0054488583,0.008242944,0.005085606,0.0062550553,0.005085606,0.005838057,0.005085606,0.005085606,0.007693422,0.006701838,0.005838057,0.008242944,0.005085606,0.0054488583,0.006701838,0.007180534,0.0062550553,0.0062550553,0.007180534,0.005085606,0.008242944,0.008242944,0.0054488583,0.005085606,0.005085606,0.007180534,0.006701838,0.0062550553,0.006701838,0.007693422,0.0062550553,0.008242944,0.007693422,0.007180534,0.005085606,0.005085606,0.007693422,0.0062550553,0.005838057,0.0062550553,0.008242944,0.007693422,0.0062550553,0.007180534,0.005838057,0.0062550553,0.005085606,0.005085606,0.005838057,0.005085606,0.005085606,0.0054488583,0.0054488583,0.0062550553,0.0054488583,0.007693422,0.005085606,0.005838057,0.0062550553,0.005838057,0.005838057,0.006701838,0.006701838,0.005085606,0.005085606,0.005085606,0.006701838,0.0054488583,0.0062550553,0.006701838,0.005838057,0.008242944,0.005085606,0.005085606,0.005085606,0.005085606,0.008242944,0.005085606,0.006701838,0.005838057,0.0054488583,0.005838057,0.005085606,0.005838057,0.0054488583,0.005838057,0.008242944,4,4
0.0070416145,0.00754458,0.00754458,0.00754458,0.0061340407,0.0070416145,0.00754458,0.0061340407,0.0070416145,0.005343441,0.00657218,0.00657218,0.00465474,0.00465474,0.00465474,0.0057251104,0.0070416145,0.00657218,0.00754458,0.0049872166,0.00657218,0.0070416145,0.0061340407,0.0061340407,0.00465474,0.00465474,0.005343441,0.0061340407,0.0057251104,0.0049872166,0.005343441,0.005343441,0.00754458,0.00657218,0.00465474,0.00657218,0.0061340407,0.0057251104,0.00465474,0.0070416145,0.00465474,0.00754458,0.00754458,0.00754458,0.0070416145,0.00754458,0.0070416145,0.00754458,0.00754458,0.0070416145,0.005343441,0.00754458,0.00754458,0.00754458,0.00465474,0.00754458,0.00657218,0.00754458,0.00754458,0.0061340407,0.0057251104,0.0070416145,0.00465474,0.00465474,0.0057251104,0.0049872166,0.0061340407,0.00465474,0.005343441,0.0057251104,0.00465474,0.00754458,0.00465474,0.0049872166,0.00465474,0.0070416145,0.0061340407,0.00754458,0.00754458,0.0061340407,0.00754458,0.0049872166,0.00465474,0.00465474,0.00465474,0.0070416145,0.00754458,0.00754458,0.0057251104,0.00754458,0.00754458,0.00657218,0.00754458,0.00465474,0.00754458,0.00754458,0.00754458,0.00465474,0.0061340407,0.00465474,0.0049872166,0.00754458,0.00657218,0.0049872166,0.0070416145,0.00465474,0.0057251104,0.0061340407,0.00465474,0.0057251104,0.00657218,0.00754458,0.0057251104,0.00754458,0.0070416145,0.00465474,0.00657218,0.00754458,0.0070416145,0.0049872166,0.00754458,0.00657218,0.00754458,0.00754458,0.0061340407,0.00754458,0.0070416145,0.00465474,0.00465474,0.00657218,0.00657218,0.005343441,0.0061340407,0.0070416145,0.005343441,0.005343441,0.00465474,0.00465474,0.0061340407,0.005343441,0.0057251104,0.00657218,0.0057251104,0.00465474,0.00657218,0.00657218,0.00754458,0.00754458,0.00754458,0.00465474,0.00465474,0.005343441,0.00754458,0.00754458,0.0061340407,0.00465474,0.00754458,0.00754458,0.00754458,0.0070416145,1,1
0.007609244,0.007609244,0.007609244,0.007609244,0.00577418,0.007609244,0.007609244,0.007101968,0.007609244,0.007609244,0.007609244,0.0066285096,0.0046946355,0.0046946355,0.0050299615,0.00577418,0.0061866147,0.0061866147,0.007609244,0.005389239,0.00577418,0.007101968,0.0061866147,0.0061866147,0.0046946355,0.0046946355,0.005389239,0.0061866147,0.0066285096,0.0050299615,0.0046946355,0.0061866147,0.007609244,0.0066285096,0.0046946355,0.0066285096,0.0061866147,0.0061866147,0.0046946355,0.0061866147,0.0046946355,0.007609244,0.007609244,0.007609244,0.007101968,0.007609244,0.0066285096,0.007609244,0.007609244,0.007101968,0.005389239,0.007609244,0.007609244,0.007609244,0.0046946355,0.007609244,0.0066285096,0.007609244,0.007609244,0.0061866147,0.0046946355,0.0061866147,0.0046946355,0.0046946355,0.0046946355,0.0050299615,0.0061866147,0.0046946355,0.005389239,0.00577418,0.0050299615,0.007609244,0.0046946355,0.0046946355,0.0046946355,0.007609244,0.0061866147,0.007609244,0.007609244,0.0061866147,0.007609244,0.0066285096,0.0046946355,0.0046946355,0.00577418,0.0046946355,0.007609244,0.007101968,0.00577418,0.0046946355,0.007609244,0.0066285096,0.007609244,0.0046946355,0.007609244,0.007609244,0.007609244,0.0046946355,0.0061866147,0.0046946355,0.0050299615,0.007609244,0.0066285096,0.0050299615,0.00577418,0.0046946355,0.0061866147,0.0061866147,0.0046946355,0.0046946355,0.007101968,0.007609244,0.0050299615,0.007609244,0.0066285096,0.0046946355,0.0066285096,0.007609244,0.007101968,0.0046946355,0.007609244,0.007101968,0.007609244,0.007609244,0.00577418,0.007609244,0.007101968,0.0046946355,0.0046946355,0.0061866147,0.0066285096,0.005389239,0.0061866147,0.007101968,0.0050299615,0.005389239,0.0046946355,0.0046946355,0.0066285096,0.005389239,0.00577418,0.0066285096,0.00577418,0.0046946355,0.007101968,0.005389239,0.007609244,0.007609244,0.007609244,0.0046946355,0.0046946355,0.005389239,0.007609244,0.007609244,0.0061866147,0.0046946355,0.007101968,0.0061866147,0.0066285096,0.007609244,0,1
0.005030542,0.005030542,0.005030542,0.005774846,0.008153695,0.005030542,0.005030542,0.005030542,0.005030542,0.008153695,0.0066292747,0.005774846,0.005030542,0.0066292747,0.008153695,0.0053898618,0.005774846,0.005774846,0.005030542,0.007610122,0.005030542,0.0061873295,0.005030542,0.005030542,0.008153695,0.007610122,0.005774846,0.0066292747,0.005030542,0.008153695,0.007610122,0.0066292747,0.005030542,0.0053898618,0.008153695,0.005774846,0.0066292747,0.0066292747,0.0071027875,0.0066292747,0.0053898618,0.007610122,0.0061873295,0.005774846,0.008153695,0.005774846,0.0066292747,0.005774846,0.005030542,0.0066292747,0.008153695,0.0061873295,0.0071027875,0.005030542,0.008153695,0.005030542,0.0066292747,0.005030542,0.005030542,0.005030542,0.008153695,0.0061873295,0.0053898618,0.0053898618,0.008153695,0.0071027875,0.008153695,0.005030542,0.005030542,0.005030542,0.005030542,0.005774846,0.005030542,0.0053898618,0.008153695,0.005030542,0.0066292747,0.005030542,0.005774846,0.0053898618,0.005030542,0.0061873295,0.0066292747,0.0053898618,0.0071027875,0.005030542,0.005030542,0.0053898618,0.005774846,0.0061873295,0.0061873295,0.0071027875,0.005030542,0.008153695,0.008153695,0.0061873295,0.005030542,0.0066292747,0.005030542,0.008153695,0.007610122,0.007610122,0.005030542,0.005774846,0.0066292747,0.008153695,0.008153695,0.005030542,0.005030542,0.008153695,0.008153695,0.0066292747,0.005774846,0.005030542,0.0071027875,0.0061873295,0.0071027875,0.0066292747,0.0053898618,0.005030542,0.0066292747,0.0053898618,0.0066292747,0.005030542,0.0066292747,0.005030542,0.0071027875,0.005030542,0.005030542,0.008153695,0.008153695,0.0066292747,0.005030542,0.005774846,0.007610122,0.0061873295,0.005030542,0.008153695,0.0066292747,0.0066292747,0.007610122,0.0071027875,0.005774846,0.0061873295,0.007610122,0.0053898618,0.008153695,0.005030542,0.005030542,0.008153695,0.0061873295,0.005774846,0.005030542,0.005774846,0.008153695,0.007610122,0.0053898618,0.005030542,0.0066292747,0.005774846,4,4
0.0061632334,0.007075127,0.007580486,0.007580486,0.004676893,0.007075127,0.007580486,0.0066034584,0.007075127,0.005010952,0.0066034584,0.0066034584,0.004676893,0.004676893,0.004676893,0.007580486,0.0066034584,0.005010952,0.007580486,0.0061632334,0.007580486,0.007075127,0.004676893,0.004676893,0.005010952,0.007580486,0.0053688716,0.005010952,0.0053688716,0.007580486,0.007580486,0.005752357,0.007580486,0.005752357,0.004676893,0.0066034584,0.005752357,0.0061632334,0.004676893,0.007580486,0.007580486,0.0053688716,0.007580486,0.0066034584,0.004676893,0.007580486,0.0061632334,0.0066034584,0.007580486,0.007580486,0.007075127,0.007580486,0.0053688716,0.007580486,0.0053688716,0.007580486,0.0066034584,0.007580486,0.007580486,0.005752357,0.007580486,0.0053688716,0.005010952,0.005010952,0.007580486,0.005752357,0.0061632334,0.005010952,0.005752357,0.0066034584,0.007075127,0.007580486,0.004676893,0.005010952,0.004676893,0.007580486,0.0053688716,0.005010952,0.0053688716,0.0066034584,0.007580486,0.004676893,0.004676893,0.004676893,0.004676893,0.007580486,0.007075127,0.007580486,0.005010952,0.007580486,0.007580486,0.0066034584,0.007580486,0.004676893,0.007580486,0.007580486,0.007580486,0.004676893,0.004676893,0.004676893,0.0053688716,0.0061632334,0.007580486,0.0061632334,0.0066034584,0.004676893,0.0053688716,0.0053688716,0.004676893,0.007075127,0.007580486,0.007580486,0.004676893,0.0066034584,0.007580486,0.007580486,0.0053688716,0.004676893,0.0066034584,0.004676893,0.007075127,0.0061632334,0.007580486,0.007580486,0.007075127,0.007075127,0.0061632334,0.0053688716,0.0061632334,0.0066034584,0.007580486,0.0053688716,0.0066034584,0.0061632334,0.007580486,0.007580486,0.005752357,0.004676893,0.005752357,0.005752357,0.0061632334,0.005752357,0.0053688716,0.004676893,0.0053688716,0.007580486,0.007580486,0.007580486,0.007580486,0.004676893,0.005752357,0.0053688716,0.005752357,0.0061632334,0.007580486,0.007075127,0.005752357,0.005752357,0.005010952,0.004676893,2,0
0.0062085474,0.0066520083,0.0076362197,0.0076362197,0.005408345,0.0066520083,0.0076362197,0.0066520083,0.0076362197,0.0076362197,0.0062085474,0.00579465,0.0047112782,0.0047112782,0.0047112782,0.00579465,0.0062085474,0.0066520083,0.0076362197,0.0062085474,0.0076362197,0.0066520083,0.0047112782,0.0047112782,0.0047112782,0.0071271453,0.005408345,0.0062085474,0.0062085474,0.00579465,0.0062085474,0.00579465,0.0076362197,0.0062085474,0.0047112782,0.005408345,0.00579465,0.00579465,0.0047112782,0.00579465,0.0050477935,0.0071271453,0.0076362197,0.00579465,0.0062085474,0.0066520083,0.0066520083,0.0076362197,0.0076362197,0.0071271453,0.005408345,0.0076362197,0.005408345,0.0076362197,0.0047112782,0.0076362197,0.00579465,0.0076362197,0.0076362197,0.0071271453,0.0071271453,0.0062085474,0.0047112782,0.0047112782,0.0076362197,0.00579465,0.0062085474,0.0047112782,0.005408345,0.0066520083,0.0066520083,0.0076362197,0.0047112782,0.0050477935,0.0050477935,0.0076362197,0.0062085474,0.0076362197,0.0076362197,0.0071271453,0.00579465,0.0050477935,0.0047112782,0.0047112782,0.0047112782,0.0071271453,0.0076362197,0.0076362197,0.0062085474,0.005408345,0.0071271453,0.0066520083,0.0076362197,0.0047112782,0.0076362197,0.00579465,0.0076362197,0.0047112782,0.0062085474,0.00579465,0.0076362197,0.0071271453,0.005408345,0.005408345,0.0076362197,0.0047112782,0.00579465,0.00579465,0.0047112782,0.00579465,0.0062085474,0.0076362197,0.0047112782,0.00579465,0.0071271453,0.0050477935,0.0066520083,0.00579465,0.0062085474,0.005408345,0.0071271453,0.0071271453,0.0076362197,0.0076362197,0.0076362197,0.0062085474,0.0076362197,0.0050477935,0.0066520083,0.0062085474,0.0076362197,0.00579465,0.0050477935,0.00579465,0.0062085474,0.0066520083,0.0062085474,0.0050477935,0.0062085474,0.005408345,0.00579465,0.0066520083,0.005408345,0.0047112782,0.0076362197,0.0047112782,0.0076362197,0.0076362197,0.0076362197,0.0047112782,0.0047112782,0.0062085474,0.0071271453,0.0076362197,0.0047112782,0.0066520083,0.0066520083,0.0062085474,0.00579465,0.0050477935,2,1
0.0062127816,0.0076414277,0.0076414277,0.0076414277,0.0054120333,0.007132006,0.0076414277,0.0062127816,0.007132006,0.004714492,0.0062127816,0.0054120333,0.004714492,0.004714492,0.004714492,0.0062127816,0.0062127816,0.0062127816,0.0076414277,0.005798602,0.0062127816,0.007132006,0.0062127816,0.006656545,0.004714492,0.0076414277,0.0054120333,0.005798602,0.005051236,0.006656545,0.0076414277,0.005798602,0.0076414277,0.005798602,0.004714492,0.005051236,0.0054120333,0.0076414277,0.005798602,0.007132006,0.004714492,0.0062127816,0.0076414277,0.0076414277,0.0054120333,0.0054120333,0.0054120333,0.0076414277,0.0076414277,0.006656545,0.0054120333,0.0076414277,0.0076414277,0.0076414277,0.004714492,0.0076414277,0.006656545,0.0076414277,0.0076414277,0.0062127816,0.0076414277,0.005798602,0.005051236,0.005051236,0.0076414277,0.0062127816,0.0062127816,0.004714492,0.0054120333,0.0054120333,0.0062127816,0.0076414277,0.004714492,0.0054120333,0.004714492,0.0076414277,0.0054120333,0.0076414277,0.0076414277,0.005798602,0.006656545,0.005051236,0.004714492,0.004714492,0.005051236,0.005051236,0.005798602,0.0076414277,0.0062127816,0.0076414277,0.0076414277,0.006656545,0.0076414277,0.004714492,0.0076414277,0.006656545,0.0076414277,0.004714492,0.0062127816,0.004714492,0.005798602,0.005798602,0.0076414277,0.0062127816,0.006656545,0.004714492,0.005798602,0.005798602,0.004714492,0.005798602,0.0062127816,0.0076414277,0.0054120333,0.007132006,0.0062127816,0.004714492,0.007132006,0.0076414277,0.0076414277,0.0054120333,0.005798602,0.0062127816,0.0076414277,0.0076414277,0.0054120333,0.0062127816,0.006656545,0.0062127816,0.007132006,0.0062127816,0.007132006,0.0054120333,0.0062127816,0.006656545,0.0054120333,0.006656545,0.005051236,0.004714492,0.006656545,0.0054120333,0.0054120333,0.006656545,0.005798602,0.005051236,0.0062127816,0.005051236,0.0076414277,0.0076414277,0.0076414277,0.004714492,0.004714492,0.005798602,0.0076414277,0.0076414277,0.0054120333,0.0062127816,0.0054120333,0.0076414277,0.007132006,0.004714492,1,2
0.0075220764,0.0075220764,0.0075220764,0.0075220764,0.0053275027,0.0075220764,0.0075220764,0.0065525766,0.0075220764,0.004640856,0.0061157444,0.004972341,0.004640856,0.004640856,0.004640856,0.0061157444,0.0070206113,0.0061157444,0.0075220764,0.0065525766,0.0070206113,0.0070206113,0.0061157444,0.0061157444,0.004640856,0.004640856,0.0053275027,0.0061157444,0.0061157444,0.004640856,0.004640856,0.0061157444,0.0075220764,0.0065525766,0.004640856,0.0070206113,0.0061157444,0.0057080337,0.004640856,0.0070206113,0.004640856,0.0075220764,0.0075220764,0.0075220764,0.0065525766,0.0070206113,0.0061157444,0.0075220764,0.0075220764,0.0061157444,0.0053275027,0.0075220764,0.0075220764,0.0075220764,0.004640856,0.0075220764,0.0065525766,0.0075220764,0.0075220764,0.0057080337,0.004640856,0.004972341,0.004972341,0.0053275027,0.0061157444,0.0053275027,0.0061157444,0.004972341,0.0057080337,0.0061157444,0.0053275027,0.0075220764,0.004640856,0.004972341,0.004640856,0.0075220764,0.0061157444,0.0075220764,0.0075220764,0.0075220764,0.0075220764,0.004972341,0.004640856,0.004640856,0.0053275027,0.0070206113,0.0075220764,0.0075220764,0.0053275027,0.0075220764,0.0075220764,0.0065525766,0.0075220764,0.004640856,0.0075220764,0.0075220764,0.0075220764,0.004640856,0.0061157444,0.004640856,0.0053275027,0.0075220764,0.0065525766,0.004972341,0.004972341,0.004640856,0.0061157444,0.0061157444,0.004640856,0.004640856,0.0070206113,0.0075220764,0.0053275027,0.0075220764,0.0070206113,0.004640856,0.0070206113,0.0075220764,0.0075220764,0.0061157444,0.0075220764,0.0070206113,0.0075220764,0.0075220764,0.0075220764,0.0075220764,0.0057080337,0.004640856,0.004640856,0.0065525766,0.0057080337,0.0053275027,0.0061157444,0.0070206113,0.0057080337,0.0065525766,0.004972341,0.004640856,0.0065525766,0.0053275027,0.0065525766,0.0065525766,0.0053275027,0.004640856,0.0070206113,0.0061157444,0.0075220764,0.0075220764,0.0075220764,0.004640856,0.004640856,0.0053275027,0.0070206113,0.0075220764,0.0065525766,0.004640856,0.0075220764,0.0075220764,0.0075220764,0.0070206113,0,1
0.0049856165,0.005723273,0.0049856165,0.008080877,0.0049856165,0.005341727,0.005341727,0.0070393556,0.0075421594,0.008080877,0.005723273,0.005341727,0.0049856165,0.008080877,0.0065700714,0.0049856165,0.006132073,0.005341727,0.008080877,0.0049856165,0.0049856165,0.0070393556,0.006132073,0.0070393556,0.0049856165,0.0070393556,0.005723273,0.0065700714,0.0070393556,0.0070393556,0.0075421594,0.0065700714,0.005341727,0.0075421594,0.008080877,0.005723273,0.0065700714,0.0049856165,0.008080877,0.005723273,0.0049856165,0.0070393556,0.0075421594,0.006132073,0.008080877,0.006132073,0.006132073,0.005723273,0.008080877,0.0065700714,0.005723273,0.006132073,0.0049856165,0.008080877,0.006132073,0.0049856165,0.005723273,0.005341727,0.0070393556,0.0049856165,0.0065700714,0.006132073,0.0049856165,0.0070393556,0.005341727,0.005723273,0.0065700714,0.0049856165,0.008080877,0.0049856165,0.0049856165,0.0049856165,0.005723273,0.005723273,0.008080877,0.0049856165,0.005341727,0.0049856165,0.008080877,0.0049856165,0.0049856165,0.0049856165,0.008080877,0.008080877,0.0070393556,0.0049856165,0.0049856165,0.0070393556,0.0070393556,0.006132073,0.0065700714,0.006132073,0.0049856165,0.008080877,0.0049856165,0.0049856165,0.0049856165,0.0049856165,0.008080877,0.0065700714,0.005723273,0.0065700714,0.0049856165,0.005341727,0.0070393556,0.005723273,0.005723273,0.0049856165,0.008080877,0.006132073,0.006132073,0.006132073,0.005341727,0.008080877,0.0065700714,0.005723273,0.0070393556,0.0049856165,0.0065700714,0.0049856165,0.0049856165,0.005341727,0.005723273,0.008080877,0.0065700714,0.0049856165,0.008080877,0.0070393556,0.008080877,0.0075421594,0.006132073,0.006132073,0.0075421594,0.0075421594,0.005341727,0.005723273,0.005341727,0.0049856165,0.0070393556,0.005723273,0.0049856165,0.006132073,0.0075421594,0.008080877,0.0065700714,0.005341727,0.008080877,0.008080877,0.008080877,0.008080877,0.005341727,0.005723273,0.0075421594,0.008080877,0.0049856165,0.006132073,0.005341727,0.005723273,0.005723273,0.0049856165,3,3
0.0067418283,0.005115952,0.007739329,0.007739329,0.004774893,0.0054813717,0.007739329,0.0072233803,0.007739329,0.0067418283,0.0072233803,0.0067418283,0.005872893,0.004774893,0.007739329,0.0072233803,0.0072233803,0.006292379,0.007739329,0.0054813717,0.0072233803,0.0072233803,0.005115952,0.0067418283,0.004774893,0.006292379,0.006292379,0.005115952,0.005115952,0.0072233803,0.005115952,0.0054813717,0.004774893,0.0054813717,0.007739329,0.004774893,0.006292379,0.007739329,0.004774893,0.0054813717,0.005115952,0.0072233803,0.007739329,0.005872893,0.007739329,0.007739329,0.0067418283,0.006292379,0.0054813717,0.005872893,0.0054813717,0.0054813717,0.007739329,0.006292379,0.0054813717,0.007739329,0.004774893,0.007739329,0.004774893,0.0072233803,0.006292379,0.0054813717,0.006292379,0.0067418283,0.006292379,0.005115952,0.005872893,0.004774893,0.0054813717,0.006292379,0.005872893,0.007739329,0.0054813717,0.005115952,0.005872893,0.0072233803,0.006292379,0.0072233803,0.005115952,0.0072233803,0.004774893,0.006292379,0.007739329,0.006292379,0.006292379,0.007739329,0.006292379,0.004774893,0.004774893,0.005115952,0.0072233803,0.0067418283,0.007739329,0.004774893,0.007739329,0.005115952,0.0054813717,0.005115952,0.006292379,0.006292379,0.0072233803,0.007739329,0.006292379,0.005115952,0.005872893,0.004774893,0.0054813717,0.004774893,0.004774893,0.007739329,0.0067418283,0.007739329,0.005115952,0.007739329,0.0067418283,0.005872893,0.0067418283,0.007739329,0.0054813717,0.004774893,0.005872893,0.006292379,0.007739329,0.007739329,0.005115952,0.005872893,0.007739329,0.006292379,0.0067418283,0.0072233803,0.006292379,0.0054813717,0.0067418283,0.0067418283,0.007739329,0.005872893,0.005872893,0.0054813717,0.0072233803,0.0054813717,0.005115952,0.005872893,0.006292379,0.0054813717,0.0072233803,0.005115952,0.007739329,0.007739329,0.007739329,0.004774893,0.004774893,0.0054813717,0.006292379,0.0067418283,0.004774893,0.0072233803,0.005115952,0.0067418283,0.005872893,0.004774893,2,4
0.0074435156,0.0074435156,0.0074435156,0.0074435156,0.005648419,0.006947288,0.0074435156,0.0064841416,0.0074435156,0.004592387,0.006051871,0.005648419,0.004592387,0.004592387,0.005648419,0.0064841416,0.006051871,0.006051871,0.0074435156,0.005648419,0.0074435156,0.006947288,0.0049204095,0.0049204095,0.004592387,0.006947288,0.0052718623,0.006051871,0.005648419,0.006947288,0.0074435156,0.006051871,0.0074435156,0.005648419,0.004592387,0.006947288,0.005648419,0.006051871,0.004592387,0.0074435156,0.0049204095,0.0074435156,0.0074435156,0.0074435156,0.0052718623,0.0074435156,0.006947288,0.0074435156,0.0074435156,0.0074435156,0.0052718623,0.0074435156,0.0074435156,0.0074435156,0.004592387,0.0074435156,0.0064841416,0.0074435156,0.0074435156,0.006051871,0.0074435156,0.0049204095,0.004592387,0.004592387,0.0074435156,0.005648419,0.006051871,0.0049204095,0.005648419,0.0049204095,0.0052718623,0.0074435156,0.004592387,0.0052718623,0.004592387,0.0074435156,0.006051871,0.0074435156,0.0074435156,0.0074435156,0.0074435156,0.004592387,0.004592387,0.004592387,0.004592387,0.0074435156,0.0074435156,0.0074435156,0.005648419,0.0074435156,0.0074435156,0.0064841416,0.0074435156,0.004592387,0.0074435156,0.0074435156,0.0074435156,0.004592387,0.006051871,0.004592387,0.006947288,0.0074435156,0.0064841416,0.0049204095,0.0064841416,0.004592387,0.005648419,0.0052718623,0.004592387,0.006051871,0.006947288,0.0074435156,0.004592387,0.0074435156,0.0074435156,0.004592387,0.0064841416,0.0074435156,0.0074435156,0.004592387,0.0074435156,0.0064841416,0.0074435156,0.0074435156,0.006947288,0.0074435156,0.006051871,0.004592387,0.004592387,0.0064841416,0.0074435156,0.0052718623,0.005648419,0.0064841416,0.0074435156,0.0074435156,0.0052718623,0.004592387,0.006051871,0.005648419,0.005648419,0.0064841416,0.005648419,0.004592387,0.0064841416,0.0064841416,0.0074435156,0.0074435156,0.0074435156,0.004592387,0.005648419,0.0052718623,0.006947288,0.006947288,0.0064841416,0.0049204095,0.006051871,0.0064841416,0.006947288,0.004592387,0,1
0.0077912956,0.006787097,0.0077912956,0.0077912956,0.004806955,0.005518177,0.0077912956,0.007271883,0.0077912956,0.0077912956,0.007271883,0.006787097,0.005518177,0.004806955,0.0077912956,0.00633463,0.007271883,0.00633463,0.0077912956,0.0051503037,0.00633463,0.007271883,0.005518177,0.007271883,0.004806955,0.004806955,0.005518177,0.00633463,0.00633463,0.0051503037,0.004806955,0.0059123277,0.007271883,0.00633463,0.0077912956,0.005518177,0.005518177,0.0077912956,0.004806955,0.005518177,0.005518177,0.0077912956,0.006787097,0.0051503037,0.0077912956,0.004806955,0.004806955,0.0077912956,0.005518177,0.00633463,0.005518177,0.004806955,0.0077912956,0.004806955,0.005518177,0.0051503037,0.004806955,0.0077912956,0.005518177,0.005518177,0.007271883,0.0059123277,0.00633463,0.0051503037,0.0077912956,0.00633463,0.00633463,0.004806955,0.005518177,0.006787097,0.00633463,0.0077912956,0.0051503037,0.004806955,0.00633463,0.004806955,0.0051503037,0.007271883,0.006787097,0.004806955,0.007271883,0.00633463,0.0077912956,0.0077912956,0.006787097,0.005518177,0.005518177,0.0077912956,0.0077912956,0.004806955,0.006787097,0.00633463,0.0077912956,0.004806955,0.0077912956,0.005518177,0.004806955,0.0077912956,0.00633463,0.007271883,0.0077912956,0.0077912956,0.007271883,0.0059123277,0.006787097,0.004806955,0.005518177,0.007271883,0.004806955,0.0077912956,0.004806955,0.004806955,0.007271883,0.007271883,0.006787097,0.0059123277,0.00633463,0.0077912956,0.005518177,0.004806955,0.004806955,0.0051503037,0.0077912956,0.0077912956,0.005518177,0.00633463,0.007271883,0.0059123277,0.00633463,0.006787097,0.005518177,0.005518177,0.007271883,0.007271883,0.004806955,0.0059123277,0.0051503037,0.0051503037,0.00633463,0.00633463,0.004806955,0.0059123277,0.007271883,0.005518177,0.0059123277,0.0051503037,0.0077912956,0.0077912956,0.0077912956,0.0051503037,0.004806955,0.005518177,0.00633463,0.006787097,0.004806955,0.005518177,0.0051503037,0.006787097,0.0059123277,0.004806955,0,2
0.0051532807,0.0051532807,0.007795799,0.007795799,0.0048097335,0.0048097335,0.007276086,0.007276086,0.007276086,0.007795799,0.005521367,0.005521367,0.007795799,0.0048097335,0.007795799,0.0063382913,0.0063382913,0.0063382913,0.007795799,0.0048097335,0.0063382913,0.007276086,0.005521367,0.007276086,0.0051532807,0.007795799,0.0067910203,0.0059157447,0.0063382913,0.0063382913,0.0048097335,0.005521367,0.007276086,0.007276086,0.007795799,0.0048097335,0.005521367,0.007795799,0.005521367,0.005521367,0.0048097335,0.007276086,0.007795799,0.0059157447,0.007795799,0.005521367,0.0051532807,0.007795799,0.007795799,0.0059157447,0.005521367,0.005521367,0.0063382913,0.0048097335,0.005521367,0.0051532807,0.0048097335,0.007795799,0.005521367,0.0059157447,0.0063382913,0.0051532807,0.0067910203,0.0051532807,0.007795799,0.0051532807,0.005521367,0.0048097335,0.005521367,0.007795799,0.0048097335,0.005521367,0.005521367,0.0051532807,0.007795799,0.005521367,0.0051532807,0.007795799,0.0063382913,0.0048097335,0.0048097335,0.0059157447,0.007795799,0.007795799,0.007795799,0.0048097335,0.0059157447,0.007795799,0.0063382913,0.0059157447,0.0059157447,0.0067910203,0.007795799,0.0048097335,0.007795799,0.0059157447,0.0051532807,0.005521367,0.0063382913,0.007795799,0.007795799,0.007795799,0.0067910203,0.0051532807,0.005521367,0.0048097335,0.005521367,0.0048097335,0.0048097335,0.007795799,0.007276086,0.007795799,0.005521367,0.007795799,0.0063382913,0.0059157447,0.0067910203,0.007795799,0.005521367,0.0048097335,0.005521367,0.0051532807,0.007795799,0.007795799,0.0051532807,0.0051532807,0.007276086,0.0067910203,0.007795799,0.0063382913,0.0067910203,0.007276086,0.0063382913,0.007276086,0.0059157447,0.0059157447,0.005521367,0.0048097335,0.0067910203,0.005521367,0.0048097335,0.0059157447,0.0063382913,0.0051532807,0.005521367,0.0051532807,0.007795799,0.007795799,0.007795799,0.0067910203,0.0048097335,0.005521367,0.0067910203,0.007276086,0.0048097335,0.0059157447,0.0063382913,0.0067910203,0.0059157447,0.0048097335,2,2
0.0062483,0.0054429737,0.0076851137,0.0076851137,0.0047414443,0.0054429737,0.0076851137,0.0066946005,0.0076851137,0.0071727796,0.0062483,0.0054429737,0.005080114,0.0047414443,0.0076851137,0.0058317524,0.0047414443,0.0062483,0.0076851137,0.0058317524,0.0076851137,0.0071727796,0.0047414443,0.0047414443,0.0047414443,0.0071727796,0.0071727796,0.005080114,0.0058317524,0.0054429737,0.0076851137,0.0066946005,0.0047414443,0.0062483,0.0066946005,0.0062483,0.005080114,0.0076851137,0.0047414443,0.0054429737,0.0047414443,0.0066946005,0.0076851137,0.0058317524,0.0076851137,0.0058317524,0.0047414443,0.0076851137,0.005080114,0.0054429737,0.0058317524,0.0062483,0.0066946005,0.0062483,0.0054429737,0.0058317524,0.0054429737,0.0058317524,0.0062483,0.0047414443,0.0066946005,0.0062483,0.0058317524,0.0047414443,0.0058317524,0.005080114,0.0058317524,0.005080114,0.0076851137,0.0066946005,0.0076851137,0.0076851137,0.0054429737,0.005080114,0.0071727796,0.0071727796,0.0058317524,0.0062483,0.0058317524,0.0062483,0.0066946005,0.0071727796,0.0076851137,0.0076851137,0.0076851137,0.0066946005,0.0054429737,0.0076851137,0.0071727796,0.0058317524,0.0066946005,0.0054429737,0.005080114,0.0047414443,0.0062483,0.0066946005,0.0047414443,0.0076851137,0.0058317524,0.0071727796,0.0066946005,0.0058317524,0.0071727796,0.0058317524,0.005080114,0.0066946005,0.0054429737,0.0071727796,0.0066946005,0.0076851137,0.0062483,0.0071727796,0.0066946005,0.0076851137,0.0066946005,0.0058317524,0.0066946005,0.0076851137,0.0066946005,0.0047414443,0.0054429737,0.005080114,0.0076851137,0.0076851137,0.005080114,0.0062483,0.0066946005,0.0058317524,0.0066946005,0.0066946005,0.0066946005,0.0054429737,0.0062483,0.0071727796,0.0066946005,0.0062483,0.0058317524,0.0058317524,0.0071727796,0.0054429737,0.0058317524,0.0058317524,0.0062483,0.005080114,0.0054429737,0.005080114,0.0076851137,0.0076851137,0.0076851137,0.0047414443,0.0047414443,0.0054429737,0.0066946005,0.0071727796,0.0054429737,0.0071727796,0.0062483,0.0071727796,0.0062483,0.0047414443,2,0
0.0052984017,0.005676853,0.0049451794,0.0049451794,0.0065167835,0.008015336,0.0052984017,0.0049451794,0.0049451794,0.008015336,0.007480987,0.0069822613,0.0049451794,0.0052984017,0.0069822613,0.0065167835,0.007480987,0.0060823373,0.0052984017,0.0060823373,0.0065167835,0.007480987,0.0052984017,0.0049451794,0.0069822613,0.008015336,0.005676853,0.0052984017,0.0049451794,0.008015336,0.008015336,0.0052984017,0.0049451794,0.0065167835,0.008015336,0.0052984017,0.005676853,0.0069822613,0.0049451794,0.0069822613,0.0049451794,0.0049451794,0.0060823373,0.0049451794,0.0065167835,0.008015336,0.0065167835,0.005676853,0.0049451794,0.0060823373,0.008015336,0.0060823373,0.007480987,0.0049451794,0.008015336,0.0049451794,0.0065167835,0.0052984017,0.0049451794,0.0049451794,0.008015336,0.0060823373,0.0065167835,0.0052984017,0.008015336,0.0052984017,0.0060823373,0.0060823373,0.0049451794,0.0049451794,0.007480987,0.008015336,0.0052984017,0.0052984017,0.0065167835,0.008015336,0.0065167835,0.0049451794,0.0049451794,0.0049451794,0.0052984017,0.008015336,0.008015336,0.0049451794,0.008015336,0.0049451794,0.0049451794,0.0052984017,0.0069822613,0.0060823373,0.0060823373,0.0069822613,0.0049451794,0.008015336,0.008015336,0.0069822613,0.0049451794,0.0060823373,0.0049451794,0.008015336,0.007480987,0.0065167835,0.0065167835,0.0065167835,0.007480987,0.008015336,0.008015336,0.005676853,0.0049451794,0.008015336,0.008015336,0.008015336,0.0065167835,0.0052984017,0.0069822613,0.008015336,0.0065167835,0.0049451794,0.0052984017,0.0049451794,0.0069822613,0.0065167835,0.0049451794,0.0049451794,0.0049451794,0.005676853,0.0065167835,0.0060823373,0.007480987,0.0060823373,0.008015336,0.005676853,0.005676853,0.0049451794,0.0069822613,0.007480987,0.0065167835,0.007480987,0.0049451794,0.008015336,0.008015336,0.0069822613,0.0052984017,0.0060823373,0.0060823373,0.0065167835,0.0069822613,0.0049451794,0.0049451794,0.0052984017,0.0069822613,0.005676853,0.0049451794,0.0052984017,0.008015336,0.008015336,0.0060823373,0.005676853,0.0052984017,0.0049451794,5,1
0.0047755726,0.00511668,0.0058737285,0.00774043,0.0047755726,0.0058737285,0.00774043,0.0067427875,0.00774043,0.00774043,0.0062932745,0.0062932745,0.0047755726,0.0047755726,0.00774043,0.00774043,0.0054821516,0.0047755726,0.0072244084,0.0067427875,0.0067427875,0.0072244084,0.0047755726,0.0047755726,0.0062932745,0.00774043,0.0067427875,0.00511668,0.00511668,0.00774043,0.0067427875,0.0054821516,0.0047755726,0.00511668,0.00774043,0.00774043,0.0054821516,0.0067427875,0.0047755726,0.00774043,0.00511668,0.0062932745,0.00774043,0.0058737285,0.00774043,0.0072244084,0.0058737285,0.00511668,0.0047755726,0.0067427875,0.0062932745,0.0058737285,0.00511668,0.0047755726,0.0054821516,0.00774043,0.0054821516,0.0047755726,0.0047755726,0.00774043,0.0067427875,0.0058737285,0.0054821516,0.0047755726,0.00774043,0.00511668,0.0058737285,0.0058737285,0.0062932745,0.00774043,0.0067427875,0.0062932745,0.0054821516,0.00511668,0.00774043,0.00774043,0.0062932745,0.0067427875,0.0047755726,0.0058737285,0.0047755726,0.0067427875,0.00774043,0.00774043,0.00774043,0.0047755726,0.00511668,0.0047755726,0.0054821516,0.0062932745,0.0058737285,0.0067427875,0.0062932745,0.0047755726,0.00774043,0.0062932745,0.0047755726,0.0047755726,0.0047755726,0.00774043,0.00774043,0.0067427875,0.0062932745,0.0054821516,0.0067427875,0.00511668,0.0054821516,0.0047755726,0.0047755726,0.00774043,0.00774043,0.00774043,0.0047755726,0.0072244084,0.0067427875,0.0067427875,0.0067427875,0.0058737285,0.0054821516,0.00511668,0.0058737285,0.00511668,0.0067427875,0.00774043,0.0054821516,0.0072244084,0.0062932745,0.0054821516,0.00774043,0.0072244084,0.00774043,0.0058737285,0.0062932745,0.0058737285,0.00774043,0.00774043,0.0062932745,0.0058737285,0.0058737285,0.0054821516,0.0058737285,0.0067427875,0.0058737285,0.0054821516,0.0067427875,0.0062932745,0.00774043,0.00774043,0.00774043,0.0072244084,0.0062932745,0.0054821516,0.0062932745,0.0072244084,0.0062932745,0.00774043,0.0062932745,0.0054821516,0.0054821516,0.0047755726,3,4
0.0048184856,0.0063498258,0.0048184856,0.0078099854,0.0048184856,0.005531414,0.0078099854,0.006803378,0.0078099854,0.0078099854,0.00592651,0.005162658,0.0048184856,0.006803378,0.006803378,0.0072893267,0.0063498258,0.00592651,0.0078099854,0.005531414,0.0078099854,0.0072893267,0.005531414,0.005531414,0.0048184856,0.0078099854,0.005531414,0.00592651,0.005162658,0.0078099854,0.0072893267,0.005162658,0.0048184856,0.0072893267,0.0078099854,0.0048184856,0.0063498258,0.005531414,0.0078099854,0.005531414,0.0048184856,0.0063498258,0.0078099854,0.00592651,0.0078099854,0.0063498258,0.005531414,0.005531414,0.0078099854,0.005531414,0.006803378,0.00592651,0.0048184856,0.0063498258,0.0078099854,0.0048184856,0.00592651,0.0048184856,0.006803378,0.0048184856,0.0078099854,0.0072893267,0.005531414,0.0063498258,0.006803378,0.005162658,0.00592651,0.005162658,0.0078099854,0.005531414,0.0078099854,0.0078099854,0.005531414,0.005531414,0.0063498258,0.0048184856,0.005162658,0.0048184856,0.0072893267,0.005162658,0.0048184856,0.00592651,0.0078099854,0.0078099854,0.006803378,0.0048184856,0.005162658,0.005531414,0.0072893267,0.00592651,0.00592651,0.006803378,0.0048184856,0.0078099854,0.005531414,0.0048184856,0.0048184856,0.0063498258,0.0072893267,0.0078099854,0.006803378,0.00592651,0.0063498258,0.00592651,0.006803378,0.0048184856,0.005531414,0.0048184856,0.0078099854,0.005162658,0.0063498258,0.0072893267,0.0063498258,0.0078099854,0.0063498258,0.00592651,0.006803378,0.0048184856,0.005531414,0.0048184856,0.005531414,0.005162658,0.00592651,0.0078099854,0.0048184856,0.005531414,0.006803378,0.006803378,0.0078099854,0.0063498258,0.0063498258,0.005531414,0.0072893267,0.0072893267,0.006803378,0.006803378,0.00592651,0.005162658,0.0078099854,0.0063498258,0.005531414,0.006803378,0.0063498258,0.0072893267,0.005531414,0.005531414,0.0078099854,0.0078099854,0.0078099854,0.0048184856,0.0048184856,0.005531414,0.006803378,0.0072893267,0.0063498258,0.0072893267,0.005531414,0.006803378,0.0072893267,0.0048184856,3,3
0.00504471,0.006204755,0.00504471,0.006647945,0.0071227914,0.0054050414,0.00504471,0.00504471,0.00504471,0.008176658,0.006647945,0.0054050414,0.00504471,0.007631555,0.008176658,0.00504471,0.00504471,0.0054050414,0.00504471,0.008176658,0.00504471,0.00504471,0.006204755,0.00579111,0.006204755,0.008176658,0.006204755,0.006204755,0.006647945,0.008176658,0.007631555,0.0054050414,0.00504471,0.0054050414,0.008176658,0.00579111,0.006647945,0.00504471,0.00504471,0.00579111,0.0054050414,0.0071227914,0.006204755,0.00579111,0.008176658,0.0071227914,0.00579111,0.00504471,0.00504471,0.008176658,0.00579111,0.0054050414,0.0071227914,0.00579111,0.006204755,0.00504471,0.006647945,0.00504471,0.00504471,0.00504471,0.008176658,0.00579111,0.00504471,0.00579111,0.008176658,0.007631555,0.008176658,0.00504471,0.00504471,0.00504471,0.00504471,0.00579111,0.0054050414,0.00579111,0.008176658,0.00504471,0.006647945,0.00504471,0.00504471,0.00504471,0.00579111,0.006647945,0.006647945,0.00504471,0.006204755,0.00504471,0.00579111,0.0054050414,0.006204755,0.006204755,0.006204755,0.0071227914,0.00504471,0.008176658,0.008176658,0.006204755,0.00504471,0.0054050414,0.00579111,0.008176658,0.008176658,0.007631555,0.006204755,0.00504471,0.0071227914,0.008176658,0.008176658,0.00504471,0.00504471,0.008176658,0.008176658,0.00579111,0.006204755,0.00504471,0.006647945,0.006204755,0.006647945,0.00504471,0.00579111,0.00504471,0.006204755,0.0054050414,0.006647945,0.00504471,0.006204755,0.0054050414,0.008176658,0.00504471,0.00504471,0.0071227914,0.008176658,0.00579111,0.00579111,0.00579111,0.007631555,0.0071227914,0.00504471,0.00504471,0.00504471,0.0071227914,0.007631555,0.0071227914,0.00579111,0.006204755,0.007631555,0.0054050414,0.008176658,0.008176658,0.008176658,0.008176658,0.008176658,0.00579111,0.00504471,0.00504471,0.008176658,0.008176658,0.00579111,0.00579111,0.006204755,0.006647945,9,4
0.0049191257,0.0052704867,0.007973107,0.007973107,0.0049191257,0.0052704867,0.006945475,0.006945475,0.0074415733,0.007973107,0.0056469445,0.0052704867,0.0074415733,0.0049191257,0.007973107,0.006945475,0.0049191257,0.006945475,0.007973107,0.0049191257,0.0052704867,0.0064824494,0.0064824494,0.0064824494,0.0049191257,0.0049191257,0.0056469445,0.0064824494,0.0052704867,0.0052704867,0.006945475,0.0060502924,0.0074415733,0.0074415733,0.007973107,0.0056469445,0.0049191257,0.0074415733,0.0049191257,0.0064824494,0.0049191257,0.006945475,0.006945475,0.0056469445,0.007973107,0.0049191257,0.0049191257,0.007973107,0.0049191257,0.0064824494,0.0064824494,0.0052704867,0.007973107,0.0049191257,0.0056469445,0.0049191257,0.0049191257,0.007973107,0.0060502924,0.006945475,0.0056469445,0.0052704867,0.0074415733,0.0049191257,0.007973107,0.0064824494,0.0056469445,0.0056469445,0.0049191257,0.0056469445,0.0049191257,0.0049191257,0.0056469445,0.0056469445,0.007973107,0.0056469445,0.0052704867,0.007973107,0.0060502924,0.0052704867,0.0049191257,0.0049191257,0.007973107,0.007973107,0.006945475,0.0049191257,0.0049191257,0.007973107,0.007973107,0.0049191257,0.006945475,0.0064824494,0.007973107,0.0049191257,0.007973107,0.0052704867,0.0052704867,0.007973107,0.0060502924,0.006945475,0.0056469445,0.0064824494,0.0074415733,0.0052704867,0.007973107,0.0049191257,0.0056469445,0.007973107,0.0056469445,0.007973107,0.0049191257,0.0049191257,0.0074415733,0.0049191257,0.0064824494,0.0060502924,0.0056469445,0.007973107,0.0049191257,0.0049191257,0.0060502924,0.0060502924,0.007973107,0.007973107,0.0052704867,0.0056469445,0.0064824494,0.006945475,0.007973107,0.006945475,0.0064824494,0.0056469445,0.0074415733,0.0074415733,0.0064824494,0.0056469445,0.0049191257,0.0052704867,0.006945475,0.0056469445,0.0049191257,0.0052704867,0.0074415733,0.0052704867,0.0056469445,0.0052704867,0.007973107,0.007973107,0.007973107,0.0074415733,0.0056469445,0.0056469445,0.0074415733,0.007973107,0.0049191257,0.0060502924,0.0049191257,0.006945475,0.0056469445,0.0052704867,2,2
0.0061600427,0.0061600427,0.0075765615,0.0075765615,0.0046744714,0.0066000395,0.0075765615,0.0066000395,0.0070714643,0.0050083576,0.0070714643,0.0061600427,0.0046744714,0.0046744714,0.0066000395,0.0075765615,0.0061600427,0.0050083576,0.0075765615,0.0057493793,0.0075765615,0.0070714643,0.0046744714,0.005366092,0.0046744714,0.0075765615,0.005366092,0.0050083576,0.0046744714,0.0075765615,0.0057493793,0.0061600427,0.0075765615,0.0066000395,0.0050083576,0.0066000395,0.0057493793,0.0061600427,0.0046744714,0.0075765615,0.0046744714,0.0057493793,0.0057493793,0.0046744714,0.0075765615,0.0070714643,0.0061600427,0.0075765615,0.0075765615,0.0070714643,0.0066000395,0.0066000395,0.0061600427,0.0070714643,0.005366092,0.0075765615,0.0057493793,0.0075765615,0.0066000395,0.0070714643,0.0070714643,0.0057493793,0.005366092,0.005366092,0.0075765615,0.0050083576,0.0057493793,0.0050083576,0.0057493793,0.0066000395,0.0075765615,0.0075765615,0.0050083576,0.0046744714,0.0046744714,0.0075765615,0.0057493793,0.0070714643,0.0057493793,0.0075765615,0.0046744714,0.005366092,0.0075765615,0.0061600427,0.0066000395,0.0057493793,0.0050083576,0.005366092,0.005366092,0.0075765615,0.0075765615,0.0066000395,0.0075765615,0.0046744714,0.0075765615,0.0070714643,0.0066000395,0.0046744714,0.0046744714,0.0075765615,0.0061600427,0.0070714643,0.0046744714,0.0046744714,0.0070714643,0.0046744714,0.0057493793,0.0061600427,0.0046744714,0.0070714643,0.0070714643,0.0075765615,0.0046744714,0.0070714643,0.0066000395,0.0075765615,0.0066000395,0.0061600427,0.0070714643,0.0057493793,0.0066000395,0.0061600427,0.0075765615,0.0075765615,0.0061600427,0.0070714643,0.0061600427,0.005366092,0.0070714643,0.0066000395,0.0075765615,0.005366092,0.0046744714,0.0057493793,0.0066000395,0.0070714643,0.0061600427,0.0046744714,0.0075765615,0.0066000395,0.0057493793,0.0057493793,0.0046744714,0.0046744714,0.0075765615,0.005366092,0.0075765615,0.0075765615,0.0075765615,0.0057493793,0.0046744714,0.005366092,0.0066000395,0.0075765615,0.0066000395,0.0075765615,0.0061600427,0.0061600427,0.005366092,0.0046744714,2,0
0.0048191207,0.005163339,0.007811015,0.007811015,0.0048191207,0.005163339,0.007811015,0.006804275,0.007811015,0.007811015,0.005532143,0.005163339,0.0059272912,0.0048191207,0.007811015,0.005163339,0.005532143,0.006804275,0.007811015,0.005532143,0.006804275,0.007290288,0.0063506626,0.005532143,0.0048191207,0.006804275,0.006804275,0.0059272912,0.005532143,0.005532143,0.007811015,0.0059272912,0.0063506626,0.0063506626,0.007811015,0.0048191207,0.005163339,0.007811015,0.0048191207,0.005532143,0.005532143,0.007290288,0.007811015,0.0059272912,0.007811015,0.005163339,0.0048191207,0.007290288,0.006804275,0.005532143,0.005532143,0.0059272912,0.0063506626,0.005163339,0.005532143,0.005163339,0.0048191207,0.006804275,0.0063506626,0.005532143,0.0063506626,0.0059272912,0.007290288,0.0059272912,0.007811015,0.005163339,0.005532143,0.005532143,0.005532143,0.006804275,0.005532143,0.0063506626,0.005532143,0.005532143,0.007811015,0.005163339,0.005163339,0.007290288,0.0063506626,0.005163339,0.006804275,0.007290288,0.007811015,0.007811015,0.007811015,0.0048191207,0.0059272912,0.007811015,0.007811015,0.0059272912,0.0063506626,0.005163339,0.0063506626,0.005163339,0.006804275,0.0048191207,0.0048191207,0.007811015,0.0063506626,0.007290288,0.006804275,0.0063506626,0.007811015,0.0048191207,0.006804275,0.0048191207,0.005532143,0.007811015,0.0048191207,0.007811015,0.0063506626,0.006804275,0.006804275,0.006804275,0.005532143,0.0059272912,0.0063506626,0.007811015,0.005532143,0.0048191207,0.0048191207,0.005163339,0.007811015,0.007811015,0.005163339,0.0059272912,0.007290288,0.0063506626,0.007811015,0.0063506626,0.0063506626,0.0063506626,0.007290288,0.007290288,0.005532143,0.005532143,0.0059272912,0.005163339,0.007811015,0.005532143,0.006804275,0.0059272912,0.0063506626,0.005532143,0.0059272912,0.005163339,0.007811015,0.007811015,0.007811015,0.0059272912,0.005163339,0.005532143,0.006804275,0.007290288,0.0048191207,0.0059272912,0.005532143,0.0063506626,0.0059272912,0.0048191207,2,2
0.005327995,0.0070212595,0.0049728,0.0049728,0.007522771,0.006553182,0.008060104,0.0049728,0.0049728,0.0061163097,0.007522771,0.005327995,0.0049728,0.0070212595,0.008060104,0.0057085603,0.0057085603,0.0057085603,0.0057085603,0.0061163097,0.0049728,0.0070212595,0.0061163097,0.0049728,0.0070212595,0.008060104,0.0057085603,0.005327995,0.0061163097,0.008060104,0.008060104,0.005327995,0.0049728,0.0070212595,0.008060104,0.006553182,0.006553182,0.005327995,0.005327995,0.007522771,0.0049728,0.0061163097,0.008060104,0.0061163097,0.008060104,0.007522771,0.0061163097,0.0057085603,0.0049728,0.008060104,0.0061163097,0.0061163097,0.007522771,0.0049728,0.0070212595,0.005327995,0.0070212595,0.005327995,0.0049728,0.0057085603,0.008060104,0.0061163097,0.006553182,0.0049728,0.008060104,0.008060104,0.006553182,0.005327995,0.0057085603,0.005327995,0.0061163097,0.007522771,0.0057085603,0.0057085603,0.007522771,0.006553182,0.006553182,0.0049728,0.0049728,0.0049728,0.0049728,0.0070212595,0.0061163097,0.0049728,0.007522771,0.0049728,0.0049728,0.005327995,0.0070212595,0.0061163097,0.0061163097,0.0070212595,0.0049728,0.008060104,0.008060104,0.006553182,0.0049728,0.0061163097,0.0061163097,0.008060104,0.007522771,0.006553182,0.0070212595,0.005327995,0.007522771,0.008060104,0.008060104,0.0049728,0.0049728,0.008060104,0.006553182,0.0057085603,0.0061163097,0.0049728,0.0070212595,0.0061163097,0.0070212595,0.0049728,0.005327995,0.005327995,0.005327995,0.005327995,0.0049728,0.0049728,0.0049728,0.0049728,0.008060104,0.0057085603,0.006553182,0.008060104,0.007522771,0.006553182,0.0049728,0.0049728,0.0070212595,0.006553182,0.005327995,0.0070212595,0.0049728,0.007522771,0.0057085603,0.0061163097,0.006553182,0.006553182,0.0070212595,0.005327995,0.0070212595,0.0049728,0.008060104,0.0049728,0.005327995,0.0057085603,0.0049728,0.0057085603,0.0070212595,0.008060104,0.007522771,0.0061163097,0.0070212595,0.0049728,6,4
0.004860094,0.005579178,0.007877425,0.007877425,0.004860094,0.006404657,0.007877425,0.006862126,0.0073522707,0.006862126,0.005579178,0.005977686,0.006404657,0.004860094,0.007877425,0.0052072383,0.005977686,0.006862126,0.007877425,0.005579178,0.0073522707,0.006404657,0.006404657,0.006404657,0.004860094,0.006404657,0.005579178,0.006404657,0.004860094,0.006862126,0.007877425,0.006404657,0.007877425,0.006404657,0.006862126,0.004860094,0.004860094,0.007877425,0.004860094,0.005579178,0.004860094,0.005977686,0.007877425,0.005977686,0.007877425,0.004860094,0.004860094,0.007877425,0.005579178,0.005977686,0.005579178,0.006404657,0.007877425,0.0052072383,0.005579178,0.004860094,0.004860094,0.007877425,0.005977686,0.006862126,0.005579178,0.005579178,0.006862126,0.004860094,0.007877425,0.005579178,0.005579178,0.005977686,0.005977686,0.006862126,0.006862126,0.007877425,0.005579178,0.005579178,0.004860094,0.004860094,0.0052072383,0.005977686,0.0052072383,0.004860094,0.004860094,0.0052072383,0.007877425,0.007877425,0.007877425,0.004860094,0.005579178,0.007877425,0.0073522707,0.005977686,0.0073522707,0.006404657,0.006862126,0.004860094,0.007877425,0.004860094,0.004860094,0.007877425,0.006404657,0.006862126,0.006862126,0.006404657,0.007877425,0.006404657,0.0073522707,0.004860094,0.005579178,0.0073522707,0.0052072383,0.007877425,0.005579178,0.004860094,0.006862126,0.005579178,0.005977686,0.004860094,0.006404657,0.007877425,0.004860094,0.0052072383,0.0052072383,0.0052072383,0.007877425,0.007877425,0.005977686,0.006404657,0.006862126,0.005977686,0.006862126,0.006404657,0.005579178,0.005579178,0.0073522707,0.0073522707,0.0052072383,0.006862126,0.0052072383,0.0052072383,0.007877425,0.006404657,0.0052072383,0.005977686,0.006404657,0.0052072383,0.005579178,0.005579178,0.007877425,0.007877425,0.007877425,0.004860094,0.004860094,0.005579178,0.0073522707,0.007877425,0.004860094,0.005977686,0.006404657,0.0073522707,0.0073522707,0.0052072383,2,2
0.006972881,0.007470937,0.007470937,0.007470937,0.004609305,0.006972881,0.007470937,0.0065080286,0.007470937,0.004609305,0.007470937,0.0065080286,0.004609305,0.004609305,0.004609305,0.007470937,0.006074166,0.0052912836,0.007470937,0.0056692273,0.006972881,0.006972881,0.0052912836,0.0049385363,0.0049385363,0.007470937,0.0052912836,0.0049385363,0.0049385363,0.007470937,0.007470937,0.0056692273,0.007470937,0.0056692273,0.004609305,0.007470937,0.006074166,0.006074166,0.004609305,0.007470937,0.0056692273,0.007470937,0.007470937,0.007470937,0.004609305,0.007470937,0.006074166,0.0065080286,0.007470937,0.007470937,0.007470937,0.007470937,0.006074166,0.007470937,0.0056692273,0.007470937,0.006074166,0.007470937,0.007470937,0.007470937,0.007470937,0.0049385363,0.004609305,0.0049385363,0.007470937,0.006074166,0.006074166,0.0049385363,0.0056692273,0.006074166,0.0065080286,0.007470937,0.004609305,0.0052912836,0.004609305,0.007470937,0.0052912836,0.006972881,0.006972881,0.006972881,0.007470937,0.0049385363,0.004609305,0.004609305,0.004609305,0.007470937,0.0065080286,0.007470937,0.0052912836,0.007470937,0.007470937,0.0065080286,0.007470937,0.004609305,0.007470937,0.007470937,0.007470937,0.004609305,0.004609305,0.004609305,0.006074166,0.006074166,0.006074166,0.0056692273,0.0065080286,0.004609305,0.0052912836,0.0052912836,0.004609305,0.006972881,0.007470937,0.007470937,0.004609305,0.006972881,0.0065080286,0.004609305,0.006972881,0.007470937,0.0065080286,0.0065080286,0.007470937,0.0065080286,0.007470937,0.007470937,0.007470937,0.007470937,0.0065080286,0.004609305,0.0052912836,0.006074166,0.007470937,0.0052912836,0.006074166,0.006074166,0.007470937,0.007470937,0.0049385363,0.004609305,0.0056692273,0.0052912836,0.0065080286,0.0065080286,0.0049385363,0.004609305,0.0052912836,0.0065080286,0.007470937,0.007470937,0.007470937,0.004609305,0.006074166,0.0052912836,0.0065080286,0.006972881,0.006972881,0.004609305,0.0056692273,0.0056692273,0.0052912836,0.006972881,1,0
0.006170428,0.0070833857,0.0075893346,0.0075893346,0.004682352,0.0070833857,0.0075893346,0.006170428,0.0070833857,0.005759072,0.0070833857,0.006170428,0.004682352,0.004682352,0.0075893346,0.0075893346,0.0070833857,0.005759072,0.0075893346,0.0053751385,0.0075893346,0.0070833857,0.004682352,0.004682352,0.004682352,0.0075893346,0.0053751385,0.004682352,0.004682352,0.0070833857,0.0075893346,0.006170428,0.005759072,0.006170428,0.0053751385,0.0070833857,0.006170428,0.0075893346,0.006170428,0.0075893346,0.004682352,0.006170428,0.0075893346,0.005759072,0.0075893346,0.0070833857,0.004682352,0.0070833857,0.005016801,0.0053751385,0.006170428,0.005759072,0.0053751385,0.004682352,0.0053751385,0.0053751385,0.004682352,0.0075893346,0.006170428,0.005016801,0.0070833857,0.0053751385,0.006170428,0.004682352,0.0075893346,0.005016801,0.005759072,0.0053751385,0.006170428,0.0070833857,0.0075893346,0.0075893346,0.0053751385,0.0053751385,0.005016801,0.006611166,0.005759072,0.0075893346,0.006170428,0.005016801,0.005759072,0.005759072,0.0075893346,0.0075893346,0.006611166,0.0070833857,0.0053751385,0.0075893346,0.0075893346,0.006170428,0.006170428,0.006611166,0.0075893346,0.004682352,0.0075893346,0.0075893346,0.004682352,0.006170428,0.006611166,0.005759072,0.0075893346,0.006611166,0.004682352,0.004682352,0.0053751385,0.006170428,0.0053751385,0.005016801,0.004682352,0.0075893346,0.0070833857,0.0075893346,0.005759072,0.006170428,0.006170428,0.006611166,0.006611166,0.006611166,0.0053751385,0.006170428,0.005759072,0.005016801,0.006611166,0.0075893346,0.005016801,0.0070833857,0.0070833857,0.005759072,0.0075893346,0.006170428,0.0070833857,0.0053751385,0.006170428,0.0070833857,0.006170428,0.0075893346,0.006170428,0.004682352,0.006611166,0.006611166,0.0075893346,0.005759072,0.006170428,0.0053751385,0.006170428,0.006611166,0.0075893346,0.0075893346,0.0075893346,0.005016801,0.005759072,0.0053751385,0.006611166,0.0070833857,0.006170428,0.0075893346,0.006170428,0.006170428,0.0053751385,0.004682352,2,0
0.005495247,0.005495247,0.0077589196,0.0077589196,0.00478698,0.0051289024,0.0077589196,0.006758894,0.0077589196,0.0077589196,0.0058877594,0.005495247,0.0058877594,0.00478698,0.005495247,0.006308307,0.00478698,0.006758894,0.0077589196,0.00478698,0.0058877594,0.0072416654,0.0058877594,0.0058877594,0.00478698,0.0058877594,0.006758894,0.006308307,0.0058877594,0.005495247,0.006308307,0.006758894,0.0077589196,0.006308307,0.0077589196,0.005495247,0.0051289024,0.0077589196,0.00478698,0.0058877594,0.00478698,0.0072416654,0.006758894,0.0058877594,0.0077589196,0.0072416654,0.00478698,0.0072416654,0.0051289024,0.006758894,0.0058877594,0.006308307,0.006308307,0.00478698,0.005495247,0.006308307,0.00478698,0.0077589196,0.0058877594,0.005495247,0.006308307,0.0058877594,0.0072416654,0.00478698,0.0077589196,0.006308307,0.006308307,0.00478698,0.005495247,0.006758894,0.00478698,0.0051289024,0.005495247,0.0051289024,0.0077589196,0.0058877594,0.0051289024,0.0077589196,0.0058877594,0.005495247,0.0077589196,0.00478698,0.0077589196,0.0077589196,0.0072416654,0.0072416654,0.00478698,0.0077589196,0.0072416654,0.005495247,0.006758894,0.006758894,0.0077589196,0.00478698,0.0077589196,0.005495247,0.005495247,0.0077589196,0.0058877594,0.0072416654,0.006308307,0.0058877594,0.006758894,0.0051289024,0.006758894,0.005495247,0.0058877594,0.006758894,0.00478698,0.006758894,0.0051289024,0.00478698,0.006308307,0.00478698,0.006308307,0.0051289024,0.0072416654,0.005495247,0.005495247,0.0058877594,0.006308307,0.006308307,0.0077589196,0.0077589196,0.0051289024,0.005495247,0.006758894,0.006758894,0.0077589196,0.006308307,0.0072416654,0.005495247,0.0072416654,0.0072416654,0.0072416654,0.0058877594,0.00478698,0.00478698,0.006308307,0.006308307,0.0058877594,0.005495247,0.0072416654,0.00478698,0.006308307,0.005495247,0.0077589196,0.0077589196,0.0077589196,0.0072416654,0.0077589196,0.0058877594,0.006758894,0.0072416654,0.00478698,0.006308307,0.005495247,0.006758894,0.006758894,0.0058877594,2,1
0.0048113894,0.0051550553,0.006793359,0.0077984836,0.0048113894,0.0051550553,0.0077984836,0.006793359,0.0077984836,0.0077984836,0.005523268,0.005523268,0.005917782,0.0048113894,0.0077984836,0.0063404744,0.0063404744,0.006793359,0.0077984836,0.0048113894,0.005523268,0.007278592,0.005917782,0.005917782,0.0048113894,0.007278592,0.007278592,0.005917782,0.005917782,0.005917782,0.006793359,0.006793359,0.006793359,0.007278592,0.0077984836,0.0051550553,0.005523268,0.0077984836,0.0048113894,0.005523268,0.005523268,0.007278592,0.0077984836,0.005917782,0.0077984836,0.005523268,0.0051550553,0.005917782,0.005917782,0.0077984836,0.005523268,0.005917782,0.0063404744,0.0048113894,0.005523268,0.005917782,0.0048113894,0.0077984836,0.0063404744,0.006793359,0.006793359,0.0051550553,0.006793359,0.0048113894,0.0077984836,0.0063404744,0.005917782,0.0051550553,0.0051550553,0.005917782,0.0048113894,0.0063404744,0.005523268,0.005523268,0.0077984836,0.0051550553,0.0051550553,0.0077984836,0.005523268,0.0063404744,0.0048113894,0.0063404744,0.0077984836,0.0077984836,0.0077984836,0.0048113894,0.005917782,0.0077984836,0.006793359,0.0051550553,0.006793359,0.006793359,0.0077984836,0.0048113894,0.0077984836,0.0048113894,0.0048113894,0.005917782,0.005917782,0.0077984836,0.007278592,0.006793359,0.0063404744,0.0048113894,0.0077984836,0.0048113894,0.005523268,0.007278592,0.0048113894,0.0077984836,0.005917782,0.007278592,0.0063404744,0.005523268,0.005917782,0.005917782,0.006793359,0.0077984836,0.005523268,0.0048113894,0.005917782,0.0051550553,0.0077984836,0.0077984836,0.0048113894,0.0051550553,0.0077984836,0.006793359,0.0077984836,0.006793359,0.0063404744,0.0063404744,0.007278592,0.007278592,0.005523268,0.005523268,0.005523268,0.0048113894,0.006793359,0.005523268,0.005917782,0.005917782,0.0063404744,0.0051550553,0.005523268,0.0051550553,0.0077984836,0.0077984836,0.0077984836,0.007278592,0.005523268,0.005523268,0.006793359,0.007278592,0.0048113894,0.0048113894,0.0048113894,0.006793359,0.0063404744,0.005917782,3,2
0.0062004877,0.0062004877,0.007626307,0.007626307,0.0047051627,0.005041241,0.007626307,0.005787128,0.0066433735,0.007626307,0.007626307,0.0066433735,0.0047051627,0.0066433735,0.007626307,0.007626307,0.0066433735,0.005787128,0.007626307,0.005041241,0.0071178935,0.0071178935,0.0047051627,0.005401324,0.0047051627,0.007626307,0.0062004877,0.0047051627,0.0047051627,0.005401324,0.007626307,0.0062004877,0.005401324,0.0066433735,0.007626307,0.0071178935,0.005041241,0.0066433735,0.0047051627,0.0062004877,0.0047051627,0.0066433735,0.007626307,0.005787128,0.007626307,0.007626307,0.005787128,0.005401324,0.0071178935,0.005787128,0.005401324,0.005787128,0.005041241,0.005401324,0.005401324,0.005041241,0.005787128,0.0062004877,0.0066433735,0.0047051627,0.007626307,0.0066433735,0.005401324,0.0062004877,0.0062004877,0.005041241,0.005787128,0.005041241,0.007626307,0.0062004877,0.0066433735,0.007626307,0.005401324,0.0047051627,0.0066433735,0.0071178935,0.0062004877,0.005041241,0.0062004877,0.007626307,0.005787128,0.0071178935,0.007626307,0.007626307,0.007626307,0.0047051627,0.005787128,0.0066433735,0.0066433735,0.005787128,0.005787128,0.0066433735,0.0047051627,0.007626307,0.0066433735,0.0062004877,0.0047051627,0.0071178935,0.005401324,0.0071178935,0.007626307,0.007626307,0.005401324,0.005041241,0.005041241,0.0066433735,0.005401324,0.0066433735,0.0066433735,0.007626307,0.0066433735,0.0066433735,0.0062004877,0.007626307,0.005401324,0.005787128,0.0066433735,0.007626307,0.005787128,0.0047051627,0.007626307,0.005041241,0.005041241,0.007626307,0.0047051627,0.0066433735,0.0071178935,0.005401324,0.0071178935,0.0062004877,0.0071178935,0.005401324,0.0062004877,0.0071178935,0.0066433735,0.005401324,0.0062004877,0.005787128,0.0071178935,0.005401324,0.007626307,0.0066433735,0.005787128,0.005787128,0.005401324,0.005787128,0.007626307,0.007626307,0.007626307,0.0047051627,0.005401324,0.005401324,0.0062004877,0.0066433735,0.0062004877,0.007626307,0.0062004877,0.0062004877,0.005401324,0.0047051627,2,0
0.0054079085,0.007635603,0.005047386,0.0062080463,0.007635603,0.0054079085,0.005047386,0.005047386,0.005047386,0.0081809955,0.0062080463,0.0054079085,0.005047386,0.007635603,0.0081809955,0.005047386,0.0062080463,0.005047386,0.005047386,0.0062080463,0.005047386,0.0066514714,0.0062080463,0.0057941815,0.007635603,0.0081809955,0.0062080463,0.0062080463,0.0057941815,0.0081809955,0.0081809955,0.0062080463,0.005047386,0.005047386,0.0081809955,0.0057941815,0.0066514714,0.005047386,0.0054079085,0.0062080463,0.005047386,0.0066514714,0.0071265697,0.0057941815,0.0081809955,0.007635603,0.0062080463,0.005047386,0.005047386,0.007635603,0.007635603,0.0057941815,0.0071265697,0.0054079085,0.0062080463,0.005047386,0.0071265697,0.005047386,0.005047386,0.0054079085,0.007635603,0.0066514714,0.005047386,0.0057941815,0.0057941815,0.0066514714,0.0066514714,0.0054079085,0.0062080463,0.005047386,0.005047386,0.0057941815,0.0057941815,0.0054079085,0.0081809955,0.005047386,0.0062080463,0.005047386,0.005047386,0.005047386,0.0054079085,0.007635603,0.005047386,0.005047386,0.007635603,0.005047386,0.0062080463,0.0057941815,0.0062080463,0.0066514714,0.0071265697,0.0066514714,0.005047386,0.0081809955,0.0081809955,0.0062080463,0.005047386,0.0066514714,0.005047386,0.0081809955,0.0066514714,0.0071265697,0.005047386,0.005047386,0.0071265697,0.0081809955,0.0081809955,0.005047386,0.005047386,0.0081809955,0.0081809955,0.0071265697,0.0062080463,0.005047386,0.0066514714,0.0062080463,0.0071265697,0.0057941815,0.0057941815,0.0054079085,0.0057941815,0.0054079085,0.005047386,0.005047386,0.0071265697,0.0054079085,0.0081809955,0.005047386,0.005047386,0.0081809955,0.0081809955,0.0071265697,0.005047386,0.0057941815,0.0071265697,0.0071265697,0.005047386,0.005047386,0.005047386,0.0066514714,0.0071265697,0.0071265697,0.0057941815,0.0057941815,0.007635603,0.0054079085,0.0071265697,0.0081809955,0.0081809955,0.0081809955,0.0062080463,0.0057941815,0.0066514714,0.0066514714,0.0066514714,0.0057941815,0.0054079085,0.0057941815,0.0066514714,0.005047386,9,0
0.006211476,0.0071305074,0.007639822,0.007639822,0.005050175,0.0071305074,0.007639822,0.006211476,0.0071305074,0.005050175,0.006211476,0.005797384,0.004713501,0.004713501,0.006211476,0.007639822,0.006211476,0.005410896,0.007639822,0.005797384,0.0071305074,0.0071305074,0.004713501,0.005050175,0.004713501,0.007639822,0.005410896,0.005410896,0.004713501,0.007639822,0.006211476,0.005410896,0.007639822,0.0066551464,0.004713501,0.0071305074,0.005797384,0.0066551464,0.004713501,0.007639822,0.004713501,0.0066551464,0.007639822,0.007639822,0.007639822,0.007639822,0.0066551464,0.007639822,0.007639822,0.0071305074,0.005410896,0.007639822,0.0066551464,0.0071305074,0.004713501,0.007639822,0.006211476,0.007639822,0.007639822,0.0071305074,0.007639822,0.005797384,0.004713501,0.005050175,0.007639822,0.005050175,0.005797384,0.005050175,0.005797384,0.007639822,0.0071305074,0.007639822,0.004713501,0.005050175,0.004713501,0.007639822,0.005797384,0.007639822,0.007639822,0.006211476,0.005410896,0.004713501,0.006211476,0.004713501,0.0066551464,0.004713501,0.005050175,0.007639822,0.0066551464,0.005410896,0.0071305074,0.0066551464,0.007639822,0.004713501,0.007639822,0.005410896,0.006211476,0.005050175,0.0066551464,0.005410896,0.006211476,0.0066551464,0.0066551464,0.006211476,0.005797384,0.004713501,0.005797384,0.005410896,0.004713501,0.0071305074,0.006211476,0.007639822,0.005050175,0.005797384,0.005050175,0.005410896,0.0066551464,0.0071305074,0.007639822,0.004713501,0.005797384,0.006211476,0.007639822,0.007639822,0.005410896,0.006211476,0.0066551464,0.006211476,0.0071305074,0.006211476,0.007639822,0.005410896,0.005410896,0.006211476,0.007639822,0.0066551464,0.005050175,0.004713501,0.005797384,0.005410896,0.005410896,0.0066551464,0.004713501,0.004713501,0.0071305074,0.005797384,0.007639822,0.007639822,0.007639822,0.004713501,0.005050175,0.005797384,0.0066551464,0.0066551464,0.005410896,0.007639822,0.006211476,0.006211476,0.005797384,0.004713501,2,0
0.005099336,0.005463569,0.005099336,0.005099336,0.008265198,0.005463569,0.005463569,0.005099336,0.005099336,0.0067199315,0.00719992,0.005463569,0.005099336,0.00719992,0.008265198,0.005099336,0.005099336,0.005099336,0.005099336,0.008265198,0.0062719425,0.0067199315,0.0062719425,0.005099336,0.008265198,0.00719992,0.0062719425,0.0067199315,0.005099336,0.008265198,0.008265198,0.0062719425,0.005099336,0.005099336,0.008265198,0.0062719425,0.0067199315,0.005099336,0.005463569,0.008265198,0.005099336,0.0067199315,0.00719992,0.0058538183,0.008265198,0.008265198,0.0067199315,0.005099336,0.005099336,0.00719992,0.0058538183,0.0062719425,0.0067199315,0.005099336,0.00719992,0.005099336,0.0067199315,0.005099336,0.005099336,0.0058538183,0.0067199315,0.0067199315,0.005463569,0.0067199315,0.0058538183,0.008265198,0.00719992,0.005099336,0.005099336,0.005099336,0.005099336,0.005463569,0.0058538183,0.005463569,0.008265198,0.005099336,0.0062719425,0.005099336,0.005099336,0.005099336,0.005099336,0.008265198,0.005099336,0.005099336,0.008265198,0.005099336,0.005463569,0.0058538183,0.0062719425,0.00719992,0.00719992,0.0067199315,0.005099336,0.008265198,0.008265198,0.005099336,0.005099336,0.005463569,0.0062719425,0.008265198,0.0067199315,0.00719992,0.005463569,0.005099336,0.0077141924,0.008265198,0.008265198,0.005099336,0.005099336,0.008265198,0.00719992,0.008265198,0.0062719425,0.00719992,0.0058538183,0.0062719425,0.00719992,0.0058538183,0.0062719425,0.005099336,0.0062719425,0.005463569,0.005099336,0.005099336,0.0062719425,0.005463569,0.0077141924,0.005099336,0.005099336,0.008265198,0.008265198,0.008265198,0.005099336,0.005463569,0.0067199315,0.0067199315,0.0058538183,0.005099336,0.005099336,0.0062719425,0.00719992,0.00719992,0.0058538183,0.005099336,0.0077141924,0.0058538183,0.005099336,0.005099336,0.005099336,0.008265198,0.0077141924,0.0058538183,0.0067199315,0.005099336,0.00719992,0.0058538183,0.005099336,0.005463569,0.00719992,0.005099336,4,4
0.005249304,0.005249304,0.007941062,0.007941062,0.004899355,0.005249304,0.004899355,0.00691756,0.007411665,0.007941062,0.0056242486,0.0060259756,0.0064563956,0.004899355,0.007941062,0.005249304,0.0064563956,0.00691756,0.007941062,0.004899355,0.005249304,0.00691756,0.0060259756,0.0064563956,0.0056242486,0.0056242486,0.0056242486,0.0064563956,0.0056242486,0.005249304,0.0064563956,0.00691756,0.0064563956,0.00691756,0.007941062,0.0056242486,0.004899355,0.007941062,0.004899355,0.0060259756,0.004899355,0.0064563956,0.00691756,0.0056242486,0.007941062,0.005249304,0.004899355,0.007941062,0.004899355,0.007411665,0.007411665,0.004899355,0.007941062,0.004899355,0.0056242486,0.005249304,0.004899355,0.007941062,0.0056242486,0.0056242486,0.0064563956,0.0060259756,0.007411665,0.004899355,0.007941062,0.0064563956,0.0060259756,0.004899355,0.004899355,0.0060259756,0.004899355,0.004899355,0.0056242486,0.005249304,0.007941062,0.005249304,0.005249304,0.007941062,0.0064563956,0.005249304,0.0056242486,0.004899355,0.007941062,0.007941062,0.007941062,0.004899355,0.0060259756,0.007941062,0.00691756,0.0064563956,0.00691756,0.0064563956,0.007941062,0.004899355,0.007941062,0.0056242486,0.004899355,0.007411665,0.0064563956,0.007411665,0.0060259756,0.00691756,0.00691756,0.005249304,0.007941062,0.0056242486,0.0056242486,0.007941062,0.004899355,0.007941062,0.004899355,0.004899355,0.007411665,0.004899355,0.0064563956,0.005249304,0.0064563956,0.007941062,0.00691756,0.004899355,0.0056242486,0.0060259756,0.007941062,0.007941062,0.004899355,0.004899355,0.007941062,0.0064563956,0.007411665,0.007411665,0.0060259756,0.0056242486,0.007411665,0.007411665,0.005249304,0.0060259756,0.004899355,0.004899355,0.0064563956,0.0056242486,0.004899355,0.005249304,0.007411665,0.005249304,0.0056242486,0.0056242486,0.00691756,0.007941062,0.007941062,0.007941062,0.0060259756,0.0056242486,0.00691756,0.007411665,0.004899355,0.004899355,0.004899355,0.007411665,0.0064563956,0.0056242486,2,2
0.0061242157,0.0057159406,0.007532496,0.007532496,0.0046472847,0.0049792286,0.0061242157,0.006561653,0.006561653,0.007532496,0.0061242157,0.0057159406,0.0046472847,0.0046472847,0.007532496,0.006561653,0.0049792286,0.0053348825,0.0061242157,0.0049792286,0.007532496,0.007030336,0.0046472847,0.0046472847,0.0046472847,0.007030336,0.0061242157,0.0049792286,0.0057159406,0.0057159406,0.006561653,0.006561653,0.007030336,0.0057159406,0.007532496,0.007532496,0.0057159406,0.0057159406,0.0046472847,0.007532496,0.0049792286,0.007532496,0.007532496,0.0057159406,0.007030336,0.007532496,0.006561653,0.007532496,0.007532496,0.006561653,0.0057159406,0.007532496,0.0061242157,0.007532496,0.0046472847,0.007532496,0.0061242157,0.007532496,0.007532496,0.007030336,0.007030336,0.0053348825,0.0053348825,0.0046472847,0.007532496,0.0049792286,0.0057159406,0.0053348825,0.0061242157,0.007532496,0.0057159406,0.007532496,0.0053348825,0.0049792286,0.007030336,0.007532496,0.0061242157,0.007532496,0.007532496,0.007030336,0.007532496,0.0046472847,0.007030336,0.0053348825,0.0046472847,0.007532496,0.0053348825,0.007532496,0.0053348825,0.0061242157,0.006561653,0.006561653,0.007532496,0.0046472847,0.007532496,0.007030336,0.0061242157,0.0053348825,0.0061242157,0.0061242157,0.007030336,0.007030336,0.0061242157,0.0053348825,0.0053348825,0.0046472847,0.0057159406,0.0061242157,0.0046472847,0.006561653,0.007030336,0.007532496,0.0046472847,0.006561653,0.007030336,0.0046472847,0.006561653,0.007532496,0.007532496,0.0049792286,0.006561653,0.006561653,0.007532496,0.007532496,0.0061242157,0.0053348825,0.007532496,0.0053348825,0.006561653,0.0061242157,0.007030336,0.0053348825,0.0061242157,0.0061242157,0.006561653,0.0057159406,0.0061242157,0.0046472847,0.0061242157,0.0053348825,0.007532496,0.006561653,0.0046472847,0.0046472847,0.0053348825,0.0049792286,0.007532496,0.007532496,0.007532496,0.0061242157,0.007532496,0.0053348825,0.0061242157,0.006561653,0.0053348825,0.007532496,0.0057159406,0.0061242157,0.0053348825,0.0061242157,2,0
0.005496981,0.0058896174,0.007761368,0.007761368,0.0047884905,0.0051305206,0.0051305206,0.0067610266,0.0067610266,0.007761368,0.005496981,0.0058896174,0.005496981,0.0051305206,0.0063102976,0.0058896174,0.0047884905,0.0067610266,0.007761368,0.0047884905,0.0072439504,0.0072439504,0.0058896174,0.0063102976,0.0051305206,0.0058896174,0.005496981,0.0058896174,0.0058896174,0.0047884905,0.0051305206,0.0067610266,0.0058896174,0.0067610266,0.007761368,0.0072439504,0.0051305206,0.007761368,0.0047884905,0.0067610266,0.0047884905,0.007761368,0.007761368,0.0058896174,0.007761368,0.0063102976,0.0047884905,0.007761368,0.0051305206,0.0067610266,0.005496981,0.0047884905,0.007761368,0.0047884905,0.005496981,0.005496981,0.0047884905,0.007761368,0.0063102976,0.0047884905,0.0067610266,0.0051305206,0.0063102976,0.0058896174,0.007761368,0.0058896174,0.0063102976,0.0047884905,0.0047884905,0.0067610266,0.0063102976,0.0051305206,0.005496981,0.0051305206,0.007761368,0.0063102976,0.0051305206,0.007761368,0.0072439504,0.0063102976,0.0072439504,0.0051305206,0.007761368,0.007761368,0.0072439504,0.005496981,0.0058896174,0.007761368,0.007761368,0.0047884905,0.0072439504,0.0051305206,0.007761368,0.0047884905,0.007761368,0.007761368,0.0051305206,0.007761368,0.0063102976,0.007761368,0.007761368,0.007761368,0.0067610266,0.0051305206,0.005496981,0.0051305206,0.005496981,0.007761368,0.0047884905,0.007761368,0.0058896174,0.005496981,0.0067610266,0.0067610266,0.0058896174,0.0058896174,0.0067610266,0.007761368,0.0067610266,0.0051305206,0.005496981,0.005496981,0.007761368,0.007761368,0.0051305206,0.0058896174,0.007761368,0.0063102976,0.0063102976,0.0072439504,0.0072439504,0.005496981,0.0072439504,0.0063102976,0.0063102976,0.005496981,0.0051305206,0.0047884905,0.0067610266,0.005496981,0.0063102976,0.005496981,0.0063102976,0.005496981,0.005496981,0.0051305206,0.007761368,0.007761368,0.007761368,0.0063102976,0.0058896174,0.005496981,0.0067610266,0.0072439504,0.0047884905,0.005496981,0.005496981,0.0067610266,0.0063102976,0.0047884905,2,2
0.0076020416,0.0076020416,0.0076020416,0.0076020416,0.0053841383,0.0066222353,0.0076020416,0.006180759,0.0070952456,0.0057687145,0.006180759,0.006180759,0.0046901917,0.0046901917,0.0046901917,0.0066222353,0.0070952456,0.006180759,0.0076020416,0.006180759,0.0070952456,0.0070952456,0.006180759,0.006180759,0.0046901917,0.0046901917,0.0053841383,0.006180759,0.0066222353,0.0046901917,0.0046901917,0.006180759,0.0076020416,0.0066222353,0.0046901917,0.0070952456,0.006180759,0.0057687145,0.0046901917,0.0076020416,0.0046901917,0.0076020416,0.0076020416,0.0076020416,0.0066222353,0.0076020416,0.0070952456,0.0076020416,0.0076020416,0.0066222353,0.0053841383,0.0076020416,0.0076020416,0.0076020416,0.0046901917,0.0076020416,0.0066222353,0.0076020416,0.0076020416,0.006180759,0.0046901917,0.006180759,0.0046901917,0.0046901917,0.0050252005,0.0057687145,0.006180759,0.0046901917,0.0053841383,0.0053841383,0.0053841383,0.0076020416,0.0046901917,0.0050252005,0.0046901917,0.0070952456,0.006180759,0.0076020416,0.0076020416,0.0076020416,0.0076020416,0.0057687145,0.0046901917,0.0046901917,0.0046901917,0.0046901917,0.0076020416,0.0076020416,0.0057687145,0.0046901917,0.0076020416,0.0066222353,0.0076020416,0.0046901917,0.0076020416,0.0076020416,0.0076020416,0.0046901917,0.006180759,0.0046901917,0.0050252005,0.0076020416,0.0066222353,0.0050252005,0.0050252005,0.0046901917,0.006180759,0.006180759,0.0046901917,0.0046901917,0.0066222353,0.0076020416,0.006180759,0.0076020416,0.0076020416,0.0046901917,0.0066222353,0.0076020416,0.0076020416,0.0053841383,0.0076020416,0.0066222353,0.0076020416,0.0076020416,0.006180759,0.0076020416,0.0070952456,0.0046901917,0.0046901917,0.0066222353,0.0066222353,0.0057687145,0.006180759,0.0070952456,0.0053841383,0.0053841383,0.0046901917,0.0046901917,0.0066222353,0.0053841383,0.0053841383,0.0066222353,0.0057687145,0.0046901917,0.0070952456,0.0057687145,0.0076020416,0.0076020416,0.0076020416,0.0046901917,0.0046901917,0.0053841383,0.0076020416,0.0076020416,0.0057687145,0.0046901917,0.0070952456,0.0076020416,0.0076020416,0.0046901917,0,3
0.004995427,0.005352238,0.004995427,0.008096779,0.004995427,0.004995427,0.004995427,0.007557001,0.008096779,0.008096779,0.0057345354,0.005352238,0.005352238,0.008096779,0.006583,0.004995427,0.006583,0.0057345354,0.008096779,0.004995427,0.005352238,0.006583,0.0061441395,0.006583,0.004995427,0.004995427,0.0057345354,0.006583,0.0061441395,0.004995427,0.005352238,0.006583,0.007053207,0.007557001,0.004995427,0.0061441395,0.006583,0.004995427,0.008096779,0.0057345354,0.004995427,0.006583,0.007557001,0.0061441395,0.008096779,0.0057345354,0.005352238,0.0057345354,0.004995427,0.007557001,0.0061441395,0.0061441395,0.006583,0.008096779,0.008096779,0.004995427,0.0057345354,0.007557001,0.006583,0.007053207,0.004995427,0.005352238,0.006583,0.006583,0.0061441395,0.005352238,0.0061441395,0.004995427,0.007557001,0.0057345354,0.0057345354,0.005352238,0.005352238,0.0057345354,0.008096779,0.0057345354,0.005352238,0.004995427,0.0057345354,0.0061441395,0.005352238,0.004995427,0.008096779,0.008096779,0.007053207,0.004995427,0.004995427,0.006583,0.007557001,0.004995427,0.0061441395,0.006583,0.004995427,0.004995427,0.008096779,0.004995427,0.004995427,0.0057345354,0.008096779,0.008096779,0.005352238,0.006583,0.004995427,0.0057345354,0.005352238,0.004995427,0.0057345354,0.005352238,0.008096779,0.008096779,0.004995427,0.004995427,0.0057345354,0.0061441395,0.007557001,0.0061441395,0.007053207,0.005352238,0.006583,0.004995427,0.006583,0.005352238,0.007053207,0.008096779,0.008096779,0.004995427,0.008096779,0.007053207,0.008096779,0.007557001,0.004995427,0.0057345354,0.007557001,0.007053207,0.005352238,0.0057345354,0.004995427,0.005352238,0.007053207,0.0057345354,0.0061441395,0.0061441395,0.006583,0.007053207,0.007053207,0.0061441395,0.007053207,0.008096779,0.008096779,0.008096779,0.006583,0.0057345354,0.007053207,0.007557001,0.004995427,0.004995427,0.004995427,0.007053207,0.007053207,0.005352238,3,3
0.0071186386,0.0071186386,0.0076271053,0.0076271053,0.0047056554,0.0076271053,0.0076271053,0.0071186386,0.0076271053,0.0076271053,0.0066440688,0.006201137,0.0047056554,0.0047056554,0.0047056554,0.006201137,0.0071186386,0.0066440688,0.0076271053,0.0047056554,0.005787734,0.0071186386,0.006201137,0.006201137,0.0047056554,0.006201137,0.0054018893,0.005041769,0.005787734,0.0047056554,0.0047056554,0.005787734,0.0076271053,0.0066440688,0.0047056554,0.0066440688,0.006201137,0.006201137,0.0047056554,0.0066440688,0.0047056554,0.0076271053,0.0076271053,0.0076271053,0.0071186386,0.0076271053,0.006201137,0.0076271053,0.0076271053,0.005787734,0.0054018893,0.0076271053,0.0076271053,0.0076271053,0.0047056554,0.0076271053,0.0066440688,0.0076271053,0.0076271053,0.006201137,0.0047056554,0.005787734,0.005787734,0.005041769,0.0054018893,0.006201137,0.006201137,0.0047056554,0.005787734,0.0071186386,0.005041769,0.0076271053,0.0047056554,0.0054018893,0.0047056554,0.0076271053,0.006201137,0.0076271053,0.0076271053,0.0066440688,0.006201137,0.006201137,0.0047056554,0.0047056554,0.006201137,0.0047056554,0.0076271053,0.0076271053,0.005787734,0.0047056554,0.0076271053,0.0066440688,0.0076271053,0.0047056554,0.0076271053,0.0076271053,0.0076271053,0.0047056554,0.006201137,0.0047056554,0.0054018893,0.0076271053,0.0066440688,0.005041769,0.005041769,0.0047056554,0.005787734,0.006201137,0.0047056554,0.005041769,0.0076271053,0.0076271053,0.0047056554,0.0076271053,0.006201137,0.0047056554,0.0071186386,0.0076271053,0.0076271053,0.0054018893,0.0076271053,0.0071186386,0.0076271053,0.0076271053,0.005787734,0.0076271053,0.0071186386,0.0047056554,0.0047056554,0.0066440688,0.005787734,0.0054018893,0.0066440688,0.0071186386,0.005041769,0.0054018893,0.0047056554,0.0047056554,0.006201137,0.0054018893,0.005787734,0.0066440688,0.005787734,0.0047056554,0.006201137,0.005041769,0.0076271053,0.0076271053,0.0076271053,0.0047056554,0.0047056554,0.0054018893,0.0076271053,0.0076271053,0.006201137,0.0047056554,0.0066440688,0.0076271053,0.0076271053,0.0047056554,2,3
0.0056829024,0.0056829024,0.008023877,0.008023877,0.0065237274,0.0053040474,0.0065237274,0.0049504493,0.006989701,0.008023877,0.007488959,0.0065237274,0.0053040474,0.0053040474,0.006989701,0.006088819,0.006989701,0.0065237274,0.0053040474,0.0065237274,0.0053040474,0.006088819,0.0065237274,0.0053040474,0.006088819,0.006989701,0.0056829024,0.0056829024,0.0049504493,0.008023877,0.008023877,0.0056829024,0.0049504493,0.006989701,0.008023877,0.0049504493,0.0065237274,0.0056829024,0.0056829024,0.007488959,0.0049504493,0.006088819,0.008023877,0.006088819,0.008023877,0.007488959,0.006088819,0.0049504493,0.0049504493,0.008023877,0.0065237274,0.0056829024,0.0065237274,0.0049504493,0.008023877,0.0049504493,0.006989701,0.0049504493,0.0049504493,0.0065237274,0.008023877,0.0053040474,0.006088819,0.0049504493,0.008023877,0.0053040474,0.0056829024,0.0065237274,0.0056829024,0.006989701,0.0065237274,0.006088819,0.0053040474,0.0056829024,0.006088819,0.0053040474,0.0056829024,0.0049504493,0.0056829024,0.0053040474,0.0049504493,0.0049504493,0.0056829024,0.008023877,0.008023877,0.0049504493,0.0049504493,0.0053040474,0.0065237274,0.006088819,0.006088819,0.006989701,0.0049504493,0.008023877,0.008023877,0.006088819,0.0049504493,0.0065237274,0.0065237274,0.008023877,0.006989701,0.006088819,0.006088819,0.0049504493,0.007488959,0.008023877,0.006989701,0.0065237274,0.0049504493,0.006989701,0.008023877,0.006989701,0.006088819,0.006088819,0.006989701,0.006088819,0.006989701,0.0053040474,0.0065237274,0.0049504493,0.0049504493,0.0053040474,0.0049504493,0.0065237274,0.0053040474,0.0056829024,0.0056829024,0.006989701,0.008023877,0.0049504493,0.006088819,0.0056829024,0.007488959,0.007488959,0.008023877,0.006989701,0.0049504493,0.0065237274,0.0065237274,0.008023877,0.0049504493,0.0053040474,0.007488959,0.0065237274,0.006989701,0.0049504493,0.0049504493,0.006088819,0.0049504493,0.008023877,0.0049504493,0.0056829024,0.006989701,0.0056829024,0.007488959,0.007488959,0.0065237274,0.0056829024,0.006088819,0.0049504493,2,4
0.0060306266,0.007947191,0.0056285895,0.0049031368,0.007417385,0.0064613787,0.007947191,0.0049031368,0.0064613787,0.007947191,0.0069228993,0.0064613787,0.0049031368,0.0052533555,0.0069228993,0.0069228993,0.007417385,0.0049031368,0.0052533555,0.0060306266,0.0049031368,0.007417385,0.0052533555,0.0052533555,0.0056285895,0.0069228993,0.0056285895,0.0049031368,0.0049031368,0.007947191,0.007947191,0.0056285895,0.0052533555,0.0069228993,0.007947191,0.0060306266,0.0064613787,0.0060306266,0.0060306266,0.007947191,0.0049031368,0.0064613787,0.007947191,0.0069228993,0.007947191,0.007947191,0.007417385,0.0049031368,0.0049031368,0.007417385,0.0064613787,0.0064613787,0.0060306266,0.0060306266,0.007947191,0.0049031368,0.0069228993,0.0049031368,0.0049031368,0.0056285895,0.007947191,0.0052533555,0.0060306266,0.0052533555,0.007947191,0.0052533555,0.0060306266,0.0060306266,0.0060306266,0.007947191,0.007947191,0.007947191,0.0056285895,0.0056285895,0.0049031368,0.0064613787,0.0064613787,0.0049031368,0.0056285895,0.0052533555,0.0049031368,0.0049031368,0.0060306266,0.007947191,0.0069228993,0.0049031368,0.0049031368,0.0052533555,0.0069228993,0.0060306266,0.0060306266,0.0069228993,0.0049031368,0.007947191,0.007947191,0.0069228993,0.0049031368,0.0069228993,0.0049031368,0.007947191,0.0060306266,0.007417385,0.0064613787,0.0052533555,0.007417385,0.007947191,0.0069228993,0.0064613787,0.0049031368,0.007947191,0.007947191,0.007947191,0.0064613787,0.0049031368,0.007417385,0.0052533555,0.0069228993,0.0049031368,0.0060306266,0.0049031368,0.0049031368,0.0052533555,0.0049031368,0.0049031368,0.0049031368,0.0060306266,0.007947191,0.0049031368,0.0049031368,0.007417385,0.007417385,0.0056285895,0.007417385,0.0064613787,0.007947191,0.0069228993,0.0049031368,0.0069228993,0.0064613787,0.007947191,0.0052533555,0.0056285895,0.0069228993,0.0056285895,0.0069228993,0.0069228993,0.007947191,0.0049031368,0.0060306266,0.0049031368,0.0052533555,0.0056285895,0.0049031368,0.0049031368,0.007947191,0.007417385,0.0060306266,0.0052533555,0.0049031368,0.0060306266,1,4
0.005801944,0.0076458324,0.005054148,0.005054148,0.008191955,0.008191955,0.008191955,0.005054148,0.005054148,0.008191955,0.0066603823,0.005415153,0.005054148,0.0071361167,0.008191955,0.005415153,0.0076458324,0.005054148,0.005054148,0.005415153,0.005054148,0.0076458324,0.006216363,0.005054148,0.0071361167,0.0076458324,0.0066603823,0.0066603823,0.005415153,0.008191955,0.0071361167,0.006216363,0.005054148,0.0066603823,0.008191955,0.005415153,0.0066603823,0.005054148,0.006216363,0.005801944,0.005054148,0.0071361167,0.0066603823,0.005801944,0.008191955,0.0066603823,0.006216363,0.005054148,0.005054148,0.008191955,0.0071361167,0.005801944,0.0066603823,0.005054148,0.008191955,0.005415153,0.0071361167,0.005415153,0.005054148,0.006216363,0.008191955,0.006216363,0.005054148,0.006216363,0.008191955,0.008191955,0.008191955,0.005054148,0.005054148,0.005054148,0.0066603823,0.006216363,0.005054148,0.005801944,0.008191955,0.005054148,0.0066603823,0.005054148,0.005054148,0.005054148,0.005054148,0.008191955,0.0076458324,0.005054148,0.008191955,0.005054148,0.005054148,0.005415153,0.008191955,0.005415153,0.006216363,0.0071361167,0.005054148,0.008191955,0.008191955,0.005054148,0.005054148,0.005415153,0.0066603823,0.008191955,0.0076458324,0.0071361167,0.005054148,0.005054148,0.0066603823,0.008191955,0.008191955,0.005054148,0.005054148,0.008191955,0.0076458324,0.005801944,0.006216363,0.005054148,0.0071361167,0.005801944,0.006216363,0.005054148,0.005415153,0.005054148,0.005054148,0.005415153,0.005054148,0.005054148,0.005054148,0.005415153,0.0076458324,0.005415153,0.008191955,0.005415153,0.006216363,0.0066603823,0.005054148,0.005054148,0.005415153,0.0071361167,0.005054148,0.005415153,0.005054148,0.008191955,0.005415153,0.006216363,0.0071361167,0.005415153,0.0076458324,0.005801944,0.0066603823,0.005054148,0.005054148,0.0071361167,0.006216363,0.005801944,0.005054148,0.005054148,0.008191955,0.005801944,0.006216363,0.0071361167,0.0066603823,0.005415153,4,1
0.004821145,0.004821145,0.007814296,0.007814296,0.004821145,0.0051655076,0.0068071326,0.0068071326,0.007814296,0.007814296,0.005534467,0.0051655076,0.005534467,0.004821145,0.007814296,0.0059297807,0.0059297807,0.0068071326,0.007814296,0.004821145,0.00635333,0.0072933496,0.0059297807,0.00635333,0.004821145,0.007814296,0.0068071326,0.0059297807,0.0059297807,0.00635333,0.0059297807,0.0059297807,0.007814296,0.0072933496,0.007814296,0.0059297807,0.004821145,0.00635333,0.004821145,0.005534467,0.004821145,0.007814296,0.007814296,0.0059297807,0.007814296,0.004821145,0.0051655076,0.0072933496,0.0068071326,0.0059297807,0.005534467,0.004821145,0.0068071326,0.004821145,0.00635333,0.004821145,0.004821145,0.007814296,0.00635333,0.0068071326,0.0068071326,0.0051655076,0.0068071326,0.0051655076,0.007814296,0.00635333,0.005534467,0.005534467,0.004821145,0.00635333,0.0059297807,0.005534467,0.005534467,0.005534467,0.0068071326,0.004821145,0.0051655076,0.007814296,0.005534467,0.004821145,0.005534467,0.004821145,0.0072933496,0.007814296,0.007814296,0.004821145,0.0059297807,0.0072933496,0.00635333,0.0059297807,0.0068071326,0.0068071326,0.007814296,0.004821145,0.007814296,0.0059297807,0.004821145,0.007814296,0.0059297807,0.0072933496,0.0068071326,0.0068071326,0.0072933496,0.005534467,0.007814296,0.004821145,0.005534467,0.0059297807,0.00635333,0.007814296,0.0068071326,0.007814296,0.004821145,0.007814296,0.00635333,0.005534467,0.0068071326,0.007814296,0.005534467,0.004821145,0.0051655076,0.0051655076,0.007814296,0.007814296,0.0059297807,0.0059297807,0.007814296,0.0068071326,0.007814296,0.0072933496,0.00635333,0.005534467,0.0072933496,0.0072933496,0.005534467,0.005534467,0.0051655076,0.004821145,0.00635333,0.005534467,0.0059297807,0.0059297807,0.0059297807,0.005534467,0.0059297807,0.0051655076,0.007814296,0.007814296,0.007814296,0.0072933496,0.005534467,0.005534467,0.00635333,0.0068071326,0.004821145,0.0059297807,0.0059297807,0.0068071326,0.005534467,0.004821145,2,3
0.0062475,0.0071718614,0.0076841298,0.0076841298,0.005442277,0.0071718614,0.0062475,0.0066937436,0.0076841298,0.0076841298,0.0062475,0.005831006,0.004740837,0.004740837,0.005831006,0.0076841298,0.0062475,0.005442277,0.0076841298,0.0066937436,0.0071718614,0.0071718614,0.004740837,0.0050794636,0.004740837,0.0076841298,0.005442277,0.005442277,0.004740837,0.0076841298,0.0062475,0.005442277,0.0076841298,0.0066937436,0.004740837,0.0071718614,0.005831006,0.0062475,0.004740837,0.0076841298,0.004740837,0.0062475,0.0076841298,0.0071718614,0.0071718614,0.0076841298,0.005831006,0.0066937436,0.0076841298,0.0076841298,0.0071718614,0.0076841298,0.005831006,0.005442277,0.004740837,0.0076841298,0.0062475,0.0076841298,0.0076841298,0.0076841298,0.0076841298,0.0062475,0.004740837,0.004740837,0.0076841298,0.005831006,0.005831006,0.004740837,0.005442277,0.0071718614,0.0076841298,0.0076841298,0.004740837,0.0050794636,0.004740837,0.0076841298,0.0062475,0.005442277,0.005442277,0.005831006,0.005442277,0.005442277,0.004740837,0.004740837,0.005442277,0.004740837,0.005442277,0.0076841298,0.0066937436,0.0050794636,0.0071718614,0.0066937436,0.0076841298,0.004740837,0.0076841298,0.0050794636,0.0062475,0.004740837,0.0066937436,0.0050794636,0.0062475,0.0062475,0.0066937436,0.005442277,0.005831006,0.004740837,0.005831006,0.0050794636,0.004740837,0.0066937436,0.0066937436,0.0076841298,0.004740837,0.0071718614,0.0066937436,0.0076841298,0.0062475,0.005831006,0.005442277,0.004740837,0.0076841298,0.0066937436,0.005831006,0.0066937436,0.005442277,0.0071718614,0.0071718614,0.005831006,0.0071718614,0.0062475,0.0076841298,0.005831006,0.0062475,0.005831006,0.0062475,0.0076841298,0.0050794636,0.004740837,0.005831006,0.005831006,0.005831006,0.0066937436,0.004740837,0.004740837,0.0062475,0.0071718614,0.0076841298,0.0076841298,0.0076841298,0.004740837,0.005442277,0.005442277,0.0066937436,0.0066937436,0.005831006,0.0076841298,0.0062475,0.0066937436,0.0062475,0.004740837,2,0
0.0060945237,0.007495976,0.007495976,0.007495976,0.004955088,0.006996251,0.007495976,0.0053090174,0.0065298406,0.004955088,0.0060945237,0.0060945237,0.0046247533,0.0046247533,0.0053090174,0.0060945237,0.0060945237,0.0056882277,0.007495976,0.0056882277,0.006996251,0.006996251,0.0056882277,0.0053090174,0.0046247533,0.006996251,0.0053090174,0.0060945237,0.0060945237,0.007495976,0.007495976,0.0060945237,0.007495976,0.0056882277,0.0046247533,0.006996251,0.0060945237,0.0056882277,0.0046247533,0.007495976,0.0053090174,0.007495976,0.007495976,0.007495976,0.0046247533,0.007495976,0.006996251,0.007495976,0.007495976,0.007495976,0.0053090174,0.006996251,0.007495976,0.007495976,0.0046247533,0.007495976,0.0065298406,0.007495976,0.007495976,0.0056882277,0.007495976,0.004955088,0.0046247533,0.0046247533,0.007495976,0.0060945237,0.0060945237,0.004955088,0.0056882277,0.0060945237,0.0060945237,0.007495976,0.0046247533,0.004955088,0.0046247533,0.007495976,0.0060945237,0.007495976,0.007495976,0.007495976,0.007495976,0.0046247533,0.0046247533,0.0046247533,0.0046247533,0.007495976,0.006996251,0.007495976,0.004955088,0.007495976,0.007495976,0.0065298406,0.007495976,0.0046247533,0.007495976,0.007495976,0.007495976,0.0046247533,0.0060945237,0.0046247533,0.0060945237,0.0060945237,0.0060945237,0.0053090174,0.0065298406,0.0046247533,0.0056882277,0.0053090174,0.0046247533,0.0065298406,0.007495976,0.007495976,0.0046247533,0.0065298406,0.006996251,0.004955088,0.0065298406,0.007495976,0.007495976,0.0046247533,0.0065298406,0.0065298406,0.007495976,0.007495976,0.007495976,0.007495976,0.007495976,0.0046247533,0.004955088,0.0065298406,0.007495976,0.0053090174,0.0053090174,0.0060945237,0.007495976,0.0065298406,0.0060945237,0.0046247533,0.0060945237,0.0060945237,0.0053090174,0.0065298406,0.0056882277,0.0046247533,0.0060945237,0.0060945237,0.007495976,0.007495976,0.007495976,0.0046247533,0.0053090174,0.0053090174,0.006996251,0.007495976,0.007495976,0.006996251,0.0046247533,0.0060945237,0.0056882277,0.0046247533,1,0
0.007553793,0.007553793,0.007553793,0.007553793,0.0057321014,0.007553793,0.007553793,0.0065802056,0.007553793,0.0046604243,0.0065802056,0.005349966,0.0046604243,0.0046604243,0.0046604243,0.0061415313,0.0065802056,0.0061415313,0.007553793,0.0061415313,0.0070502134,0.0070502134,0.0057321014,0.0057321014,0.0046604243,0.0046604243,0.005349966,0.0061415313,0.0061415313,0.005349966,0.0065802056,0.0061415313,0.007553793,0.0061415313,0.0046604243,0.0070502134,0.005349966,0.0065802056,0.005349966,0.0070502134,0.0046604243,0.007553793,0.007553793,0.007553793,0.0061415313,0.0061415313,0.0057321014,0.007553793,0.007553793,0.0061415313,0.005349966,0.0070502134,0.007553793,0.007553793,0.0046604243,0.007553793,0.0065802056,0.007553793,0.007553793,0.0057321014,0.0061415313,0.004993307,0.005349966,0.0057321014,0.0070502134,0.0057321014,0.0061415313,0.004993307,0.0057321014,0.0057321014,0.0061415313,0.007553793,0.0046604243,0.005349966,0.0046604243,0.007553793,0.0061415313,0.007553793,0.007553793,0.007553793,0.007553793,0.0046604243,0.0046604243,0.0046604243,0.0046604243,0.007553793,0.007553793,0.007553793,0.0057321014,0.007553793,0.007553793,0.0065802056,0.007553793,0.0046604243,0.007553793,0.007553793,0.007553793,0.005349966,0.0061415313,0.0046604243,0.005349966,0.007553793,0.0065802056,0.005349966,0.0065802056,0.0046604243,0.0061415313,0.005349966,0.0046604243,0.004993307,0.0070502134,0.007553793,0.005349966,0.007553793,0.0070502134,0.0046604243,0.0065802056,0.007553793,0.007553793,0.005349966,0.007553793,0.0061415313,0.007553793,0.007553793,0.0057321014,0.007553793,0.0057321014,0.0046604243,0.0046604243,0.0065802056,0.0065802056,0.005349966,0.0061415313,0.0070502134,0.0061415313,0.0065802056,0.004993307,0.0046604243,0.0061415313,0.005349966,0.0057321014,0.0057321014,0.0057321014,0.0046604243,0.0061415313,0.0057321014,0.007553793,0.007553793,0.007553793,0.0046604243,0.005349966,0.005349966,0.0070502134,0.007553793,0.0070502134,0.0057321014,0.0057321014,0.0061415313,0.0061415313,0.0046604243,0,2
0.004911557,0.005262377,0.006040983,0.007960838,0.004911557,0.005262377,0.007960838,0.0069347876,0.0074301227,0.007960838,0.0074301227,0.005262377,0.004911557,0.007960838,0.007960838,0.004911557,0.006472475,0.006472475,0.007960838,0.0056382557,0.0074301227,0.0074301227,0.0056382557,0.0069347876,0.004911557,0.004911557,0.0056382557,0.006472475,0.006040983,0.004911557,0.0056382557,0.0056382557,0.005262377,0.0074301227,0.007960838,0.004911557,0.0056382557,0.004911557,0.007960838,0.0056382557,0.004911557,0.0074301227,0.007960838,0.006040983,0.007960838,0.006040983,0.0056382557,0.0069347876,0.0074301227,0.006472475,0.006040983,0.0056382557,0.004911557,0.007960838,0.0069347876,0.004911557,0.004911557,0.005262377,0.007960838,0.004911557,0.005262377,0.0056382557,0.006472475,0.0069347876,0.006040983,0.005262377,0.006040983,0.005262377,0.007960838,0.005262377,0.0056382557,0.007960838,0.0056382557,0.004911557,0.0069347876,0.004911557,0.005262377,0.004911557,0.006040983,0.004911557,0.004911557,0.006472475,0.007960838,0.007960838,0.006472475,0.004911557,0.005262377,0.007960838,0.0074301227,0.0056382557,0.006040983,0.004911557,0.004911557,0.007960838,0.004911557,0.006040983,0.004911557,0.006472475,0.006472475,0.007960838,0.0074301227,0.0074301227,0.005262377,0.006040983,0.005262377,0.004911557,0.0056382557,0.004911557,0.007960838,0.006040983,0.005262377,0.004911557,0.006472475,0.0069347876,0.0069347876,0.006040983,0.0069347876,0.0074301227,0.006472475,0.004911557,0.004911557,0.005262377,0.0069347876,0.007960838,0.005262377,0.006040983,0.007960838,0.006040983,0.007960838,0.006472475,0.005262377,0.0056382557,0.0074301227,0.0074301227,0.004911557,0.0056382557,0.006040983,0.0069347876,0.0074301227,0.0056382557,0.006472475,0.0069347876,0.006040983,0.007960838,0.0056382557,0.005262377,0.007960838,0.007960838,0.007960838,0.004911557,0.004911557,0.0056382557,0.0069347876,0.0074301227,0.005262377,0.0056382557,0.006040983,0.0074301227,0.007960838,0.005262377,3,3
0.0062525575,0.006699162,0.00769035,0.00769035,0.004744675,0.0054466827,0.00769035,0.006699162,0.00769035,0.00769035,0.0054466827,0.0054466827,0.0062525575,0.004744675,0.00769035,0.00769035,0.0062525575,0.0062525575,0.00769035,0.0050835754,0.006699162,0.0071776668,0.0050835754,0.0050835754,0.004744675,0.00769035,0.0054466827,0.0050835754,0.0050835754,0.0058357264,0.0054466827,0.0050835754,0.0058357264,0.0071776668,0.0062525575,0.0058357264,0.0054466827,0.00769035,0.004744675,0.0054466827,0.0050835754,0.0058357264,0.00769035,0.0058357264,0.00769035,0.0062525575,0.004744675,0.00769035,0.00769035,0.0058357264,0.0058357264,0.0071776668,0.00769035,0.004744675,0.0054466827,0.0050835754,0.004744675,0.00769035,0.0062525575,0.0054466827,0.006699162,0.0050835754,0.0058357264,0.004744675,0.00769035,0.0054466827,0.0054466827,0.0050835754,0.0054466827,0.00769035,0.0071776668,0.0062525575,0.0054466827,0.0054466827,0.0071776668,0.0058357264,0.0050835754,0.00769035,0.0062525575,0.0050835754,0.004744675,0.0058357264,0.00769035,0.00769035,0.00769035,0.004744675,0.0054466827,0.00769035,0.0071776668,0.0054466827,0.0058357264,0.006699162,0.00769035,0.004744675,0.00769035,0.0062525575,0.004744675,0.006699162,0.0062525575,0.006699162,0.0071776668,0.006699162,0.0054466827,0.004744675,0.006699162,0.006699162,0.0058357264,0.0058357264,0.004744675,0.00769035,0.0062525575,0.00769035,0.0058357264,0.0071776668,0.0058357264,0.0058357264,0.006699162,0.00769035,0.004744675,0.0062525575,0.0062525575,0.0054466827,0.00769035,0.00769035,0.0054466827,0.006699162,0.006699162,0.0058357264,0.00769035,0.0062525575,0.0062525575,0.0062525575,0.0071776668,0.0071776668,0.0054466827,0.006699162,0.0062525575,0.004744675,0.0071776668,0.0058357264,0.0062525575,0.0058357264,0.0062525575,0.0054466827,0.0054466827,0.0054466827,0.00769035,0.00769035,0.00769035,0.0058357264,0.0054466827,0.0054466827,0.006699162,0.0071776668,0.0058357264,0.00769035,0.0062525575,0.006699162,0.0058357264,0.004744675,2,2
0.0048671244,0.0052147713,0.0059863334,0.007888821,0.0048671244,0.0052147713,0.007888821,0.006872053,0.007888821,0.007888821,0.0055872495,0.0052147713,0.0048671244,0.007888821,0.007362907,0.007362907,0.006872053,0.0052147713,0.007888821,0.0048671244,0.006413922,0.007362907,0.006413922,0.0055872495,0.0048671244,0.006872053,0.0055872495,0.006413922,0.0055872495,0.006413922,0.007888821,0.0055872495,0.0059863334,0.006872053,0.007888821,0.0055872495,0.006413922,0.0048671244,0.007888821,0.0055872495,0.0052147713,0.006872053,0.007362907,0.0055872495,0.007362907,0.007888821,0.006413922,0.006872053,0.007888821,0.0059863334,0.006413922,0.0055872495,0.0052147713,0.007888821,0.0055872495,0.0055872495,0.0059863334,0.0048671244,0.006872053,0.0048671244,0.007362907,0.0059863334,0.0052147713,0.006413922,0.006872053,0.0059863334,0.0059863334,0.0052147713,0.007888821,0.0055872495,0.0052147713,0.0048671244,0.0055872495,0.0055872495,0.007888821,0.0048671244,0.0052147713,0.0052147713,0.006872053,0.0052147713,0.006413922,0.006413922,0.007888821,0.007888821,0.007888821,0.0048671244,0.0052147713,0.006413922,0.007888821,0.0059863334,0.0059863334,0.0048671244,0.0048671244,0.007888821,0.0048671244,0.0055872495,0.0048671244,0.006872053,0.006413922,0.006413922,0.006413922,0.006413922,0.006413922,0.0048671244,0.006872053,0.0048671244,0.0055872495,0.0059863334,0.007888821,0.007888821,0.0059863334,0.0052147713,0.0059863334,0.007888821,0.006413922,0.0059863334,0.0059863334,0.0052147713,0.0055872495,0.0048671244,0.0048671244,0.0052147713,0.0059863334,0.007888821,0.0052147713,0.0055872495,0.007888821,0.006872053,0.007888821,0.006872053,0.006413922,0.0059863334,0.007362907,0.007362907,0.0052147713,0.0055872495,0.0052147713,0.0055872495,0.007888821,0.0055872495,0.007362907,0.0059863334,0.006413922,0.006413922,0.0055872495,0.0052147713,0.007888821,0.007888821,0.007888821,0.006872053,0.0059863334,0.0055872495,0.006872053,0.007362907,0.0052147713,0.0059863334,0.0059863334,0.0055872495,0.0052147713,0.0052147713,3,3
0.004935149,0.006503565,0.00607,0.004935149,0.004935149,0.007999077,0.004935149,0.004935149,0.004935149,0.004935149,0.007465813,0.005287654,0.004935149,0.005287654,0.007999077,0.005287654,0.0056653386,0.006503565,0.004935149,0.006968098,0.004935149,0.006503565,0.00607,0.006503565,0.006968098,0.007999077,0.00607,0.005287654,0.004935149,0.007999077,0.007999077,0.0056653386,0.004935149,0.006968098,0.007999077,0.00607,0.006503565,0.006503565,0.00607,0.007999077,0.004935149,0.006503565,0.007999077,0.006968098,0.007999077,0.007999077,0.006968098,0.004935149,0.004935149,0.006968098,0.006968098,0.00607,0.004935149,0.0056653386,0.007999077,0.004935149,0.006503565,0.004935149,0.004935149,0.005287654,0.007999077,0.0056653386,0.0056653386,0.00607,0.007999077,0.005287654,0.00607,0.00607,0.005287654,0.0056653386,0.007999077,0.007999077,0.004935149,0.005287654,0.004935149,0.007465813,0.006503565,0.004935149,0.004935149,0.004935149,0.005287654,0.006503565,0.004935149,0.007999077,0.007999077,0.004935149,0.004935149,0.005287654,0.00607,0.00607,0.00607,0.006968098,0.004935149,0.007999077,0.007999077,0.006968098,0.004935149,0.006968098,0.004935149,0.007999077,0.00607,0.007465813,0.00607,0.004935149,0.007465813,0.007999077,0.007999077,0.004935149,0.004935149,0.007999077,0.007465813,0.006968098,0.006503565,0.007465813,0.007999077,0.006968098,0.006503565,0.004935149,0.005287654,0.004935149,0.006503565,0.006503565,0.004935149,0.004935149,0.0056653386,0.00607,0.006503565,0.00607,0.007999077,0.004935149,0.006968098,0.006503565,0.00607,0.006503565,0.007465813,0.0056653386,0.006503565,0.007999077,0.004935149,0.0056653386,0.005287654,0.006968098,0.006968098,0.004935149,0.0056653386,0.0056653386,0.005287654,0.007999077,0.007999077,0.005287654,0.006503565,0.0056653386,0.004935149,0.00607,0.007999077,0.007999077,0.007999077,0.004935149,0.0056653386,0.007465813,5,0
0.007556989,0.007556989,0.007556989,0.007556989,0.004995419,0.0065829894,0.0065829894,0.0057345266,0.006144129,0.00535223,0.0057345266,0.006144129,0.004662396,0.004662396,0.004662396,0.006144129,0.0070531964,0.0065829894,0.007556989,0.0057345266,0.0070531964,0.0070531964,0.006144129,0.006144129,0.004662396,0.004662396,0.00535223,0.006144129,0.0070531964,0.004662396,0.004662396,0.00535223,0.007556989,0.0065829894,0.004662396,0.0070531964,0.006144129,0.0057345266,0.004662396,0.0070531964,0.004662396,0.007556989,0.007556989,0.007556989,0.006144129,0.007556989,0.0065829894,0.007556989,0.007556989,0.0065829894,0.00535223,0.007556989,0.007556989,0.007556989,0.004662396,0.007556989,0.0065829894,0.007556989,0.007556989,0.0057345266,0.004662396,0.0070531964,0.004662396,0.004662396,0.006144129,0.006144129,0.006144129,0.004995419,0.0057345266,0.0057345266,0.006144129,0.007556989,0.004662396,0.004995419,0.004662396,0.007556989,0.006144129,0.007556989,0.007556989,0.007556989,0.007556989,0.004995419,0.004662396,0.004662396,0.00535223,0.004995419,0.007556989,0.007556989,0.0057345266,0.007556989,0.007556989,0.0065829894,0.007556989,0.004662396,0.007556989,0.007556989,0.007556989,0.004662396,0.006144129,0.004662396,0.00535223,0.007556989,0.0065829894,0.004662396,0.004662396,0.004662396,0.0057345266,0.006144129,0.004662396,0.0057345266,0.0070531964,0.007556989,0.00535223,0.007556989,0.0070531964,0.004662396,0.0065829894,0.007556989,0.007556989,0.00535223,0.007556989,0.0070531964,0.007556989,0.007556989,0.007556989,0.007556989,0.0070531964,0.004662396,0.004995419,0.006144129,0.006144129,0.00535223,0.006144129,0.0070531964,0.006144129,0.006144129,0.004995419,0.004662396,0.006144129,0.00535223,0.0057345266,0.0057345266,0.0057345266,0.004662396,0.0065829894,0.00535223,0.007556989,0.007556989,0.007556989,0.004662396,0.004662396,0.00535223,0.007556989,0.007556989,0.0065829894,0.004662396,0.0070531964,0.007556989,0.007556989,0.0070531964,0,1
0.0070385495,0.0075412956,0.0075412956,0.0075412956,0.0049850456,0.00613137,0.0075412956,0.006569319,0.0075412956,0.0070385495,0.0070385495,0.006569319,0.0046527134,0.0046527134,0.005341115,0.00613137,0.0070385495,0.006569319,0.0075412956,0.00613137,0.0070385495,0.0070385495,0.005722618,0.00613137,0.0046527134,0.005341115,0.005341115,0.00613137,0.005722618,0.005341115,0.005341115,0.005722618,0.0075412956,0.006569319,0.0046527134,0.006569319,0.00613137,0.005722618,0.0046527134,0.006569319,0.0046527134,0.0075412956,0.0075412956,0.0075412956,0.006569319,0.0075412956,0.006569319,0.0075412956,0.0075412956,0.006569319,0.005341115,0.0075412956,0.0075412956,0.0075412956,0.0046527134,0.0075412956,0.006569319,0.0075412956,0.0075412956,0.00613137,0.00613137,0.00613137,0.0049850456,0.0049850456,0.0070385495,0.0049850456,0.00613137,0.0046527134,0.005341115,0.005722618,0.005722618,0.0075412956,0.0046527134,0.0049850456,0.0046527134,0.0075412956,0.00613137,0.0075412956,0.0075412956,0.0075412956,0.0075412956,0.005341115,0.0046527134,0.0046527134,0.0046527134,0.0075412956,0.0075412956,0.0075412956,0.005341115,0.0075412956,0.0075412956,0.006569319,0.0075412956,0.0046527134,0.0075412956,0.0075412956,0.0075412956,0.0046527134,0.00613137,0.0049850456,0.005722618,0.0075412956,0.006569319,0.005341115,0.006569319,0.0046527134,0.005722618,0.005341115,0.0046527134,0.005722618,0.0075412956,0.0075412956,0.0046527134,0.006569319,0.00613137,0.0046527134,0.0070385495,0.0075412956,0.0075412956,0.0049850456,0.0075412956,0.0070385495,0.0075412956,0.0075412956,0.005722618,0.0070385495,0.006569319,0.005341115,0.005341115,0.00613137,0.00613137,0.005722618,0.006569319,0.0070385495,0.005341115,0.005341115,0.0046527134,0.0046527134,0.006569319,0.005341115,0.005722618,0.006569319,0.005722618,0.0046527134,0.0070385495,0.005341115,0.0075412956,0.0075412956,0.0075412956,0.0046527134,0.0046527134,0.005341115,0.0075412956,0.0075412956,0.00613137,0.005722618,0.0049850456,0.006569319,0.005722618,0.0046527134,1,1
0.0062990338,0.00723102,0.0077475137,0.0077475137,0.004779943,0.006748958,0.0077475137,0.006748958,0.0077475137,0.0051213624,0.006748958,0.006748958,0.0051213624,0.004779943,0.006748958,0.0077475137,0.005879104,0.005879104,0.0077475137,0.0051213624,0.006748958,0.00723102,0.0062990338,0.005879104,0.004779943,0.0077475137,0.0054871687,0.004779943,0.004779943,0.0077475137,0.00723102,0.0062990338,0.00723102,0.0062990338,0.0062990338,0.004779943,0.0051213624,0.0077475137,0.0051213624,0.005879104,0.004779943,0.0062990338,0.0077475137,0.005879104,0.0077475137,0.004779943,0.004779943,0.0077475137,0.0062990338,0.0054871687,0.0054871687,0.0062990338,0.0077475137,0.004779943,0.0054871687,0.004779943,0.004779943,0.0077475137,0.0062990338,0.0062990338,0.0077475137,0.005879104,0.005879104,0.004779943,0.0077475137,0.0051213624,0.005879104,0.005879104,0.006748958,0.00723102,0.0077475137,0.0077475137,0.0054871687,0.0051213624,0.004779943,0.0051213624,0.0051213624,0.0077475137,0.0062990338,0.0051213624,0.004779943,0.004779943,0.0077475137,0.0077475137,0.00723102,0.004779943,0.005879104,0.0077475137,0.00723102,0.005879104,0.005879104,0.006748958,0.0077475137,0.004779943,0.0077475137,0.006748958,0.0051213624,0.00723102,0.0062990338,0.006748958,0.00723102,0.006748958,0.0077475137,0.0062990338,0.0062990338,0.0054871687,0.0054871687,0.0077475137,0.004779943,0.0077475137,0.004779943,0.0054871687,0.006748958,0.004779943,0.0051213624,0.004779943,0.006748958,0.0077475137,0.006748958,0.004779943,0.004779943,0.0051213624,0.0077475137,0.0077475137,0.005879104,0.0062990338,0.006748958,0.0062990338,0.006748958,0.0062990338,0.0077475137,0.0054871687,0.005879104,0.006748958,0.006748958,0.005879104,0.0051213624,0.0054871687,0.0077475137,0.0054871687,0.0051213624,0.005879104,0.0062990338,0.0051213624,0.0062990338,0.006748958,0.0077475137,0.0077475137,0.0077475137,0.004779943,0.0051213624,0.0054871687,0.006748958,0.00723102,0.004779943,0.0077475137,0.0062990338,0.0062990338,0.0054871687,0.004779943,2,2
0.005294248,0.0069767875,0.004941303,0.0065116743,0.008009052,0.0056724027,0.004941303,0.004941303,0.004941303,0.008009052,0.0065116743,0.0056724027,0.004941303,0.005294248,0.008009052,0.006077569,0.0069767875,0.0069767875,0.004941303,0.0065116743,0.004941303,0.0074751223,0.0065116743,0.005294248,0.008009052,0.008009052,0.0056724027,0.005294248,0.004941303,0.008009052,0.008009052,0.0056724027,0.004941303,0.0069767875,0.008009052,0.005294248,0.006077569,0.0065116743,0.0056724027,0.008009052,0.004941303,0.006077569,0.008009052,0.0065116743,0.008009052,0.0069767875,0.006077569,0.004941303,0.004941303,0.008009052,0.0065116743,0.005294248,0.0065116743,0.004941303,0.008009052,0.004941303,0.0069767875,0.005294248,0.004941303,0.0074751223,0.008009052,0.005294248,0.0065116743,0.0056724027,0.008009052,0.005294248,0.0065116743,0.006077569,0.006077569,0.008009052,0.004941303,0.004941303,0.004941303,0.005294248,0.008009052,0.005294248,0.0056724027,0.004941303,0.0056724027,0.0056724027,0.004941303,0.005294248,0.004941303,0.008009052,0.008009052,0.004941303,0.004941303,0.005294248,0.0069767875,0.006077569,0.006077569,0.0069767875,0.004941303,0.008009052,0.008009052,0.006077569,0.004941303,0.0056724027,0.0069767875,0.008009052,0.0069767875,0.0065116743,0.0065116743,0.0056724027,0.0074751223,0.008009052,0.0069767875,0.0056724027,0.004941303,0.008009052,0.0074751223,0.0069767875,0.006077569,0.0074751223,0.0074751223,0.006077569,0.0069767875,0.004941303,0.0065116743,0.0065116743,0.0065116743,0.0065116743,0.004941303,0.004941303,0.0069767875,0.004941303,0.005294248,0.0056724027,0.008009052,0.004941303,0.0069767875,0.0056724027,0.0074751223,0.0065116743,0.0074751223,0.006077569,0.004941303,0.004941303,0.004941303,0.0074751223,0.006077569,0.0056724027,0.006077569,0.0065116743,0.0074751223,0.004941303,0.0065116743,0.004941303,0.004941303,0.008009052,0.004941303,0.0056724027,0.004941303,0.0065116743,0.0074751223,0.008009052,0.006077569,0.004941303,0.004941303,0.008009052,4,4
0.0063280044,0.0063280044,0.0077831466,0.0077831466,0.004801927,0.0059061437,0.0077831466,0.0067799985,0.0077831466,0.0077831466,0.0055124057,0.005144917,0.0067799985,0.004801927,0.0077831466,0.005144917,0.0063280044,0.0063280044,0.0077831466,0.0055124057,0.0067799985,0.007264277,0.0059061437,0.005144917,0.004801927,0.0077831466,0.0067799985,0.0055124057,0.0055124057,0.0055124057,0.0067799985,0.0059061437,0.0059061437,0.0063280044,0.0077831466,0.004801927,0.0055124057,0.0077831466,0.005144917,0.0055124057,0.005144917,0.0063280044,0.0077831466,0.0059061437,0.0077831466,0.004801927,0.004801927,0.0077831466,0.004801927,0.0063280044,0.0055124057,0.0063280044,0.0077831466,0.004801927,0.0055124057,0.004801927,0.004801927,0.0077831466,0.0063280044,0.0063280044,0.0055124057,0.005144917,0.007264277,0.004801927,0.0077831466,0.0055124057,0.0055124057,0.005144917,0.0055124057,0.007264277,0.007264277,0.0063280044,0.0055124057,0.005144917,0.007264277,0.0055124057,0.005144917,0.0077831466,0.0067799985,0.0055124057,0.004801927,0.0059061437,0.0077831466,0.0077831466,0.0067799985,0.004801927,0.0059061437,0.0077831466,0.007264277,0.0059061437,0.0067799985,0.0067799985,0.0077831466,0.004801927,0.0077831466,0.0055124057,0.004801927,0.0077831466,0.0059061437,0.007264277,0.007264277,0.0063280044,0.0063280044,0.004801927,0.0059061437,0.0059061437,0.0055124057,0.0067799985,0.004801927,0.0077831466,0.0059061437,0.0067799985,0.007264277,0.0059061437,0.0063280044,0.0059061437,0.0059061437,0.0077831466,0.004801927,0.0059061437,0.004801927,0.005144917,0.0077831466,0.0077831466,0.004801927,0.0067799985,0.0067799985,0.0059061437,0.007264277,0.0063280044,0.0067799985,0.0059061437,0.007264277,0.007264277,0.0059061437,0.0055124057,0.0063280044,0.0055124057,0.0077831466,0.0055124057,0.0067799985,0.0059061437,0.0063280044,0.0055124057,0.0059061437,0.005144917,0.0077831466,0.0077831466,0.0077831466,0.004801927,0.005144917,0.0055124057,0.0067799985,0.007264277,0.005144917,0.0059061437,0.0063280044,0.0063280044,0.0063280044,0.004801927,2,2
0.00491946,0.00491946,0.007973649,0.007973649,0.00491946,0.0052708453,0.007973649,0.006945947,0.007973649,0.007973649,0.005647328,0.0052708453,0.0064828903,0.00491946,0.007973649,0.0052708453,0.005647328,0.0060507036,0.007973649,0.00491946,0.00491946,0.0064828903,0.0060507036,0.0060507036,0.00491946,0.006945947,0.005647328,0.0064828903,0.0052708453,0.0060507036,0.0064828903,0.006945947,0.006945947,0.0064828903,0.0064828903,0.005647328,0.00491946,0.007973649,0.00491946,0.005647328,0.00491946,0.0064828903,0.006945947,0.005647328,0.007973649,0.0052708453,0.00491946,0.007973649,0.00491946,0.0060507036,0.0060507036,0.0060507036,0.007973649,0.00491946,0.005647328,0.00491946,0.00491946,0.007973649,0.005647328,0.005647328,0.0060507036,0.0060507036,0.007442079,0.00491946,0.007973649,0.0064828903,0.005647328,0.0052708453,0.0052708453,0.0060507036,0.00491946,0.005647328,0.005647328,0.005647328,0.007973649,0.005647328,0.0052708453,0.007973649,0.0060507036,0.0052708453,0.00491946,0.00491946,0.007973649,0.007973649,0.007973649,0.00491946,0.005647328,0.007973649,0.007442079,0.0060507036,0.006945947,0.0064828903,0.007973649,0.00491946,0.007973649,0.00491946,0.00491946,0.007973649,0.005647328,0.006945947,0.006945947,0.0064828903,0.006945947,0.00491946,0.006945947,0.00491946,0.005647328,0.007973649,0.005647328,0.007973649,0.00491946,0.00491946,0.006945947,0.0052708453,0.0064828903,0.0060507036,0.0060507036,0.007973649,0.0052708453,0.00491946,0.00491946,0.0052708453,0.007973649,0.007973649,0.005647328,0.00491946,0.007973649,0.006945947,0.007973649,0.006945947,0.006945947,0.005647328,0.007442079,0.006945947,0.005647328,0.005647328,0.005647328,0.00491946,0.006945947,0.005647328,0.00491946,0.0052708453,0.007442079,0.00491946,0.0060507036,0.005647328,0.007973649,0.007973649,0.007973649,0.007973649,0.0064828903,0.005647328,0.007442079,0.007442079,0.0052708453,0.005647328,0.005647328,0.006945947,0.0060507036,0.0052708453,2,2
0.005476326,0.005867487,0.0077322046,0.0077322046,0.004770498,0.0062865866,0.0077322046,0.006735622,0.007216731,0.0077322046,0.005476326,0.005476326,0.007216731,0.004770498,0.0077322046,0.0051112426,0.005867487,0.006735622,0.0077322046,0.004770498,0.007216731,0.007216731,0.0062865866,0.0062865866,0.004770498,0.0077322046,0.005476326,0.005476326,0.0051112426,0.0062865866,0.0062865866,0.0062865866,0.0062865866,0.006735622,0.006735622,0.004770498,0.004770498,0.0077322046,0.0051112426,0.005476326,0.004770498,0.005867487,0.0077322046,0.005867487,0.0077322046,0.004770498,0.004770498,0.0077322046,0.0051112426,0.0062865866,0.005476326,0.007216731,0.0077322046,0.004770498,0.005476326,0.004770498,0.004770498,0.0077322046,0.005867487,0.006735622,0.0062865866,0.0051112426,0.007216731,0.004770498,0.0077322046,0.005867487,0.005476326,0.0051112426,0.005476326,0.007216731,0.0051112426,0.005476326,0.005476326,0.005476326,0.005867487,0.005476326,0.0051112426,0.0077322046,0.006735622,0.005867487,0.004770498,0.0062865866,0.0077322046,0.0077322046,0.007216731,0.005476326,0.005867487,0.0077322046,0.007216731,0.005867487,0.006735622,0.006735622,0.0077322046,0.004770498,0.0077322046,0.007216731,0.0051112426,0.0077322046,0.0062865866,0.007216731,0.006735622,0.007216731,0.007216731,0.005867487,0.007216731,0.005476326,0.005476326,0.0077322046,0.004770498,0.0077322046,0.0062865866,0.007216731,0.0062865866,0.005867487,0.005867487,0.005476326,0.006735622,0.0077322046,0.005476326,0.005476326,0.005476326,0.0051112426,0.0077322046,0.0077322046,0.0051112426,0.0062865866,0.006735622,0.0062865866,0.0077322046,0.0062865866,0.006735622,0.005476326,0.007216731,0.007216731,0.0051112426,0.005867487,0.0051112426,0.005476326,0.0077322046,0.005476326,0.007216731,0.006735622,0.0062865866,0.005476326,0.005867487,0.0051112426,0.0077322046,0.0077322046,0.0077322046,0.004770498,0.0051112426,0.005476326,0.006735622,0.007216731,0.004770498,0.0062865866,0.0062865866,0.005867487,0.005867487,0.004770498,2,2
0.006038504,0.007957572,0.0049095415,0.0074270745,0.006469819,0.0056359423,0.0069319424,0.0069319424,0.0074270745,0.007957572,0.0056359423,0.0056359423,0.0049095415,0.007957572,0.0069319424,0.0069319424,0.0069319424,0.005260218,0.007957572,0.0049095415,0.005260218,0.006469819,0.0056359423,0.006469819,0.0049095415,0.0074270745,0.0056359423,0.006469819,0.005260218,0.006469819,0.007957572,0.006038504,0.0049095415,0.006038504,0.007957572,0.0056359423,0.006469819,0.0056359423,0.005260218,0.0056359423,0.0049095415,0.006469819,0.007957572,0.006038504,0.007957572,0.006469819,0.006469819,0.0049095415,0.007957572,0.0074270745,0.0056359423,0.006469819,0.0049095415,0.0074270745,0.0056359423,0.0049095415,0.006038504,0.0049095415,0.007957572,0.0049095415,0.007957572,0.006038504,0.005260218,0.0069319424,0.0056359423,0.006469819,0.006469819,0.0049095415,0.007957572,0.0049095415,0.0049095415,0.006469819,0.005260218,0.0056359423,0.007957572,0.0049095415,0.005260218,0.0049095415,0.007957572,0.005260218,0.0049095415,0.006038504,0.007957572,0.007957572,0.006469819,0.0049095415,0.005260218,0.0049095415,0.006038504,0.006469819,0.006038504,0.006469819,0.0049095415,0.007957572,0.006038504,0.0056359423,0.0049095415,0.0056359423,0.006469819,0.007957572,0.0056359423,0.006469819,0.0049095415,0.0049095415,0.0069319424,0.0049095415,0.0056359423,0.0049095415,0.007957572,0.006038504,0.007957572,0.007957572,0.0049095415,0.0074270745,0.0074270745,0.006038504,0.0069319424,0.0056359423,0.006038504,0.0049095415,0.006038504,0.005260218,0.005260218,0.007957572,0.006469819,0.0049095415,0.007957572,0.006469819,0.007957572,0.0069319424,0.0074270745,0.0074270745,0.0074270745,0.0074270745,0.006038504,0.006469819,0.0049095415,0.0049095415,0.006469819,0.0056359423,0.005260218,0.006038504,0.006469819,0.0069319424,0.0056359423,0.0049095415,0.0069319424,0.007957572,0.007957572,0.007957572,0.006038504,0.0056359423,0.0056359423,0.0069319424,0.006469819,0.006038504,0.006038504,0.006038504,0.0056359423,0.0049095415,1,4
0.0061692963,0.0061692963,0.0075879428,0.0075879428,0.004681493,0.006609954,0.0075879428,0.0070820865,0.0075879428,0.005015881,0.0075879428,0.0061692963,0.004681493,0.004681493,0.0075879428,0.006609954,0.006609954,0.0061692963,0.0075879428,0.0061692963,0.0075879428,0.0070820865,0.005758016,0.0061692963,0.005015881,0.0075879428,0.0053741527,0.0053741527,0.004681493,0.0070820865,0.0061692963,0.0053741527,0.0075879428,0.006609954,0.004681493,0.0053741527,0.0053741527,0.0075879428,0.005758016,0.0075879428,0.004681493,0.0061692963,0.0075879428,0.006609954,0.0075879428,0.005758016,0.0053741527,0.0075879428,0.0075879428,0.006609954,0.005758016,0.006609954,0.006609954,0.0075879428,0.0053741527,0.0075879428,0.005758016,0.0075879428,0.0075879428,0.006609954,0.006609954,0.0053741527,0.005015881,0.005015881,0.0075879428,0.005015881,0.005758016,0.005015881,0.005758016,0.0070820865,0.0075879428,0.0075879428,0.005015881,0.0053741527,0.005758016,0.0075879428,0.005758016,0.0075879428,0.0075879428,0.0075879428,0.005015881,0.004681493,0.005758016,0.004681493,0.005758016,0.004681493,0.005758016,0.0075879428,0.0061692963,0.005758016,0.0075879428,0.006609954,0.0075879428,0.004681493,0.0075879428,0.004681493,0.0053741527,0.0053741527,0.0061692963,0.004681493,0.0053741527,0.0061692963,0.0061692963,0.005758016,0.0070820865,0.004681493,0.0053741527,0.005758016,0.004681493,0.006609954,0.0070820865,0.0075879428,0.004681493,0.0075879428,0.0070820865,0.005758016,0.006609954,0.0075879428,0.0075879428,0.0053741527,0.0061692963,0.005758016,0.0075879428,0.0075879428,0.0053741527,0.005758016,0.0061692963,0.0061692963,0.0070820865,0.0061692963,0.0075879428,0.0053741527,0.0053741527,0.005758016,0.006609954,0.0061692963,0.005758016,0.005015881,0.006609954,0.0053741527,0.0053741527,0.005758016,0.005015881,0.0053741527,0.006609954,0.005015881,0.0075879428,0.0075879428,0.0075879428,0.004681493,0.004681493,0.0053741527,0.0075879428,0.0075879428,0.0061692963,0.0070820865,0.005758016,0.0075879428,0.006609954,0.004681493,2,2
0.0049425634,0.0049425634,0.0060791196,0.008011095,0.0052955984,0.0060791196,0.0049425634,0.006978567,0.008011095,0.008011095,0.0060791196,0.0052955984,0.0049425634,0.008011095,0.008011095,0.006978567,0.0049425634,0.0052955984,0.008011095,0.0065133357,0.00567385,0.007477029,0.00567385,0.0052955984,0.00567385,0.006978567,0.0060791196,0.0060791196,0.0060791196,0.0049425634,0.008011095,0.0060791196,0.0049425634,0.00567385,0.008011095,0.0060791196,0.00567385,0.0049425634,0.0065133357,0.0065133357,0.0049425634,0.006978567,0.006978567,0.00567385,0.008011095,0.007477029,0.0060791196,0.006978567,0.008011095,0.00567385,0.0065133357,0.0060791196,0.0065133357,0.008011095,0.00567385,0.00567385,0.0060791196,0.0049425634,0.007477029,0.0049425634,0.008011095,0.0052955984,0.0049425634,0.00567385,0.00567385,0.0065133357,0.0060791196,0.0049425634,0.0065133357,0.00567385,0.0052955984,0.0049425634,0.00567385,0.00567385,0.008011095,0.0049425634,0.0052955984,0.0049425634,0.006978567,0.0049425634,0.0049425634,0.0049425634,0.008011095,0.008011095,0.008011095,0.0049425634,0.0060791196,0.0065133357,0.0065133357,0.0065133357,0.0060791196,0.0049425634,0.0049425634,0.008011095,0.0049425634,0.0052955984,0.0049425634,0.00567385,0.007477029,0.008011095,0.008011095,0.006978567,0.0052955984,0.0049425634,0.00567385,0.0052955984,0.00567385,0.0049425634,0.008011095,0.0060791196,0.0065133357,0.007477029,0.0049425634,0.007477029,0.0060791196,0.0060791196,0.006978567,0.00567385,0.0060791196,0.0049425634,0.0049425634,0.0052955984,0.006978567,0.008011095,0.00567385,0.0049425634,0.008011095,0.0065133357,0.008011095,0.008011095,0.006978567,0.0060791196,0.007477029,0.007477029,0.0060791196,0.0060791196,0.0049425634,0.0049425634,0.0065133357,0.006978567,0.0052955984,0.0060791196,0.0065133357,0.006978567,0.0060791196,0.0052955984,0.008011095,0.008011095,0.008011095,0.008011095,0.00567385,0.00567385,0.006978567,0.007477029,0.0049425634,0.0060791196,0.0052955984,0.0052955984,0.006978567,0.0049425634,3,4
0.006186243,0.007101541,0.0076087867,0.0076087867,0.0046943533,0.007101541,0.0076087867,0.006628111,0.0076087867,0.0046943533,0.0076087867,0.006628111,0.0046943533,0.0046943533,0.0076087867,0.0076087867,0.006186243,0.0053889155,0.0076087867,0.005773833,0.0076087867,0.007101541,0.0053889155,0.0050296593,0.0046943533,0.0076087867,0.0053889155,0.0046943533,0.0046943533,0.005773833,0.005773833,0.0053889155,0.0076087867,0.007101541,0.0046943533,0.006186243,0.005773833,0.006186243,0.0046943533,0.0076087867,0.0046943533,0.007101541,0.0076087867,0.006186243,0.0076087867,0.007101541,0.006186243,0.0076087867,0.0076087867,0.007101541,0.007101541,0.007101541,0.005773833,0.006186243,0.0046943533,0.0076087867,0.005773833,0.0076087867,0.0076087867,0.006628111,0.0076087867,0.005773833,0.0046943533,0.0046943533,0.0076087867,0.0050296593,0.005773833,0.0053889155,0.005773833,0.0076087867,0.0076087867,0.0076087867,0.0050296593,0.0050296593,0.005773833,0.0076087867,0.005773833,0.0076087867,0.0076087867,0.006186243,0.006628111,0.0050296593,0.006186243,0.0046943533,0.006186243,0.005773833,0.007101541,0.0076087867,0.006186243,0.0050296593,0.0076087867,0.006628111,0.0076087867,0.0046943533,0.0076087867,0.005773833,0.006186243,0.0053889155,0.006186243,0.0050296593,0.0053889155,0.006186243,0.0053889155,0.0050296593,0.0053889155,0.0046943533,0.005773833,0.0053889155,0.0046943533,0.007101541,0.0076087867,0.0076087867,0.0046943533,0.0053889155,0.007101541,0.006186243,0.006628111,0.0053889155,0.0053889155,0.005773833,0.006628111,0.006628111,0.0076087867,0.0076087867,0.007101541,0.006186243,0.006628111,0.005773833,0.006628111,0.006186243,0.0076087867,0.0053889155,0.0050296593,0.006186243,0.006628111,0.0076087867,0.006186243,0.0046943533,0.005773833,0.006628111,0.0053889155,0.005773833,0.0050296593,0.0050296593,0.007101541,0.006186243,0.0076087867,0.0076087867,0.0076087867,0.0046943533,0.005773833,0.0053889155,0.006186243,0.006186243,0.0053889155,0.0076087867,0.006186243,0.006186243,0.0053889155,0.0046943533,2,4
0.007448198,0.007448198,0.007448198,0.007448198,0.0045952755,0.006951658,0.007448198,0.0064882203,0.007448198,0.0045952755,0.006951658,0.006055678,0.0045952755,0.0045952755,0.0052751782,0.007448198,0.006055678,0.0052751782,0.007448198,0.005651972,0.006951658,0.006951658,0.0052751782,0.004923505,0.0045952755,0.007448198,0.0052751782,0.005651972,0.004923505,0.007448198,0.007448198,0.005651972,0.007448198,0.005651972,0.0045952755,0.007448198,0.005651972,0.006055678,0.0045952755,0.007448198,0.0052751782,0.007448198,0.007448198,0.007448198,0.004923505,0.007448198,0.0064882203,0.007448198,0.007448198,0.007448198,0.007448198,0.007448198,0.006951658,0.007448198,0.0064882203,0.007448198,0.0064882203,0.007448198,0.007448198,0.005651972,0.007448198,0.004923505,0.0045952755,0.0045952755,0.007448198,0.006055678,0.006055678,0.004923505,0.005651972,0.006055678,0.0064882203,0.007448198,0.0045952755,0.0052751782,0.0045952755,0.007448198,0.0052751782,0.006951658,0.006951658,0.0064882203,0.007448198,0.0045952755,0.0045952755,0.0045952755,0.0045952755,0.007448198,0.006951658,0.007448198,0.005651972,0.007448198,0.007448198,0.0064882203,0.007448198,0.0045952755,0.007448198,0.007448198,0.007448198,0.0045952755,0.004923505,0.0045952755,0.0052751782,0.0064882203,0.0064882203,0.005651972,0.006951658,0.0045952755,0.0052751782,0.0052751782,0.0045952755,0.006951658,0.006951658,0.007448198,0.0052751782,0.007448198,0.0064882203,0.0052751782,0.006951658,0.007448198,0.007448198,0.0045952755,0.007448198,0.006055678,0.007448198,0.007448198,0.0064882203,0.0064882203,0.006055678,0.004923505,0.006055678,0.006055678,0.007448198,0.0052751782,0.0064882203,0.006951658,0.0064882203,0.0064882203,0.004923505,0.0045952755,0.006055678,0.0052751782,0.0064882203,0.0064882203,0.0045952755,0.0045952755,0.005651972,0.006951658,0.007448198,0.007448198,0.007448198,0.0045952755,0.006055678,0.0052751782,0.007448198,0.007448198,0.0064882203,0.007448198,0.0052751782,0.0052751782,0.0052751782,0.0052751782,0,2
0.004801948,0.00551243,0.0063280324,0.0077831806,0.004801948,0.0059061693,0.0077831806,0.006780028,0.006780028,0.0077831806,0.0063280324,0.0059061693,0.0059061693,0.0072643086,0.0072643086,0.006780028,0.0072643086,0.0063280324,0.0077831806,0.00551243,0.0063280324,0.0072643086,0.0059061693,0.0059061693,0.004801948,0.0072643086,0.006780028,0.0063280324,0.00551243,0.006780028,0.0077831806,0.00551243,0.00551243,0.006780028,0.0077831806,0.0051449393,0.00551243,0.0051449393,0.00551243,0.006780028,0.004801948,0.006780028,0.0077831806,0.006780028,0.0077831806,0.004801948,0.0051449393,0.0059061693,0.0077831806,0.0063280324,0.00551243,0.004801948,0.006780028,0.0072643086,0.0063280324,0.004801948,0.0059061693,0.0059061693,0.0063280324,0.004801948,0.0063280324,0.0051449393,0.006780028,0.004801948,0.0077831806,0.0051449393,0.0063280324,0.0051449393,0.0072643086,0.0072643086,0.00551243,0.0077831806,0.00551243,0.00551243,0.0072643086,0.004801948,0.0051449393,0.006780028,0.00551243,0.006780028,0.0051449393,0.0051449393,0.0077831806,0.0077831806,0.0077831806,0.004801948,0.0051449393,0.0051449393,0.006780028,0.0059061693,0.0059061693,0.006780028,0.004801948,0.0063280324,0.0077831806,0.00551243,0.004801948,0.006780028,0.006780028,0.006780028,0.0077831806,0.0077831806,0.006780028,0.0059061693,0.0063280324,0.004801948,0.00551243,0.004801948,0.0077831806,0.0072643086,0.0063280324,0.0072643086,0.0051449393,0.0077831806,0.0051449393,0.0059061693,0.006780028,0.00551243,0.0063280324,0.004801948,0.004801948,0.0051449393,0.0059061693,0.0077831806,0.00551243,0.0059061693,0.006780028,0.0063280324,0.0077831806,0.0063280324,0.0063280324,0.0063280324,0.0063280324,0.006780028,0.0059061693,0.006780028,0.0051449393,0.0051449393,0.0077831806,0.0063280324,0.004801948,0.0051449393,0.006780028,0.0063280324,0.0063280324,0.0051449393,0.0077831806,0.0077831806,0.0077831806,0.004801948,0.0059061693,0.00551243,0.006780028,0.0072643086,0.0063280324,0.0077831806,0.0063280324,0.0063280324,0.0059061693,0.004801948,3,3
0.006242718,0.0076782485,0.0076782485,0.0076782485,0.0047372086,0.006242718,0.0076782485,0.006242718,0.0066886204,0.006242718,0.0054381117,0.005075576,0.0066886204,0.0047372086,0.0076782485,0.005075576,0.005826543,0.0066886204,0.0076782485,0.005826543,0.006242718,0.007166372,0.0054381117,0.005826543,0.0047372086,0.0076782485,0.0066886204,0.006242718,0.0054381117,0.0076782485,0.0076782485,0.005826543,0.0076782485,0.0066886204,0.0076782485,0.0047372086,0.005075576,0.0076782485,0.0047372086,0.0054381117,0.0047372086,0.0066886204,0.0076782485,0.006242718,0.0076782485,0.005075576,0.0047372086,0.0076782485,0.005826543,0.005826543,0.0054381117,0.0054381117,0.0076782485,0.0047372086,0.0054381117,0.0047372086,0.0047372086,0.0076782485,0.006242718,0.0054381117,0.0076782485,0.005826543,0.0066886204,0.0047372086,0.0076782485,0.005075576,0.0054381117,0.005826543,0.0066886204,0.006242718,0.006242718,0.0076782485,0.0054381117,0.0054381117,0.0047372086,0.006242718,0.0054381117,0.0076782485,0.006242718,0.0054381117,0.0047372086,0.0047372086,0.0076782485,0.0076782485,0.007166372,0.0066886204,0.005826543,0.0076782485,0.0076782485,0.005826543,0.0066886204,0.006242718,0.0076782485,0.0047372086,0.0076782485,0.005826543,0.0047372086,0.0076782485,0.005826543,0.0066886204,0.005826543,0.006242718,0.0076782485,0.005826543,0.006242718,0.005075576,0.0054381117,0.0076782485,0.0047372086,0.0076782485,0.0066886204,0.007166372,0.0054381117,0.0076782485,0.005826543,0.005075576,0.006242718,0.0076782485,0.0066886204,0.005826543,0.0047372086,0.005075576,0.0076782485,0.0076782485,0.005075576,0.0076782485,0.0076782485,0.0054381117,0.0054381117,0.007166372,0.006242718,0.0054381117,0.006242718,0.007166372,0.006242718,0.0066886204,0.005826543,0.0047372086,0.0066886204,0.006242718,0.005826543,0.0066886204,0.006242718,0.005075576,0.0054381117,0.005075576,0.0076782485,0.0076782485,0.0076782485,0.0047372086,0.005075576,0.0054381117,0.0066886204,0.007166372,0.0054381117,0.0076782485,0.006242718,0.006242718,0.0054381117,0.0047372086,1,2
0.007392351,0.0052356254,0.007920369,0.007920369,0.004886588,0.007920369,0.0052356254,0.004886588,0.004886588,0.004886588,0.007392351,0.0064395713,0.004886588,0.006010273,0.007920369,0.0064395713,0.006010273,0.006010273,0.004886588,0.0064395713,0.0064395713,0.005609593,0.0064395713,0.006010273,0.006010273,0.007920369,0.006010273,0.005609593,0.004886588,0.007920369,0.007392351,0.0052356254,0.004886588,0.006010273,0.007920369,0.0064395713,0.0064395713,0.005609593,0.0064395713,0.007920369,0.0068995343,0.0064395713,0.005609593,0.0052356254,0.0064395713,0.007920369,0.0064395713,0.005609593,0.004886588,0.006010273,0.007920369,0.006010273,0.0064395713,0.004886588,0.007920369,0.0052356254,0.0064395713,0.004886588,0.004886588,0.004886588,0.007920369,0.0064395713,0.0052356254,0.004886588,0.007920369,0.007392351,0.0064395713,0.0052356254,0.004886588,0.0052356254,0.007920369,0.007920369,0.004886588,0.0052356254,0.004886588,0.007920369,0.0064395713,0.004886588,0.004886588,0.004886588,0.0052356254,0.007920369,0.0064395713,0.004886588,0.007920369,0.004886588,0.004886588,0.0052356254,0.0068995343,0.006010273,0.006010273,0.0068995343,0.004886588,0.007920369,0.007920369,0.0068995343,0.004886588,0.006010273,0.004886588,0.007920369,0.007920369,0.007392351,0.006010273,0.004886588,0.007392351,0.007920369,0.007920369,0.004886588,0.004886588,0.007920369,0.007920369,0.007920369,0.0064395713,0.004886588,0.0068995343,0.007920369,0.0064395713,0.004886588,0.0052356254,0.004886588,0.007392351,0.0068995343,0.007920369,0.004886588,0.004886588,0.006010273,0.0064395713,0.006010273,0.007392351,0.004886588,0.007920369,0.005609593,0.005609593,0.004886588,0.0068995343,0.006010273,0.0064395713,0.007920369,0.004886588,0.005609593,0.007920369,0.0064395713,0.004886588,0.0064395713,0.0064395713,0.007920369,0.004886588,0.007920369,0.007920369,0.004886588,0.0068995343,0.005609593,0.004886588,0.006010273,0.007920369,0.007920369,0.0064395713,0.004886588,0.004886588,0.006010273,2,0
0.0074220393,0.0074220393,0.0074220393,0.0074220393,0.005256652,0.0074220393,0.0074220393,0.0069272434,0.0074220393,0.00603441,0.006465433,0.005632122,0.0045791366,0.0045791366,0.005256652,0.006465433,0.006465433,0.005256652,0.0074220393,0.00603441,0.0069272434,0.0069272434,0.00603441,0.005256652,0.00603441,0.00603441,0.005256652,0.00603441,0.005256652,0.0074220393,0.0074220393,0.005632122,0.0074220393,0.005632122,0.0045791366,0.0069272434,0.00603441,0.005632122,0.0045791366,0.0074220393,0.0045791366,0.0074220393,0.0074220393,0.0074220393,0.006465433,0.0074220393,0.006465433,0.0074220393,0.0074220393,0.0069272434,0.005256652,0.0074220393,0.0074220393,0.0074220393,0.0045791366,0.0074220393,0.00603441,0.0074220393,0.0074220393,0.006465433,0.0074220393,0.005632122,0.0045791366,0.0049062134,0.0074220393,0.005632122,0.00603441,0.0045791366,0.005256652,0.005256652,0.0045791366,0.0074220393,0.0045791366,0.005256652,0.0045791366,0.0074220393,0.00603441,0.0074220393,0.0074220393,0.0074220393,0.0074220393,0.0045791366,0.0045791366,0.0045791366,0.0045791366,0.0074220393,0.0074220393,0.0074220393,0.0049062134,0.0074220393,0.0074220393,0.006465433,0.0074220393,0.0045791366,0.0074220393,0.0074220393,0.0074220393,0.0045791366,0.00603441,0.0045791366,0.005256652,0.0074220393,0.00603441,0.0049062134,0.0069272434,0.0045791366,0.00603441,0.005256652,0.0045791366,0.005256652,0.0074220393,0.0074220393,0.0045791366,0.0069272434,0.006465433,0.0049062134,0.006465433,0.0074220393,0.0069272434,0.0045791366,0.0074220393,0.006465433,0.0074220393,0.0074220393,0.0074220393,0.0074220393,0.00603441,0.0045791366,0.0045791366,0.006465433,0.006465433,0.005256652,0.00603441,0.0069272434,0.00603441,0.0069272434,0.0049062134,0.0045791366,0.00603441,0.005632122,0.005632122,0.006465433,0.005256652,0.0045791366,0.006465433,0.005256652,0.0074220393,0.0074220393,0.0074220393,0.0045791366,0.005632122,0.005256652,0.0069272434,0.0074220393,0.0074220393,0.0045791366,0.0074220393,0.0074220393,0.0074220393,0.0074220393,0,1
0.007089868,0.00759628,0.00759628,0.00759628,0.005021392,0.007089868,0.00759628,0.0057643424,0.0066172164,0.004686637,0.0057643424,0.0061760745,0.004686637,0.004686637,0.004686637,0.0061760745,0.007089868,0.0066172164,0.00759628,0.0057643424,0.007089868,0.007089868,0.0061760745,0.0061760745,0.004686637,0.004686637,0.0053800573,0.0061760745,0.0061760745,0.004686637,0.004686637,0.0061760745,0.00759628,0.0066172164,0.004686637,0.007089868,0.0061760745,0.0057643424,0.004686637,0.00759628,0.004686637,0.00759628,0.00759628,0.00759628,0.0066172164,0.00759628,0.0066172164,0.00759628,0.00759628,0.007089868,0.0053800573,0.00759628,0.00759628,0.00759628,0.004686637,0.00759628,0.0066172164,0.00759628,0.00759628,0.0061760745,0.004686637,0.00759628,0.004686637,0.004686637,0.0053800573,0.0053800573,0.0061760745,0.0053800573,0.0057643424,0.007089868,0.0053800573,0.00759628,0.004686637,0.005021392,0.004686637,0.0061760745,0.0061760745,0.00759628,0.00759628,0.00759628,0.00759628,0.005021392,0.004686637,0.004686637,0.004686637,0.004686637,0.00759628,0.00759628,0.0057643424,0.004686637,0.00759628,0.0066172164,0.00759628,0.004686637,0.00759628,0.00759628,0.00759628,0.004686637,0.0061760745,0.004686637,0.0053800573,0.00759628,0.0066172164,0.005021392,0.005021392,0.004686637,0.0061760745,0.0061760745,0.004686637,0.004686637,0.007089868,0.00759628,0.0053800573,0.00759628,0.0061760745,0.004686637,0.0066172164,0.00759628,0.00759628,0.0053800573,0.00759628,0.007089868,0.00759628,0.00759628,0.00759628,0.00759628,0.007089868,0.004686637,0.004686637,0.0066172164,0.0061760745,0.0053800573,0.005021392,0.0061760745,0.0053800573,0.0061760745,0.005021392,0.004686637,0.0061760745,0.0057643424,0.0053800573,0.0066172164,0.0057643424,0.004686637,0.0066172164,0.0066172164,0.00759628,0.00759628,0.00759628,0.004686637,0.004686637,0.0053800573,0.00759628,0.00759628,0.0066172164,0.004686637,0.007089868,0.00759628,0.00759628,0.0066172164,1,1
0.0050722817,0.0054345825,0.0050722817,0.0050722817,0.008221348,0.0054345825,0.008221348,0.0050722817,0.0050722817,0.008221348,0.0076732654,0.0054345825,0.0050722817,0.008221348,0.008221348,0.0054345825,0.0054345825,0.0050722817,0.0050722817,0.008221348,0.005822761,0.0062386673,0.0054345825,0.0050722817,0.007161721,0.008221348,0.0066842795,0.0062386673,0.0050722817,0.008221348,0.008221348,0.0062386673,0.0050722817,0.0050722817,0.008221348,0.0066842795,0.0066842795,0.0050722817,0.0062386673,0.008221348,0.0050722817,0.0054345825,0.0062386673,0.005822761,0.0066842795,0.0062386673,0.0062386673,0.0050722817,0.0050722817,0.007161721,0.0076732654,0.0062386673,0.007161721,0.0050722817,0.0076732654,0.0050722817,0.007161721,0.0054345825,0.0050722817,0.0054345825,0.007161721,0.0066842795,0.0050722817,0.005822761,0.0062386673,0.0076732654,0.008221348,0.0050722817,0.0050722817,0.0050722817,0.0062386673,0.0054345825,0.0054345825,0.0054345825,0.008221348,0.0050722817,0.0066842795,0.0050722817,0.005822761,0.0050722817,0.005822761,0.008221348,0.0050722817,0.0054345825,0.008221348,0.0050722817,0.0054345825,0.005822761,0.0066842795,0.007161721,0.007161721,0.0066842795,0.0050722817,0.008221348,0.008221348,0.0062386673,0.0050722817,0.0066842795,0.0050722817,0.008221348,0.0066842795,0.0076732654,0.0050722817,0.0054345825,0.0066842795,0.008221348,0.008221348,0.0050722817,0.0050722817,0.008221348,0.0076732654,0.0076732654,0.0062386673,0.0050722817,0.005822761,0.0054345825,0.007161721,0.005822761,0.0054345825,0.0054345825,0.005822761,0.0054345825,0.0050722817,0.0050722817,0.0050722817,0.0050722817,0.0076732654,0.0050722817,0.0054345825,0.008221348,0.008221348,0.008221348,0.0050722817,0.0054345825,0.005822761,0.007161721,0.0062386673,0.0050722817,0.0050722817,0.0062386673,0.0076732654,0.007161721,0.005822761,0.0050722817,0.0076732654,0.0054345825,0.0076732654,0.0050722817,0.0050722817,0.008221348,0.007161721,0.005822761,0.0050722817,0.0054345825,0.008221348,0.005822761,0.0054345825,0.0054345825,0.007161721,0.0050722817,4,4
0.0062995073,0.0077480962,0.0077480962,0.0077480962,0.0047803023,0.0062995073,0.0077480962,0.0067494656,0.0077480962,0.0067494656,0.0054875812,0.0054875812,0.0067494656,0.0051217475,0.0067494656,0.0047803023,0.0054875812,0.0067494656,0.0077480962,0.0054875812,0.005879546,0.0072315633,0.0047803023,0.0054875812,0.0047803023,0.0077480962,0.0062995073,0.005879546,0.0047803023,0.0072315633,0.0077480962,0.005879546,0.0072315633,0.0062995073,0.0077480962,0.0047803023,0.0047803023,0.0077480962,0.0051217475,0.0054875812,0.0047803023,0.005879546,0.0077480962,0.005879546,0.0077480962,0.0051217475,0.0047803023,0.0077480962,0.0047803023,0.0067494656,0.0054875812,0.0067494656,0.0077480962,0.0047803023,0.0054875812,0.0047803023,0.0047803023,0.0077480962,0.005879546,0.0067494656,0.005879546,0.005879546,0.0067494656,0.0047803023,0.0077480962,0.0051217475,0.0054875812,0.005879546,0.005879546,0.0072315633,0.0077480962,0.0077480962,0.0054875812,0.0051217475,0.0047803023,0.0054875812,0.0051217475,0.0077480962,0.0062995073,0.005879546,0.0054875812,0.0054875812,0.0077480962,0.0077480962,0.0077480962,0.0062995073,0.005879546,0.0077480962,0.0077480962,0.005879546,0.0072315633,0.0062995073,0.0077480962,0.0047803023,0.0077480962,0.0047803023,0.0047803023,0.0072315633,0.0072315633,0.0072315633,0.0062995073,0.005879546,0.0072315633,0.0062995073,0.0067494656,0.0051217475,0.0054875812,0.0067494656,0.0051217475,0.0077480962,0.0051217475,0.0047803023,0.0072315633,0.0054875812,0.0072315633,0.0067494656,0.0072315633,0.0051217475,0.005879546,0.0067494656,0.0047803023,0.0051217475,0.0077480962,0.0077480962,0.0051217475,0.0062995073,0.0072315633,0.0062995073,0.0067494656,0.0062995073,0.0062995073,0.0054875812,0.0072315633,0.0072315633,0.005879546,0.005879546,0.0051217475,0.0051217475,0.0077480962,0.0054875812,0.0067494656,0.005879546,0.0062995073,0.0051217475,0.005879546,0.0051217475,0.0077480962,0.0077480962,0.0077480962,0.0047803023,0.0047803023,0.0054875812,0.0072315633,0.0072315633,0.0047803023,0.0062995073,0.0062995073,0.0062995073,0.005879546,0.0047803023,1,2
0.0052719335,0.007975295,0.0069473814,0.0056484947,0.007975295,0.006484229,0.0052719335,0.004920476,0.0052719335,0.007975295,0.007443616,0.0060519534,0.0052719335,0.0052719335,0.0069473814,0.0056484947,0.006484229,0.006484229,0.0052719335,0.006484229,0.0052719335,0.007443616,0.0056484947,0.0052719335,0.0069473814,0.006484229,0.0060519534,0.0060519534,0.004920476,0.007975295,0.007975295,0.0056484947,0.0052719335,0.0069473814,0.007975295,0.0060519534,0.006484229,0.006484229,0.0060519534,0.007975295,0.004920476,0.006484229,0.007975295,0.0069473814,0.007975295,0.007443616,0.006484229,0.004920476,0.004920476,0.007975295,0.0060519534,0.0060519534,0.0056484947,0.004920476,0.007975295,0.004920476,0.0069473814,0.004920476,0.004920476,0.007443616,0.007975295,0.0052719335,0.006484229,0.0052719335,0.007975295,0.0052719335,0.0056484947,0.0060519534,0.0056484947,0.007443616,0.0060519534,0.006484229,0.0056484947,0.0052719335,0.007975295,0.0056484947,0.0060519534,0.004920476,0.004920476,0.004920476,0.004920476,0.0052719335,0.0052719335,0.007975295,0.007975295,0.004920476,0.004920476,0.0052719335,0.007443616,0.0060519534,0.0060519534,0.0069473814,0.004920476,0.007975295,0.007975295,0.0069473814,0.004920476,0.0069473814,0.004920476,0.007975295,0.0069473814,0.007443616,0.0052719335,0.0052719335,0.007443616,0.007975295,0.007443616,0.0060519534,0.004920476,0.007975295,0.007975295,0.0069473814,0.0060519534,0.004920476,0.0069473814,0.006484229,0.0069473814,0.004920476,0.0056484947,0.004920476,0.004920476,0.0052719335,0.004920476,0.004920476,0.0052719335,0.004920476,0.007443616,0.004920476,0.007443616,0.0060519534,0.0069473814,0.0056484947,0.007443616,0.007443616,0.0069473814,0.007975295,0.0060519534,0.004920476,0.0060519534,0.007975295,0.004920476,0.0052719335,0.007443616,0.0060519534,0.0069473814,0.0052719335,0.007975295,0.004920476,0.004920476,0.006484229,0.004920476,0.0056484947,0.0069473814,0.006484229,0.007975295,0.004920476,0.006484229,0.0052719335,0.0052719335,0.007443616,1,4
0.006988353,0.0053030243,0.008022329,0.008022329,0.0049494943,0.006522469,0.0049494943,0.0049494943,0.0049494943,0.008022329,0.007487514,0.006988353,0.0049494943,0.0053030243,0.006988353,0.0056818062,0.006522469,0.006522469,0.0053030243,0.006522469,0.008022329,0.0049494943,0.006087644,0.0049494943,0.0049494943,0.007487514,0.0056818062,0.006522469,0.0049494943,0.008022329,0.008022329,0.0056818062,0.0049494943,0.006988353,0.008022329,0.006087644,0.006087644,0.006988353,0.006087644,0.007487514,0.0056818062,0.0049494943,0.0056818062,0.0049494943,0.006522469,0.008022329,0.006087644,0.0049494943,0.0049494943,0.006522469,0.008022329,0.006087644,0.0053030243,0.0049494943,0.008022329,0.0049494943,0.006522469,0.0053030243,0.0049494943,0.0049494943,0.008022329,0.0056818062,0.006522469,0.0049494943,0.008022329,0.0053030243,0.006087644,0.006087644,0.0053030243,0.006087644,0.0056818062,0.008022329,0.0053030243,0.0053030243,0.008022329,0.008022329,0.006522469,0.0049494943,0.0049494943,0.0049494943,0.0053030243,0.006988353,0.006087644,0.0056818062,0.008022329,0.0049494943,0.0049494943,0.0053030243,0.006522469,0.006087644,0.006087644,0.006988353,0.0049494943,0.008022329,0.008022329,0.006988353,0.0049494943,0.0056818062,0.0049494943,0.008022329,0.007487514,0.006988353,0.006087644,0.0049494943,0.007487514,0.008022329,0.006988353,0.006522469,0.0049494943,0.008022329,0.008022329,0.008022329,0.006522469,0.0056818062,0.006988353,0.008022329,0.006522469,0.0049494943,0.0053030243,0.0049494943,0.006988353,0.006522469,0.0049494943,0.0049494943,0.0049494943,0.007487514,0.0053030243,0.006087644,0.008022329,0.0049494943,0.007487514,0.0056818062,0.006522469,0.0056818062,0.007487514,0.006988353,0.006087644,0.008022329,0.0049494943,0.008022329,0.0049494943,0.0056818062,0.006522469,0.0056818062,0.006087644,0.008022329,0.008022329,0.0049494943,0.0056818062,0.0049494943,0.006988353,0.0056818062,0.0049494943,0.0049494943,0.008022329,0.008022329,0.006522469,0.0049494943,0.0049494943,0.006087644,2,4
0.0048606684,0.0059783924,0.007878357,0.007878357,0.0048606684,0.0059783924,0.007878357,0.006862937,0.007878357,0.006862937,0.005579838,0.005207854,0.006862937,0.0048606684,0.007878357,0.0048606684,0.0059783924,0.006862937,0.007878357,0.005579838,0.0048606684,0.0059783924,0.006405414,0.006405414,0.0048606684,0.006405414,0.006405414,0.006405414,0.005207854,0.006405414,0.005579838,0.005579838,0.007878357,0.00735314,0.006405414,0.0048606684,0.0048606684,0.007878357,0.006405414,0.005579838,0.0048606684,0.0059783924,0.007878357,0.0059783924,0.007878357,0.005579838,0.005207854,0.006862937,0.007878357,0.006405414,0.0059783924,0.006405414,0.007878357,0.0048606684,0.006862937,0.0048606684,0.0048606684,0.007878357,0.006405414,0.0059783924,0.006405414,0.005207854,0.006405414,0.0048606684,0.007878357,0.005207854,0.005579838,0.005579838,0.005579838,0.0059783924,0.005207854,0.007878357,0.005207854,0.005579838,0.005579838,0.005207854,0.005579838,0.007878357,0.0059783924,0.0048606684,0.0048606684,0.0059783924,0.007878357,0.007878357,0.007878357,0.0048606684,0.0048606684,0.007878357,0.006862937,0.0059783924,0.006405414,0.006862937,0.007878357,0.0048606684,0.007878357,0.005207854,0.0048606684,0.006405414,0.006405414,0.007878357,0.006405414,0.0059783924,0.007878357,0.005579838,0.006862937,0.0048606684,0.005579838,0.006862937,0.0048606684,0.007878357,0.0048606684,0.0048606684,0.006405414,0.0059783924,0.006862937,0.0059783924,0.006862937,0.007878357,0.0048606684,0.006405414,0.0059783924,0.005207854,0.007878357,0.007878357,0.005207854,0.006405414,0.007878357,0.006405414,0.007878357,0.006862937,0.0048606684,0.005579838,0.00735314,0.00735314,0.0048606684,0.0059783924,0.0059783924,0.005579838,0.007878357,0.005579838,0.005207854,0.006862937,0.006405414,0.005207854,0.005579838,0.005207854,0.007878357,0.007878357,0.007878357,0.0048606684,0.0048606684,0.005579838,0.00735314,0.007878357,0.005579838,0.006405414,0.0059783924,0.006405414,0.0059783924,0.0048606684,2,2
0.0055331606,0.0072916285,0.0048200074,0.0048200074,0.006805526,0.0072916285,0.0078124516,0.0055331606,0.0078124516,0.006805526,0.006805526,0.006805526,0.0059283813,0.0048200074,0.0072916285,0.006805526,0.0072916285,0.0048200074,0.0048200074,0.0063518304,0.0078124516,0.0072916285,0.0051642885,0.0051642885,0.0072916285,0.0078124516,0.0055331606,0.0048200074,0.0048200074,0.0072916285,0.0078124516,0.0055331606,0.0048200074,0.0051642885,0.0078124516,0.0063518304,0.0063518304,0.0059283813,0.0051642885,0.0078124516,0.0048200074,0.0063518304,0.006805526,0.0055331606,0.0078124516,0.0078124516,0.0063518304,0.0055331606,0.0048200074,0.0063518304,0.0063518304,0.0059283813,0.0063518304,0.0048200074,0.0078124516,0.0078124516,0.0048200074,0.0048200074,0.0048200074,0.0059283813,0.0078124516,0.0063518304,0.0048200074,0.0048200074,0.0072916285,0.0051642885,0.0063518304,0.0048200074,0.0048200074,0.0048200074,0.0078124516,0.0078124516,0.0051642885,0.0055331606,0.0048200074,0.0078124516,0.0063518304,0.0048200074,0.0048200074,0.0059283813,0.0078124516,0.0078124516,0.0048200074,0.0048200074,0.0078124516,0.0048200074,0.0048200074,0.0051642885,0.0072916285,0.0059283813,0.0063518304,0.006805526,0.0051642885,0.0048200074,0.0078124516,0.0063518304,0.0048200074,0.0055331606,0.0048200074,0.0078124516,0.0078124516,0.0072916285,0.0055331606,0.0051642885,0.006805526,0.0078124516,0.0078124516,0.0048200074,0.0048200074,0.0048200074,0.0078124516,0.0078124516,0.0048200074,0.0059283813,0.006805526,0.0078124516,0.006805526,0.0048200074,0.0055331606,0.0048200074,0.0078124516,0.006805526,0.0048200074,0.0078124516,0.0055331606,0.006805526,0.0078124516,0.0048200074,0.0048200074,0.006805526,0.0078124516,0.0055331606,0.0059283813,0.0055331606,0.0078124516,0.006805526,0.0063518304,0.0078124516,0.0048200074,0.0078124516,0.0059283813,0.006805526,0.0059283813,0.0063518304,0.0078124516,0.0072916285,0.0078124516,0.0078124516,0.0078124516,0.0059283813,0.0063518304,0.0055331606,0.0059283813,0.006805526,0.0078124516,0.0078124516,0.0063518304,0.0048200074,0.0055331606,0.0048200074,6,0
0.007445462,0.006949105,0.005273241,0.0049216966,0.007445462,0.006949105,0.006949105,0.0049216966,0.0049216966,0.0060534542,0.006949105,0.006949105,0.0049216966,0.005273241,0.006949105,0.006949105,0.006485837,0.005273241,0.0049216966,0.006485837,0.007445462,0.007445462,0.0049216966,0.0049216966,0.0056498954,0.007977273,0.0056498954,0.0056498954,0.0049216966,0.007977273,0.007445462,0.005273241,0.0049216966,0.007445462,0.007977273,0.005273241,0.0060534542,0.0060534542,0.005273241,0.006485837,0.0049216966,0.0060534542,0.007977273,0.006949105,0.007977273,0.007977273,0.006485837,0.006485837,0.0049216966,0.006485837,0.006949105,0.0060534542,0.007445462,0.0049216966,0.007977273,0.0049216966,0.006949105,0.0049216966,0.0049216966,0.006485837,0.007977273,0.0060534542,0.006485837,0.0049216966,0.007977273,0.0056498954,0.0060534542,0.0060534542,0.0049216966,0.0049216966,0.006485837,0.007977273,0.0056498954,0.0056498954,0.006485837,0.006949105,0.006485837,0.0049216966,0.0056498954,0.005273241,0.006949105,0.007445462,0.0049216966,0.0049216966,0.007977273,0.0049216966,0.0049216966,0.005273241,0.006949105,0.0060534542,0.0060534542,0.006949105,0.0049216966,0.007977273,0.007977273,0.006949105,0.0049216966,0.006949105,0.0049216966,0.007977273,0.007977273,0.007445462,0.0049216966,0.0049216966,0.007445462,0.007977273,0.007445462,0.006485837,0.0049216966,0.007977273,0.007977273,0.006485837,0.0060534542,0.005273241,0.006949105,0.006485837,0.006949105,0.0049216966,0.005273241,0.005273241,0.0060534542,0.006485837,0.0049216966,0.006485837,0.0056498954,0.005273241,0.006949105,0.0049216966,0.0049216966,0.006949105,0.0060534542,0.006485837,0.006485837,0.0056498954,0.007445462,0.007445462,0.006485837,0.006949105,0.0049216966,0.007977273,0.0060534542,0.006949105,0.0060534542,0.0056498954,0.006485837,0.005273241,0.007977273,0.0049216966,0.0049216966,0.005273241,0.0060534542,0.0056498954,0.005273241,0.007445462,0.007977273,0.007977273,0.006485837,0.0049216966,0.0060534542,0.0049216966,25,4
0.007127488,0.0057949284,0.005048036,0.0062088463,0.0066523287,0.0062088463,0.0057949284,0.005048036,0.005048036,0.0057949284,0.0066523287,0.0057949284,0.005048036,0.00818205,0.00818205,0.00818205,0.007636587,0.0057949284,0.005048036,0.005048036,0.0062088463,0.007127488,0.0066523287,0.005408605,0.005408605,0.007127488,0.0066523287,0.0066523287,0.005048036,0.00818205,0.00818205,0.0066523287,0.005048036,0.0057949284,0.00818205,0.0057949284,0.0066523287,0.0062088463,0.0057949284,0.0062088463,0.005408605,0.0057949284,0.0062088463,0.0057949284,0.0066523287,0.00818205,0.007127488,0.0057949284,0.005048036,0.007127488,0.0062088463,0.0062088463,0.007127488,0.005048036,0.007127488,0.005048036,0.0066523287,0.005048036,0.005048036,0.005048036,0.005408605,0.0066523287,0.005408605,0.0066523287,0.0062088463,0.007127488,0.00818205,0.005408605,0.0057949284,0.005048036,0.005048036,0.005408605,0.005048036,0.005408605,0.00818205,0.005048036,0.0066523287,0.005048036,0.005048036,0.005048036,0.005408605,0.00818205,0.007636587,0.0057949284,0.00818205,0.005408605,0.0057949284,0.0057949284,0.00818205,0.0062088463,0.0062088463,0.007127488,0.005048036,0.00818205,0.00818205,0.0062088463,0.005048036,0.0066523287,0.005048036,0.00818205,0.007127488,0.007636587,0.005048036,0.0062088463,0.0057949284,0.00818205,0.00818205,0.005048036,0.005048036,0.00818205,0.00818205,0.0066523287,0.0062088463,0.005408605,0.007127488,0.005408605,0.007127488,0.0057949284,0.005408605,0.005408605,0.005048036,0.005408605,0.005048036,0.005048036,0.0057949284,0.0066523287,0.007127488,0.0066523287,0.007636587,0.005048036,0.007636587,0.00818205,0.005048036,0.005408605,0.005408605,0.0057949284,0.0062088463,0.005048036,0.005048036,0.0066523287,0.0062088463,0.007127488,0.0066523287,0.005048036,0.007127488,0.007127488,0.007127488,0.005408605,0.005408605,0.005048036,0.0062088463,0.0057949284,0.005048036,0.0057949284,0.00818205,0.00818205,0.0066523287,0.0062088463,0.0062088463,0.005048036,13,1
0.0062538106,0.0071791057,0.0076918914,0.0076918914,0.004745626,0.0071791057,0.0076918914,0.0067005046,0.0076918914,0.005447774,0.0062538106,0.0067005046,0.004745626,0.004745626,0.0076918914,0.0076918914,0.0071791057,0.0050845942,0.0076918914,0.0058368957,0.0076918914,0.0071791057,0.0058368957,0.0058368957,0.004745626,0.0076918914,0.005447774,0.004745626,0.004745626,0.0076918914,0.0062538106,0.005447774,0.004745626,0.004745626,0.0076918914,0.005447774,0.005447774,0.0062538106,0.004745626,0.0067005046,0.004745626,0.0062538106,0.0076918914,0.0062538106,0.0076918914,0.0071791057,0.0062538106,0.005447774,0.0076918914,0.0071791057,0.0058368957,0.0071791057,0.0050845942,0.005447774,0.005447774,0.0076918914,0.0067005046,0.004745626,0.004745626,0.0062538106,0.0076918914,0.0058368957,0.004745626,0.004745626,0.0076918914,0.0050845942,0.0058368957,0.0058368957,0.0062538106,0.0071791057,0.0076918914,0.0076918914,0.005447774,0.0050845942,0.0050845942,0.0076918914,0.0062538106,0.0076918914,0.0058368957,0.0067005046,0.004745626,0.0050845942,0.0076918914,0.0076918914,0.0067005046,0.0062538106,0.005447774,0.004745626,0.004745626,0.0076918914,0.0058368957,0.0067005046,0.0076918914,0.004745626,0.0076918914,0.0067005046,0.0050845942,0.004745626,0.0050845942,0.0076918914,0.0076918914,0.0071791057,0.005447774,0.004745626,0.0062538106,0.004745626,0.005447774,0.004745626,0.004745626,0.0076918914,0.0062538106,0.0076918914,0.004745626,0.0058368957,0.0058368957,0.0058368957,0.0067005046,0.0076918914,0.0050845942,0.0050845942,0.004745626,0.0050845942,0.0076918914,0.0076918914,0.005447774,0.0062538106,0.0071791057,0.0062538106,0.0076918914,0.0062538106,0.0076918914,0.005447774,0.0062538106,0.0067005046,0.0076918914,0.0067005046,0.0050845942,0.005447774,0.0076918914,0.0062538106,0.005447774,0.0067005046,0.0062538106,0.004745626,0.0071791057,0.0076918914,0.0076918914,0.0076918914,0.0076918914,0.004745626,0.005447774,0.005447774,0.0062538106,0.0067005046,0.0062538106,0.0076918914,0.0062538106,0.0058368957,0.005447774,0.004745626,2,4
0.0054796846,0.0054796846,0.0077369465,0.0077369465,0.004773423,0.005114377,0.006739753,0.006739753,0.007221157,0.0077369465,0.006290442,0.005114377,0.004773423,0.0077369465,0.0058710855,0.004773423,0.006290442,0.006739753,0.0077369465,0.0054796846,0.006739753,0.007221157,0.0058710855,0.006739753,0.004773423,0.004773423,0.0054796846,0.006290442,0.0058710855,0.004773423,0.004773423,0.006290442,0.0077369465,0.006739753,0.0077369465,0.0054796846,0.0054796846,0.0077369465,0.005114377,0.0054796846,0.004773423,0.007221157,0.0077369465,0.0058710855,0.0077369465,0.0054796846,0.004773423,0.006739753,0.0058710855,0.006290442,0.0054796846,0.0054796846,0.006739753,0.0077369465,0.0054796846,0.0058710855,0.004773423,0.007221157,0.006739753,0.005114377,0.006290442,0.0058710855,0.0054796846,0.006739753,0.006290442,0.005114377,0.006290442,0.004773423,0.007221157,0.0054796846,0.0054796846,0.0077369465,0.0054796846,0.004773423,0.0077369465,0.006290442,0.005114377,0.006290442,0.007221157,0.006290442,0.006739753,0.0054796846,0.0077369465,0.0077369465,0.006739753,0.0054796846,0.0054796846,0.0077369465,0.0077369465,0.004773423,0.0058710855,0.004773423,0.004773423,0.007221157,0.005114377,0.005114377,0.004773423,0.0077369465,0.007221157,0.007221157,0.0077369465,0.0077369465,0.006739753,0.005114377,0.0054796846,0.006739753,0.0054796846,0.007221157,0.006739753,0.0077369465,0.0058710855,0.006290442,0.006739753,0.0077369465,0.006290442,0.006290442,0.006739753,0.0077369465,0.007221157,0.004773423,0.0058710855,0.005114377,0.0077369465,0.0077369465,0.0058710855,0.006290442,0.0077369465,0.0054796846,0.006739753,0.007221157,0.0054796846,0.0054796846,0.007221157,0.007221157,0.005114377,0.0054796846,0.0058710855,0.006290442,0.0077369465,0.0054796846,0.0077369465,0.0054796846,0.006290442,0.0058710855,0.0058710855,0.005114377,0.0077369465,0.0077369465,0.0077369465,0.005114377,0.004773423,0.0054796846,0.006290442,0.006739753,0.004773423,0.006290442,0.0058710855,0.007221157,0.006290442,0.004773423,2,3
0.0074260547,0.006930991,0.0074260547,0.0074260547,0.004581614,0.0074260547,0.0074260547,0.006930991,0.0074260547,0.0074260547,0.006037675,0.005635169,0.004581614,0.004581614,0.005635169,0.006468931,0.006037675,0.006037675,0.0074260547,0.005635169,0.006930991,0.006930991,0.005635169,0.005635169,0.006037675,0.006037675,0.0052594957,0.006037675,0.005635169,0.0074260547,0.0074260547,0.005635169,0.0074260547,0.005635169,0.004581614,0.006930991,0.005635169,0.006468931,0.0052594957,0.006930991,0.0049088676,0.0074260547,0.0074260547,0.0074260547,0.006930991,0.006930991,0.005635169,0.0074260547,0.0074260547,0.006930991,0.0052594957,0.0074260547,0.0074260547,0.0074260547,0.004581614,0.0074260547,0.006468931,0.0074260547,0.0074260547,0.006468931,0.006468931,0.0049088676,0.004581614,0.0052594957,0.0074260547,0.006037675,0.006037675,0.004581614,0.0052594957,0.005635169,0.004581614,0.0074260547,0.004581614,0.0052594957,0.004581614,0.0074260547,0.006037675,0.0074260547,0.0074260547,0.006468931,0.0074260547,0.004581614,0.004581614,0.004581614,0.004581614,0.0074260547,0.006930991,0.0074260547,0.005635169,0.0074260547,0.0074260547,0.006468931,0.0074260547,0.004581614,0.0074260547,0.0074260547,0.0074260547,0.004581614,0.006037675,0.004581614,0.006930991,0.0074260547,0.006037675,0.0049088676,0.006930991,0.004581614,0.005635169,0.0052594957,0.004581614,0.006037675,0.006930991,0.0074260547,0.0052594957,0.0074260547,0.0074260547,0.0049088676,0.006468931,0.006930991,0.006930991,0.004581614,0.0074260547,0.005635169,0.0074260547,0.0074260547,0.0049088676,0.0074260547,0.006037675,0.004581614,0.004581614,0.006468931,0.006930991,0.0052594957,0.006037675,0.006930991,0.006037675,0.006468931,0.0049088676,0.004581614,0.006037675,0.005635169,0.005635169,0.006468931,0.005635169,0.004581614,0.006037675,0.0052594957,0.0074260547,0.0074260547,0.0074260547,0.004581614,0.005635169,0.0052594957,0.006930991,0.0074260547,0.0074260547,0.004581614,0.0074260547,0.0074260547,0.0074260547,0.0074260547,0,0
0.006681242,0.007669779,0.006681242,0.0062358323,0.007669779,0.0058201156,0.0062358323,0.005069977,0.005069977,0.008217612,0.0062358323,0.005432113,0.005069977,0.007669779,0.008217612,0.005432113,0.007669779,0.005069977,0.005069977,0.005069977,0.005069977,0.0062358323,0.0058201156,0.005069977,0.0062358323,0.007669779,0.006681242,0.006681242,0.005069977,0.008217612,0.007158467,0.006681242,0.0058201156,0.007669779,0.008217612,0.0058201156,0.006681242,0.005069977,0.005069977,0.0058201156,0.005069977,0.007158467,0.007669779,0.0062358323,0.008217612,0.008217612,0.007669779,0.005069977,0.005069977,0.008217612,0.0058201156,0.006681242,0.007158467,0.005069977,0.006681242,0.005069977,0.006681242,0.005069977,0.005069977,0.0058201156,0.008217612,0.0058201156,0.005069977,0.005432113,0.0058201156,0.007669779,0.008217612,0.005069977,0.005069977,0.005069977,0.005432113,0.0058201156,0.0058201156,0.0058201156,0.008217612,0.005069977,0.0062358323,0.005069977,0.005069977,0.005069977,0.005069977,0.006681242,0.005432113,0.005069977,0.005069977,0.005069977,0.0062358323,0.0058201156,0.006681242,0.006681242,0.0062358323,0.006681242,0.005069977,0.008217612,0.008217612,0.0058201156,0.005069977,0.006681242,0.0058201156,0.008217612,0.006681242,0.007158467,0.005069977,0.005069977,0.006681242,0.008217612,0.008217612,0.005069977,0.005069977,0.008217612,0.007669779,0.007669779,0.0062358323,0.0058201156,0.0062358323,0.0058201156,0.007158467,0.005432113,0.0058201156,0.005069977,0.005432113,0.005432113,0.005069977,0.005069977,0.0058201156,0.0058201156,0.008217612,0.005069977,0.005069977,0.008217612,0.007669779,0.008217612,0.005069977,0.005432113,0.0058201156,0.0058201156,0.005069977,0.005069977,0.0062358323,0.0058201156,0.0058201156,0.0062358323,0.006681242,0.005432113,0.007158467,0.005432113,0.008217612,0.008217612,0.008217612,0.008217612,0.0062358323,0.0058201156,0.005432113,0.0062358323,0.0058201156,0.007158467,0.0058201156,0.005432113,0.0058201156,0.005069977,9,4
0.006637588,0.007619666,0.007619666,0.007619666,0.0047010654,0.007111695,0.007619666,0.0061950884,0.007111695,0.0047010654,0.0061950884,0.0057820883,0.0047010654,0.0047010654,0.0047010654,0.0057820883,0.006637588,0.006637588,0.007619666,0.0057820883,0.007111695,0.007111695,0.0047010654,0.005036851,0.0047010654,0.005036851,0.006637588,0.0061950884,0.0057820883,0.0047010654,0.0053966204,0.0057820883,0.007619666,0.006637588,0.0047010654,0.007111695,0.0061950884,0.0057820883,0.0047010654,0.007111695,0.0047010654,0.007619666,0.007619666,0.007619666,0.0053966204,0.007619666,0.007111695,0.007619666,0.007619666,0.007111695,0.0053966204,0.007619666,0.007111695,0.007619666,0.0047010654,0.007619666,0.006637588,0.007619666,0.007619666,0.0057820883,0.005036851,0.0061950884,0.0047010654,0.0047010654,0.007619666,0.0061950884,0.0061950884,0.005036851,0.0057820883,0.0061950884,0.0061950884,0.007619666,0.0047010654,0.005036851,0.0047010654,0.007619666,0.0061950884,0.007619666,0.007619666,0.007619666,0.007619666,0.005036851,0.0047010654,0.0047010654,0.0047010654,0.0057820883,0.007619666,0.007619666,0.0057820883,0.006637588,0.007619666,0.006637588,0.007619666,0.0047010654,0.007619666,0.007619666,0.007619666,0.005036851,0.0061950884,0.0047010654,0.005036851,0.007111695,0.006637588,0.005036851,0.006637588,0.0047010654,0.0061950884,0.0061950884,0.0047010654,0.0047010654,0.0061950884,0.007619666,0.0053966204,0.007619666,0.0053966204,0.0047010654,0.006637588,0.007619666,0.007619666,0.0053966204,0.007619666,0.007111695,0.007619666,0.007619666,0.007619666,0.007111695,0.007619666,0.0047010654,0.0053966204,0.006637588,0.005036851,0.0053966204,0.0047010654,0.0061950884,0.0053966204,0.007111695,0.0053966204,0.0047010654,0.0061950884,0.0061950884,0.0057820883,0.006637588,0.005036851,0.0047010654,0.0057820883,0.006637588,0.007619666,0.007619666,0.007619666,0.0047010654,0.0047010654,0.0057820883,0.007619666,0.007619666,0.0057820883,0.0047010654,0.006637588,0.0061950884,0.0061950884,0.006637588,1,3
0.0047672824,0.0051077977,0.0077269934,0.0077269934,0.0047672824,0.0051077977,0.0077269934,0.0067310827,0.0077269934,0.0077269934,0.005472635,0.0051077977,0.0072118673,0.0047672824,0.0077269934,0.0062823496,0.0047672824,0.0067310827,0.0077269934,0.0047672824,0.0067310827,0.0072118673,0.0058635324,0.0067310827,0.0047672824,0.0077269934,0.005472635,0.0058635324,0.005472635,0.0058635324,0.0067310827,0.0062823496,0.0072118673,0.0072118673,0.0077269934,0.005472635,0.005472635,0.0077269934,0.0047672824,0.005472635,0.0047672824,0.0062823496,0.0077269934,0.0058635324,0.0077269934,0.0058635324,0.0047672824,0.0077269934,0.0051077977,0.0058635324,0.005472635,0.0051077977,0.0077269934,0.0047672824,0.005472635,0.0047672824,0.0047672824,0.0077269934,0.0058635324,0.0072118673,0.0058635324,0.0058635324,0.0072118673,0.0051077977,0.0077269934,0.0062823496,0.0058635324,0.0051077977,0.0062823496,0.0062823496,0.0047672824,0.0058635324,0.005472635,0.005472635,0.0072118673,0.0062823496,0.0051077977,0.0077269934,0.0062823496,0.005472635,0.0047672824,0.0051077977,0.0077269934,0.0077269934,0.0077269934,0.0051077977,0.005472635,0.0077269934,0.0072118673,0.0058635324,0.0067310827,0.0062823496,0.0077269934,0.0047672824,0.0077269934,0.0062823496,0.0047672824,0.0077269934,0.0058635324,0.0072118673,0.0072118673,0.0062823496,0.0062823496,0.0047672824,0.0072118673,0.0062823496,0.005472635,0.0077269934,0.0051077977,0.0077269934,0.0058635324,0.0067310827,0.0062823496,0.0067310827,0.0058635324,0.0058635324,0.0067310827,0.0077269934,0.005472635,0.0047672824,0.0058635324,0.0051077977,0.0077269934,0.0077269934,0.0047672824,0.005472635,0.0077269934,0.0067310827,0.0077269934,0.0067310827,0.0067310827,0.0062823496,0.0072118673,0.0072118673,0.0058635324,0.0058635324,0.0051077977,0.005472635,0.0077269934,0.005472635,0.0058635324,0.0058635324,0.0062823496,0.0051077977,0.005472635,0.0051077977,0.0077269934,0.0077269934,0.0077269934,0.0051077977,0.0051077977,0.005472635,0.0067310827,0.0072118673,0.0047672824,0.0062823496,0.0062823496,0.0072118673,0.0067310827,0.0047672824,2,2
0.007074816,0.0061629624,0.0075801527,0.0075801527,0.004676687,0.0075801527,0.0075801527,0.007074816,0.0075801527,0.0075801527,0.0061629624,0.0057521043,0.004676687,0.004676687,0.004676687,0.0057521043,0.006603168,0.006603168,0.0075801527,0.004676687,0.0061629624,0.007074816,0.0057521043,0.0061629624,0.006603168,0.004676687,0.0053686355,0.0061629624,0.007074816,0.0057521043,0.0053686355,0.0053686355,0.0075801527,0.006603168,0.004676687,0.006603168,0.0061629624,0.0061629624,0.004676687,0.006603168,0.004676687,0.0075801527,0.0075801527,0.0075801527,0.007074816,0.007074816,0.0061629624,0.0075801527,0.0075801527,0.0053686355,0.0053686355,0.0075801527,0.0075801527,0.0075801527,0.004676687,0.0075801527,0.006603168,0.0075801527,0.0075801527,0.0061629624,0.004676687,0.0057521043,0.0057521043,0.0053686355,0.0061629624,0.0057521043,0.0061629624,0.004676687,0.0053686355,0.0057521043,0.0053686355,0.0075801527,0.0053686355,0.0053686355,0.004676687,0.0075801527,0.0061629624,0.0075801527,0.0075801527,0.007074816,0.0075801527,0.004676687,0.004676687,0.004676687,0.004676687,0.0061629624,0.0075801527,0.0075801527,0.0057521043,0.0075801527,0.0075801527,0.006603168,0.0075801527,0.004676687,0.0075801527,0.0075801527,0.0075801527,0.004676687,0.0061629624,0.004676687,0.0053686355,0.0075801527,0.006603168,0.0050107315,0.0061629624,0.004676687,0.0061629624,0.0061629624,0.004676687,0.004676687,0.007074816,0.0075801527,0.0050107315,0.0075801527,0.0061629624,0.004676687,0.007074816,0.0075801527,0.007074816,0.0050107315,0.0075801527,0.007074816,0.0075801527,0.0075801527,0.0050107315,0.0075801527,0.007074816,0.004676687,0.004676687,0.0061629624,0.007074816,0.0053686355,0.006603168,0.007074816,0.006603168,0.0053686355,0.0050107315,0.004676687,0.006603168,0.0053686355,0.0057521043,0.006603168,0.0053686355,0.004676687,0.006603168,0.0053686355,0.0075801527,0.0075801527,0.0075801527,0.004676687,0.004676687,0.0053686355,0.0075801527,0.0075801527,0.0061629624,0.004676687,0.0061629624,0.007074816,0.007074816,0.0050107315,2,2
0.0057124016,0.00533158,0.008065527,0.0065575913,0.0070259837,0.0057124016,0.004976146,0.0057124016,0.004976146,0.008065527,0.0070259837,0.0057124016,0.00533158,0.00533158,0.0070259837,0.0057124016,0.0065575913,0.0061204247,0.004976146,0.0065575913,0.0061204247,0.0070259837,0.0065575913,0.00533158,0.0070259837,0.0070259837,0.0057124016,0.0057124016,0.004976146,0.008065527,0.008065527,0.0057124016,0.004976146,0.0070259837,0.008065527,0.00533158,0.0065575913,0.004976146,0.004976146,0.0065575913,0.004976146,0.0065575913,0.008065527,0.0070259837,0.008065527,0.0070259837,0.0061204247,0.004976146,0.004976146,0.008065527,0.0061204247,0.004976146,0.0065575913,0.004976146,0.008065527,0.004976146,0.0070259837,0.004976146,0.004976146,0.007527833,0.008065527,0.00533158,0.0061204247,0.00533158,0.008065527,0.00533158,0.0061204247,0.0057124016,0.00533158,0.007527833,0.004976146,0.00533158,0.00533158,0.00533158,0.008065527,0.00533158,0.0061204247,0.004976146,0.004976146,0.004976146,0.004976146,0.004976146,0.0057124016,0.008065527,0.008065527,0.004976146,0.004976146,0.00533158,0.007527833,0.0061204247,0.0061204247,0.0070259837,0.004976146,0.008065527,0.008065527,0.0070259837,0.004976146,0.0065575913,0.0065575913,0.008065527,0.0061204247,0.0065575913,0.0070259837,0.0057124016,0.007527833,0.008065527,0.0070259837,0.0061204247,0.004976146,0.0065575913,0.008065527,0.0070259837,0.0061204247,0.0061204247,0.0070259837,0.0061204247,0.0070259837,0.004976146,0.0065575913,0.004976146,0.004976146,0.00533158,0.004976146,0.0065575913,0.00533158,0.004976146,0.00533158,0.0057124016,0.008065527,0.00533158,0.0061204247,0.0057124016,0.007527833,0.007527833,0.008065527,0.0070259837,0.0061204247,0.007527833,0.0065575913,0.008065527,0.004976146,0.00533158,0.007527833,0.0065575913,0.0070259837,0.004976146,0.004976146,0.0061204247,0.004976146,0.008065527,0.004976146,0.0061204247,0.0070259837,0.004976146,0.0070259837,0.0065575913,0.0070259837,0.004976146,0.00533158,0.008065527,2,4
0.0061514676,0.0070616202,0.0075660143,0.0075660143,0.0046679643,0.0070616202,0.0075660143,0.005358622,0.0065908516,0.0057413755,0.0075660143,0.0065908516,0.0046679643,0.0046679643,0.0075660143,0.0075660143,0.0061514676,0.005358622,0.0075660143,0.0057413755,0.0070616202,0.0070616202,0.0061514676,0.005358622,0.0046679643,0.0075660143,0.005358622,0.005358622,0.005358622,0.0075660143,0.0061514676,0.0057413755,0.0075660143,0.0065908516,0.0046679643,0.0061514676,0.0061514676,0.0061514676,0.0046679643,0.0075660143,0.0046679643,0.0070616202,0.0075660143,0.0070616202,0.0075660143,0.0075660143,0.0061514676,0.0075660143,0.0075660143,0.0075660143,0.005358622,0.0075660143,0.0075660143,0.0075660143,0.0046679643,0.0075660143,0.0065908516,0.0075660143,0.0075660143,0.0057413755,0.0075660143,0.0057413755,0.0046679643,0.0046679643,0.0075660143,0.005001385,0.0057413755,0.005001385,0.0057413755,0.0070616202,0.0075660143,0.0075660143,0.0046679643,0.005001385,0.005001385,0.0075660143,0.0061514676,0.0075660143,0.0075660143,0.0075660143,0.0057413755,0.0046679643,0.0057413755,0.0046679643,0.005001385,0.0057413755,0.0057413755,0.0075660143,0.005358622,0.0046679643,0.0075660143,0.0065908516,0.0075660143,0.0046679643,0.0075660143,0.005358622,0.0070616202,0.0046679643,0.0061514676,0.005358622,0.0065908516,0.0070616202,0.0065908516,0.005358622,0.0057413755,0.0046679643,0.005358622,0.005358622,0.0046679643,0.0075660143,0.0065908516,0.0075660143,0.0046679643,0.0057413755,0.0065908516,0.0057413755,0.0065908516,0.0061514676,0.005358622,0.0046679643,0.0046679643,0.005358622,0.0075660143,0.0075660143,0.005001385,0.0061514676,0.0065908516,0.0057413755,0.0061514676,0.0061514676,0.0075660143,0.005358622,0.0061514676,0.0070616202,0.0075660143,0.0075660143,0.0061514676,0.0046679643,0.0061514676,0.0065908516,0.0057413755,0.0065908516,0.005358622,0.0046679643,0.0065908516,0.0057413755,0.0075660143,0.0075660143,0.0075660143,0.0046679643,0.005358622,0.0065908516,0.0070616202,0.0070616202,0.005358622,0.0075660143,0.0061514676,0.0061514676,0.005358622,0.0046679643,2,0
0.006158378,0.0070695532,0.007574514,0.007574514,0.004673208,0.0070695532,0.007574514,0.006158378,0.006598256,0.004673208,0.006158378,0.006158378,0.004673208,0.004673208,0.004673208,0.006158378,0.006158378,0.006158378,0.007574514,0.0057478254,0.0070695532,0.0070695532,0.006158378,0.0057478254,0.004673208,0.0057478254,0.0053646415,0.0057478254,0.006158378,0.006158378,0.006598256,0.006158378,0.007574514,0.006158378,0.004673208,0.0070695532,0.006158378,0.0057478254,0.004673208,0.006598256,0.004673208,0.007574514,0.007574514,0.007574514,0.0053646415,0.006598256,0.006158378,0.007574514,0.007574514,0.006598256,0.0053646415,0.007574514,0.007574514,0.007574514,0.004673208,0.007574514,0.006598256,0.007574514,0.007574514,0.0057478254,0.0053646415,0.0053646415,0.004673208,0.004673208,0.007574514,0.006158378,0.006158378,0.005007004,0.0057478254,0.006158378,0.006598256,0.007574514,0.0053646415,0.004673208,0.004673208,0.007574514,0.006158378,0.007574514,0.007574514,0.007574514,0.007574514,0.004673208,0.004673208,0.004673208,0.004673208,0.006598256,0.0070695532,0.007574514,0.0057478254,0.007574514,0.007574514,0.006598256,0.007574514,0.004673208,0.007574514,0.0070695532,0.007574514,0.005007004,0.006158378,0.004673208,0.005007004,0.006158378,0.006158378,0.0053646415,0.0070695532,0.004673208,0.006158378,0.0057478254,0.004673208,0.004673208,0.0070695532,0.007574514,0.0053646415,0.0070695532,0.0070695532,0.004673208,0.006598256,0.007574514,0.007574514,0.0053646415,0.0070695532,0.006598256,0.007574514,0.007574514,0.006158378,0.007574514,0.006158378,0.004673208,0.005007004,0.006598256,0.0070695532,0.0053646415,0.006598256,0.006598256,0.006598256,0.0070695532,0.0057478254,0.004673208,0.006158378,0.0057478254,0.0057478254,0.0057478254,0.0053646415,0.004673208,0.006158378,0.006598256,0.007574514,0.007574514,0.007574514,0.004673208,0.005007004,0.0053646415,0.0070695532,0.007574514,0.006598256,0.004673208,0.006598256,0.007574514,0.0070695532,0.0053646415,2,3
0.005238466,0.0060135336,0.007924666,0.007924666,0.0048892396,0.005238466,0.0060135336,0.0069032772,0.007396362,0.007924666,0.0056126365,0.0056126365,0.007396362,0.005238466,0.006443065,0.0048892396,0.006443065,0.006443065,0.007924666,0.0048892396,0.0060135336,0.007396362,0.006443065,0.006443065,0.0048892396,0.0048892396,0.0056126365,0.006443065,0.0056126365,0.0048892396,0.0048892396,0.0069032772,0.007924666,0.006443065,0.007924666,0.006443065,0.005238466,0.007924666,0.0048892396,0.0060135336,0.0048892396,0.007396362,0.007924666,0.0060135336,0.007924666,0.005238466,0.0048892396,0.007924666,0.0048892396,0.0069032772,0.0056126365,0.006443065,0.007924666,0.0048892396,0.0056126365,0.0048892396,0.0048892396,0.007924666,0.0056126365,0.007396362,0.0069032772,0.005238466,0.0069032772,0.0048892396,0.007924666,0.0056126365,0.0060135336,0.005238466,0.0048892396,0.006443065,0.005238466,0.0048892396,0.0056126365,0.0056126365,0.007924666,0.005238466,0.005238466,0.007924666,0.0048892396,0.0048892396,0.0048892396,0.0048892396,0.007924666,0.007924666,0.0069032772,0.0048892396,0.005238466,0.007924666,0.007396362,0.0048892396,0.007396362,0.0069032772,0.007924666,0.0048892396,0.007924666,0.0048892396,0.0048892396,0.007924666,0.0060135336,0.007396362,0.006443065,0.007396362,0.007396362,0.0060135336,0.007924666,0.0056126365,0.0056126365,0.007924666,0.005238466,0.007924666,0.005238466,0.0048892396,0.007396362,0.0060135336,0.0060135336,0.0056126365,0.0069032772,0.007924666,0.0056126365,0.0048892396,0.0060135336,0.005238466,0.007924666,0.007924666,0.0060135336,0.0056126365,0.007924666,0.0069032772,0.007924666,0.007396362,0.0056126365,0.0056126365,0.007396362,0.007396362,0.0056126365,0.0056126365,0.0048892396,0.0048892396,0.006443065,0.0056126365,0.0048892396,0.0060135336,0.0069032772,0.005238466,0.0056126365,0.005238466,0.007924666,0.007924666,0.007924666,0.007924666,0.0048892396,0.0056126365,0.0069032772,0.007396362,0.0048892396,0.0060135336,0.005238466,0.006443065,0.0048892396,0.0048892396,2,2
0.0065622563,0.007533188,0.007533188,0.007533188,0.0046477113,0.007533188,0.0065622563,0.007030982,0.007533188,0.007533188,0.006124778,0.005716466,0.0046477113,0.0046477113,0.006124778,0.005716466,0.007030982,0.006124778,0.007533188,0.0046477113,0.006124778,0.007030982,0.005716466,0.006124778,0.005335373,0.007533188,0.005335373,0.006124778,0.0065622563,0.006124778,0.005716466,0.005716466,0.007533188,0.0065622563,0.0046477113,0.0065622563,0.006124778,0.006124778,0.0046477113,0.0065622563,0.0046477113,0.007533188,0.007533188,0.007533188,0.007030982,0.007030982,0.006124778,0.007030982,0.007533188,0.005335373,0.005335373,0.007533188,0.007533188,0.007533188,0.0046477113,0.007533188,0.0065622563,0.007533188,0.007533188,0.007030982,0.0046477113,0.005716466,0.005716466,0.005716466,0.0065622563,0.006124778,0.006124778,0.0046477113,0.005716466,0.007030982,0.004979686,0.007533188,0.0046477113,0.005335373,0.0046477113,0.007533188,0.006124778,0.007533188,0.007533188,0.007030982,0.007030982,0.004979686,0.0046477113,0.0046477113,0.0046477113,0.007533188,0.007533188,0.007533188,0.005716466,0.007533188,0.007533188,0.0065622563,0.007533188,0.0046477113,0.007533188,0.007533188,0.007533188,0.0046477113,0.006124778,0.0046477113,0.005335373,0.007533188,0.006124778,0.004979686,0.007030982,0.0046477113,0.005716466,0.005335373,0.0046477113,0.005716466,0.007533188,0.007533188,0.0046477113,0.007030982,0.006124778,0.0046477113,0.0065622563,0.007533188,0.0065622563,0.0046477113,0.007533188,0.007030982,0.007533188,0.007533188,0.005335373,0.007533188,0.0065622563,0.0046477113,0.0046477113,0.006124778,0.0065622563,0.005335373,0.0065622563,0.007030982,0.006124778,0.005335373,0.004979686,0.0046477113,0.006124778,0.005335373,0.005716466,0.0065622563,0.005716466,0.0046477113,0.0065622563,0.005716466,0.007533188,0.007533188,0.007533188,0.0046477113,0.0046477113,0.005335373,0.007533188,0.007533188,0.0065622563,0.0046477113,0.006124778,0.007030982,0.007030982,0.005335373,1,2
0.0065770093,0.007550124,0.007550124,0.007550124,0.0061385483,0.0061385483,0.007550124,0.0057293177,0.0065770093,0.0057293177,0.0065770093,0.0065770093,0.0046581603,0.0046581603,0.0046581603,0.0061385483,0.0070467894,0.0065770093,0.007550124,0.0057293177,0.0070467894,0.0070467894,0.0061385483,0.0061385483,0.0046581603,0.0046581603,0.005347368,0.0061385483,0.0070467894,0.0046581603,0.0046581603,0.0057293177,0.007550124,0.0065770093,0.0046581603,0.0070467894,0.0061385483,0.0057293177,0.0046581603,0.007550124,0.0061385483,0.007550124,0.0070467894,0.007550124,0.0046581603,0.007550124,0.0065770093,0.007550124,0.007550124,0.0070467894,0.005347368,0.007550124,0.007550124,0.007550124,0.0046581603,0.007550124,0.0065770093,0.007550124,0.007550124,0.0061385483,0.005347368,0.007550124,0.0046581603,0.0046581603,0.007550124,0.0061385483,0.0061385483,0.0046581603,0.005347368,0.0057293177,0.005347368,0.007550124,0.0046581603,0.0046581603,0.0046581603,0.007550124,0.0061385483,0.007550124,0.007550124,0.007550124,0.007550124,0.0049908813,0.0046581603,0.0046581603,0.0046581603,0.0070467894,0.007550124,0.007550124,0.0057293177,0.007550124,0.007550124,0.0065770093,0.007550124,0.0046581603,0.007550124,0.007550124,0.007550124,0.0046581603,0.0061385483,0.0046581603,0.005347368,0.007550124,0.0065770093,0.0049908813,0.0057293177,0.0046581603,0.0061385483,0.0061385483,0.0046581603,0.0046581603,0.0070467894,0.007550124,0.005347368,0.007550124,0.0061385483,0.0046581603,0.0065770093,0.007550124,0.007550124,0.0049908813,0.007550124,0.0070467894,0.007550124,0.007550124,0.0065770093,0.007550124,0.0070467894,0.0046581603,0.0046581603,0.0065770093,0.0065770093,0.005347368,0.0061385483,0.0070467894,0.005347368,0.0057293177,0.0049908813,0.0046581603,0.0065770093,0.005347368,0.005347368,0.0065770093,0.0057293177,0.0046581603,0.0070467894,0.005347368,0.007550124,0.007550124,0.007550124,0.0046581603,0.0046581603,0.005347368,0.007550124,0.007550124,0.0061385483,0.0070467894,0.005347368,0.0065770093,0.0061385483,0.0046581603,1,3
0.008045775,0.005318523,0.007008777,0.0049639596,0.0049639596,0.0065415315,0.0049639596,0.0049639596,0.0049639596,0.0056984117,0.0075093973,0.007008777,0.0049639596,0.0049639596,0.0065415315,0.0065415315,0.0065415315,0.006105436,0.006105436,0.006105436,0.008045775,0.0049639596,0.0056984117,0.0049639596,0.0049639596,0.008045775,0.0056984117,0.0049639596,0.0049639596,0.008045775,0.008045775,0.0056984117,0.0049639596,0.0065415315,0.008045775,0.0056984117,0.0056984117,0.007008777,0.005318523,0.0075093973,0.008045775,0.0049639596,0.005318523,0.0049639596,0.0049639596,0.008045775,0.0065415315,0.0056984117,0.0049639596,0.006105436,0.008045775,0.006105436,0.0075093973,0.0049639596,0.008045775,0.0049639596,0.0065415315,0.005318523,0.0049639596,0.005318523,0.008045775,0.0056984117,0.0065415315,0.0049639596,0.007008777,0.005318523,0.006105436,0.006105436,0.0049639596,0.0049639596,0.005318523,0.008045775,0.0049639596,0.005318523,0.006105436,0.008045775,0.0065415315,0.0049639596,0.0049639596,0.0049639596,0.0056984117,0.0065415315,0.0065415315,0.0049639596,0.0056984117,0.0049639596,0.0049639596,0.005318523,0.0075093973,0.006105436,0.006105436,0.007008777,0.0049639596,0.008045775,0.008045775,0.007008777,0.0049639596,0.006105436,0.0049639596,0.008045775,0.008045775,0.0075093973,0.0049639596,0.0049639596,0.0075093973,0.008045775,0.007008777,0.0065415315,0.0049639596,0.0075093973,0.008045775,0.008045775,0.0065415315,0.006105436,0.0065415315,0.008045775,0.007008777,0.0049639596,0.005318523,0.005318523,0.008045775,0.007008777,0.007008777,0.0049639596,0.0049639596,0.008045775,0.0049639596,0.005318523,0.0075093973,0.005318523,0.008045775,0.0056984117,0.0056984117,0.005318523,0.007008777,0.0075093973,0.006105436,0.005318523,0.0049639596,0.008045775,0.008045775,0.007008777,0.0049639596,0.007008777,0.007008777,0.008045775,0.0049639596,0.008045775,0.008045775,0.0049639596,0.007008777,0.0056984117,0.0049639596,0.0075093973,0.008045775,0.008045775,0.0065415315,0.0049639596,0.0056984117,0.0049639596,0,0
0.007591396,0.007591396,0.007591396,0.007591396,0.0050181635,0.0050181635,0.006172104,0.006612962,0.006612962,0.007591396,0.006172104,0.006172104,0.004683624,0.004683624,0.007591396,0.006172104,0.00708531,0.005760636,0.006612962,0.0050181635,0.006612962,0.00708531,0.006172104,0.006172104,0.004683624,0.005760636,0.0053765983,0.0050181635,0.006612962,0.00708531,0.0053765983,0.005760636,0.007591396,0.00708531,0.004683624,0.006612962,0.0053765983,0.006172104,0.0050181635,0.00708531,0.004683624,0.007591396,0.007591396,0.005760636,0.00708531,0.00708531,0.006172104,0.007591396,0.007591396,0.006612962,0.0053765983,0.00708531,0.007591396,0.007591396,0.004683624,0.007591396,0.006612962,0.007591396,0.007591396,0.005760636,0.00708531,0.006172104,0.006172104,0.0050181635,0.007591396,0.006172104,0.006172104,0.004683624,0.0053765983,0.006612962,0.00708531,0.006612962,0.004683624,0.004683624,0.00708531,0.007591396,0.006172104,0.007591396,0.00708531,0.00708531,0.0053765983,0.0050181635,0.004683624,0.0050181635,0.004683624,0.004683624,0.006612962,0.007591396,0.006172104,0.007591396,0.006612962,0.006612962,0.007591396,0.004683624,0.007591396,0.0053765983,0.00708531,0.0053765983,0.006172104,0.004683624,0.00708531,0.007591396,0.006612962,0.004683624,0.006172104,0.004683624,0.005760636,0.006172104,0.004683624,0.005760636,0.00708531,0.007591396,0.004683624,0.007591396,0.006612962,0.0053765983,0.006172104,0.007591396,0.006612962,0.004683624,0.005760636,0.005760636,0.007591396,0.007591396,0.0050181635,0.006172104,0.006172104,0.006172104,0.00708531,0.006172104,0.00708531,0.0053765983,0.006612962,0.00708531,0.006172104,0.0053765983,0.006172104,0.0050181635,0.00708531,0.0053765983,0.005760636,0.006612962,0.0050181635,0.004683624,0.00708531,0.0050181635,0.007591396,0.007591396,0.007591396,0.0050181635,0.0053765983,0.00708531,0.006172104,0.006612962,0.004683624,0.00708531,0.005760636,0.006172104,0.0053765983,0.005760636,0,1
0.004942117,0.0060785706,0.004942117,0.004942117,0.008010372,0.0065127476,0.0060785706,0.004942117,0.004942117,0.008010372,0.008010372,0.0060785706,0.004942117,0.00529512,0.008010372,0.0065127476,0.007476354,0.0060785706,0.00529512,0.0056733373,0.004942117,0.007476354,0.0056733373,0.00529512,0.0069779367,0.0069779367,0.0056733373,0.0056733373,0.004942117,0.008010372,0.008010372,0.0056733373,0.004942117,0.0069779367,0.008010372,0.0060785706,0.0060785706,0.0069779367,0.0065127476,0.008010372,0.004942117,0.0060785706,0.008010372,0.0069779367,0.008010372,0.0060785706,0.0060785706,0.004942117,0.004942117,0.0069779367,0.007476354,0.0065127476,0.00529512,0.004942117,0.008010372,0.00529512,0.0069779367,0.004942117,0.004942117,0.0069779367,0.008010372,0.0060785706,0.0060785706,0.004942117,0.008010372,0.00529512,0.0069779367,0.0060785706,0.00529512,0.0056733373,0.007476354,0.008010372,0.0056733373,0.0056733373,0.004942117,0.0065127476,0.0065127476,0.004942117,0.0065127476,0.004942117,0.004942117,0.00529512,0.0060785706,0.008010372,0.008010372,0.004942117,0.004942117,0.00529512,0.007476354,0.0060785706,0.0060785706,0.0069779367,0.004942117,0.008010372,0.008010372,0.0069779367,0.004942117,0.0069779367,0.004942117,0.008010372,0.008010372,0.0069779367,0.0056733373,0.004942117,0.007476354,0.008010372,0.0069779367,0.004942117,0.004942117,0.008010372,0.007476354,0.008010372,0.0065127476,0.008010372,0.008010372,0.0069779367,0.0069779367,0.004942117,0.0056733373,0.00529512,0.004942117,0.00529512,0.004942117,0.004942117,0.0056733373,0.004942117,0.007476354,0.004942117,0.004942117,0.007476354,0.007476354,0.0056733373,0.0069779367,0.0060785706,0.007476354,0.0069779367,0.00529512,0.0060785706,0.0060785706,0.008010372,0.004942117,0.0056733373,0.007476354,0.0056733373,0.0065127476,0.0056733373,0.0065127476,0.004942117,0.004942117,0.00529512,0.0060785706,0.0056733373,0.004942117,0.004942117,0.008010372,0.008010372,0.0065127476,0.004942117,0.004942117,0.0060785706,4,4
0.0074133635,0.0074133635,0.0074133635,0.0074133635,0.0060273563,0.0074133635,0.0074133635,0.0064578755,0.0074133635,0.004573784,0.0064578755,0.0056255385,0.004573784,0.004573784,0.005250507,0.0060273563,0.0060273563,0.0056255385,0.0074133635,0.0056255385,0.0074133635,0.006919146,0.004573784,0.0049004783,0.004573784,0.0064578755,0.005250507,0.0060273563,0.0056255385,0.006919146,0.0074133635,0.0060273563,0.0074133635,0.0056255385,0.004573784,0.006919146,0.0056255385,0.0064578755,0.005250507,0.0074133635,0.005250507,0.0074133635,0.0074133635,0.0074133635,0.0056255385,0.006919146,0.0056255385,0.0074133635,0.0074133635,0.0064578755,0.005250507,0.0074133635,0.0074133635,0.0074133635,0.004573784,0.0074133635,0.0064578755,0.0074133635,0.0074133635,0.0060273563,0.0074133635,0.0049004783,0.0049004783,0.005250507,0.0074133635,0.0056255385,0.0060273563,0.0049004783,0.0056255385,0.0056255385,0.005250507,0.0074133635,0.004573784,0.005250507,0.004573784,0.0074133635,0.0060273563,0.0074133635,0.0074133635,0.0074133635,0.0074133635,0.004573784,0.004573784,0.004573784,0.004573784,0.0074133635,0.0074133635,0.0074133635,0.0056255385,0.0074133635,0.0074133635,0.0064578755,0.0074133635,0.004573784,0.0074133635,0.0074133635,0.0074133635,0.0049004783,0.0060273563,0.004573784,0.0056255385,0.0064578755,0.0064578755,0.005250507,0.006919146,0.004573784,0.0056255385,0.005250507,0.004573784,0.0064578755,0.0074133635,0.0074133635,0.0049004783,0.0064578755,0.0064578755,0.0049004783,0.0064578755,0.0074133635,0.0074133635,0.0049004783,0.0074133635,0.0060273563,0.0074133635,0.0074133635,0.0060273563,0.0074133635,0.0060273563,0.004573784,0.004573784,0.0064578755,0.0074133635,0.005250507,0.0064578755,0.006919146,0.0074133635,0.0064578755,0.0049004783,0.004573784,0.0064578755,0.005250507,0.005250507,0.0064578755,0.0056255385,0.004573784,0.006919146,0.0064578755,0.0074133635,0.0074133635,0.0074133635,0.004573784,0.0060273563,0.005250507,0.006919146,0.0074133635,0.0074133635,0.004573784,0.0074133635,0.006919146,0.006919146,0.0074133635,0,0
0.0064036613,0.007876201,0.004859338,0.004859338,0.0073511275,0.0064036613,0.0059767566,0.004859338,0.004859338,0.007876201,0.006861059,0.0059767566,0.004859338,0.0064036613,0.007876201,0.006861059,0.0073511275,0.005578311,0.0064036613,0.005206429,0.0064036613,0.0073511275,0.005206429,0.004859338,0.0064036613,0.007876201,0.005578311,0.004859338,0.005206429,0.007876201,0.007876201,0.005206429,0.004859338,0.0059767566,0.007876201,0.0064036613,0.0064036613,0.0064036613,0.004859338,0.007876201,0.004859338,0.0059767566,0.007876201,0.0059767566,0.007876201,0.007876201,0.006861059,0.004859338,0.004859338,0.007876201,0.0073511275,0.0059767566,0.007876201,0.004859338,0.007876201,0.004859338,0.006861059,0.004859338,0.004859338,0.0064036613,0.007876201,0.0059767566,0.0064036613,0.005578311,0.0073511275,0.005578311,0.006861059,0.0059767566,0.006861059,0.004859338,0.006861059,0.0073511275,0.005578311,0.005578311,0.0073511275,0.006861059,0.0064036613,0.004859338,0.0064036613,0.005578311,0.004859338,0.006861059,0.0059767566,0.004859338,0.006861059,0.004859338,0.004859338,0.005206429,0.0064036613,0.0059767566,0.0059767566,0.006861059,0.004859338,0.007876201,0.007876201,0.006861059,0.004859338,0.006861059,0.004859338,0.007876201,0.0073511275,0.006861059,0.0064036613,0.005206429,0.0073511275,0.007876201,0.0073511275,0.005206429,0.004859338,0.007876201,0.007876201,0.007876201,0.0064036613,0.005578311,0.006861059,0.006861059,0.006861059,0.004859338,0.005578311,0.005206429,0.004859338,0.005206429,0.004859338,0.004859338,0.005206429,0.004859338,0.007876201,0.005206429,0.006861059,0.0064036613,0.007876201,0.005578311,0.005206429,0.004859338,0.0064036613,0.006861059,0.0064036613,0.007876201,0.004859338,0.007876201,0.0064036613,0.006861059,0.0059767566,0.0064036613,0.0073511275,0.005578311,0.007876201,0.0073511275,0.006861059,0.004859338,0.0059767566,0.005578311,0.004859338,0.005578311,0.007876201,0.007876201,0.0064036613,0.005206429,0.005578311,0.004859338,1,1
0.005680155,0.0069863223,0.005680155,0.006085875,0.004948056,0.008019998,0.006085875,0.004948056,0.004948056,0.004948056,0.0074853385,0.006085875,0.004948056,0.0053014834,0.008019998,0.0053014834,0.006520574,0.006520574,0.006520574,0.006520574,0.004948056,0.0074853385,0.006085875,0.005680155,0.008019998,0.0074853385,0.005680155,0.005680155,0.004948056,0.008019998,0.008019998,0.005680155,0.004948056,0.0069863223,0.008019998,0.0053014834,0.005680155,0.0074853385,0.006085875,0.006520574,0.0053014834,0.006520574,0.008019998,0.0069863223,0.008019998,0.006520574,0.006520574,0.004948056,0.004948056,0.006085875,0.0069863223,0.006520574,0.005680155,0.004948056,0.008019998,0.004948056,0.0069863223,0.004948056,0.004948056,0.0074853385,0.008019998,0.006085875,0.005680155,0.005680155,0.008019998,0.0069863223,0.006085875,0.006085875,0.004948056,0.004948056,0.004948056,0.006520574,0.004948056,0.0053014834,0.008019998,0.0074853385,0.006520574,0.004948056,0.004948056,0.004948056,0.0053014834,0.0074853385,0.006520574,0.004948056,0.008019998,0.004948056,0.0053014834,0.0053014834,0.0069863223,0.006085875,0.006085875,0.0069863223,0.004948056,0.008019998,0.008019998,0.005680155,0.004948056,0.0053014834,0.0053014834,0.008019998,0.008019998,0.0069863223,0.004948056,0.004948056,0.0074853385,0.008019998,0.008019998,0.004948056,0.004948056,0.008019998,0.008019998,0.008019998,0.006520574,0.004948056,0.0069863223,0.006085875,0.0069863223,0.004948056,0.0053014834,0.004948056,0.0053014834,0.005680155,0.004948056,0.004948056,0.005680155,0.004948056,0.0053014834,0.005680155,0.008019998,0.004948056,0.008019998,0.006520574,0.006520574,0.006085875,0.0074853385,0.006520574,0.005680155,0.008019998,0.005680155,0.008019998,0.004948056,0.006085875,0.0074853385,0.006085875,0.006085875,0.005680155,0.006520574,0.008019998,0.008019998,0.0053014834,0.006085875,0.005680155,0.004948056,0.0053014834,0.008019998,0.008019998,0.008019998,0.004948056,0.005680155,0.004948056,5,4
0.0066034645,0.007580493,0.007580493,0.007580493,0.0050109564,0.007580493,0.007580493,0.0070751337,0.007580493,0.007580493,0.0061632395,0.0061632395,0.004676897,0.004676897,0.005752363,0.007580493,0.0066034645,0.004676897,0.0070751337,0.004676897,0.0061632395,0.0070751337,0.0050109564,0.005752363,0.005752363,0.007580493,0.0053688763,0.0050109564,0.0050109564,0.005752363,0.0061632395,0.005752363,0.007580493,0.0070751337,0.004676897,0.0070751337,0.0061632395,0.005752363,0.004676897,0.007580493,0.0050109564,0.005752363,0.007580493,0.0070751337,0.004676897,0.007580493,0.0066034645,0.0070751337,0.007580493,0.0053688763,0.0070751337,0.007580493,0.005752363,0.007580493,0.004676897,0.007580493,0.0061632395,0.007580493,0.007580493,0.007580493,0.005752363,0.0066034645,0.005752363,0.0061632395,0.007580493,0.0061632395,0.0061632395,0.004676897,0.005752363,0.0070751337,0.004676897,0.007580493,0.004676897,0.004676897,0.004676897,0.007580493,0.005752363,0.0066034645,0.0070751337,0.005752363,0.0070751337,0.0050109564,0.004676897,0.004676897,0.0061632395,0.007580493,0.007580493,0.007580493,0.005752363,0.007580493,0.0066034645,0.0066034645,0.007580493,0.004676897,0.007580493,0.007580493,0.007580493,0.004676897,0.004676897,0.004676897,0.0066034645,0.007580493,0.0050109564,0.004676897,0.0070751337,0.004676897,0.0061632395,0.005752363,0.004676897,0.005752363,0.007580493,0.007580493,0.004676897,0.0070751337,0.0061632395,0.004676897,0.0070751337,0.007580493,0.007580493,0.004676897,0.007580493,0.0070751337,0.007580493,0.007580493,0.0061632395,0.007580493,0.005752363,0.004676897,0.004676897,0.0066034645,0.0070751337,0.0053688763,0.0061632395,0.0053688763,0.007580493,0.005752363,0.0050109564,0.004676897,0.0061632395,0.005752363,0.005752363,0.0066034645,0.005752363,0.0050109564,0.0066034645,0.0050109564,0.007580493,0.0066034645,0.0061632395,0.004676897,0.004676897,0.0053688763,0.007580493,0.007580493,0.007580493,0.004676897,0.005752363,0.007580493,0.0070751337,0.004676897,1,1
0.004845725,0.005191843,0.005960013,0.007854136,0.004845725,0.0063857213,0.007854136,0.006841838,0.007854136,0.007854136,0.0055626836,0.005191843,0.004845725,0.007854136,0.007854136,0.006841838,0.0063857213,0.006841838,0.007854136,0.005960013,0.0063857213,0.0073305336,0.0063857213,0.0055626836,0.004845725,0.006841838,0.0055626836,0.0063857213,0.0055626836,0.0073305336,0.007854136,0.0055626836,0.0055626836,0.006841838,0.007854136,0.005960013,0.0063857213,0.004845725,0.0063857213,0.005960013,0.005191843,0.006841838,0.007854136,0.005960013,0.007854136,0.0055626836,0.0063857213,0.007854136,0.0073305336,0.005960013,0.005960013,0.005960013,0.0055626836,0.0073305336,0.0063857213,0.004845725,0.0055626836,0.0063857213,0.0063857213,0.0055626836,0.005960013,0.0073305336,0.004845725,0.0073305336,0.005191843,0.005960013,0.0055626836,0.005191843,0.007854136,0.005960013,0.006841838,0.005191843,0.0055626836,0.0055626836,0.0073305336,0.005191843,0.005191843,0.005191843,0.0073305336,0.004845725,0.0055626836,0.0073305336,0.007854136,0.007854136,0.007854136,0.004845725,0.005191843,0.004845725,0.0063857213,0.005960013,0.005960013,0.006841838,0.005191843,0.0073305336,0.0063857213,0.004845725,0.004845725,0.006841838,0.007854136,0.0073305336,0.006841838,0.0063857213,0.005191843,0.004845725,0.006841838,0.004845725,0.0055626836,0.004845725,0.007854136,0.0073305336,0.0063857213,0.0055626836,0.0063857213,0.0073305336,0.0055626836,0.005960013,0.006841838,0.0055626836,0.005191843,0.004845725,0.004845725,0.005191843,0.0063857213,0.007854136,0.005191843,0.0063857213,0.0073305336,0.0063857213,0.007854136,0.006841838,0.0063857213,0.005960013,0.0073305336,0.0073305336,0.005191843,0.0063857213,0.005191843,0.0055626836,0.007854136,0.005960013,0.006841838,0.0055626836,0.005960013,0.0063857213,0.0055626836,0.005191843,0.007854136,0.007854136,0.007854136,0.005191843,0.0055626836,0.0055626836,0.006841838,0.0073305336,0.005191843,0.005960013,0.0055626836,0.0063857213,0.005191843,0.005191843,3,3
0.0065402086,0.0061042006,0.0075078784,0.0075078784,0.0053174472,0.0075078784,0.0075078784,0.00700736,0.0075078784,0.0075078784,0.0061042006,0.0056972597,0.0046320963,0.0046320963,0.0056972597,0.0053174472,0.00700736,0.0049629556,0.0075078784,0.0046320963,0.0061042006,0.00700736,0.0053174472,0.0061042006,0.0056972597,0.0075078784,0.0053174472,0.0061042006,0.0053174472,0.00700736,0.0061042006,0.0056972597,0.0075078784,0.00700736,0.0046320963,0.00700736,0.0061042006,0.0056972597,0.0046320963,0.0075078784,0.0049629556,0.0056972597,0.0075078784,0.00700736,0.0046320963,0.0075078784,0.0061042006,0.00700736,0.0075078784,0.0056972597,0.00700736,0.0075078784,0.00700736,0.0075078784,0.0049629556,0.0075078784,0.0061042006,0.0075078784,0.0075078784,0.0075078784,0.0061042006,0.0053174472,0.0056972597,0.0065402086,0.0075078784,0.0061042006,0.0061042006,0.0046320963,0.0056972597,0.00700736,0.0046320963,0.0075078784,0.0049629556,0.0049629556,0.0046320963,0.0075078784,0.0056972597,0.0075078784,0.0075078784,0.0056972597,0.00700736,0.0046320963,0.0046320963,0.0046320963,0.0053174472,0.0075078784,0.0075078784,0.0075078784,0.0056972597,0.0075078784,0.0065402086,0.0065402086,0.0075078784,0.0046320963,0.0075078784,0.0075078784,0.0075078784,0.0046320963,0.0046320963,0.0046320963,0.0065402086,0.0075078784,0.0053174472,0.0046320963,0.0065402086,0.0046320963,0.0061042006,0.0056972597,0.0046320963,0.0056972597,0.0075078784,0.0075078784,0.0046320963,0.00700736,0.0065402086,0.0046320963,0.00700736,0.00700736,0.0075078784,0.0046320963,0.0075078784,0.00700736,0.0075078784,0.0075078784,0.0061042006,0.00700736,0.0053174472,0.0046320963,0.0046320963,0.00700736,0.0065402086,0.0053174472,0.0065402086,0.0065402086,0.0065402086,0.0056972597,0.0049629556,0.0046320963,0.0061042006,0.0056972597,0.0056972597,0.0065402086,0.0056972597,0.0049629556,0.0061042006,0.0053174472,0.0075078784,0.0075078784,0.0075078784,0.0065402086,0.0046320963,0.0053174472,0.0075078784,0.0075078784,0.0075078784,0.0046320963,0.0075078784,0.0075078784,0.0075078784,0.0046320963,2,3
0.006235673,0.0071582845,0.0076695834,0.0076695834,0.005431975,0.0071582845,0.0076695834,0.006681072,0.0076695834,0.005069848,0.006681072,0.006681072,0.005069848,0.004731863,0.0058199675,0.0076695834,0.0058199675,0.0058199675,0.0076695834,0.005069848,0.0076695834,0.0071582845,0.0058199675,0.0058199675,0.004731863,0.0076695834,0.005431975,0.004731863,0.004731863,0.0071582845,0.0071582845,0.006235673,0.0071582845,0.006235673,0.006235673,0.006235673,0.005431975,0.0076695834,0.0058199675,0.006681072,0.004731863,0.0058199675,0.0076695834,0.006681072,0.0076695834,0.005431975,0.004731863,0.0071582845,0.006681072,0.005431975,0.0058199675,0.006235673,0.0058199675,0.004731863,0.006235673,0.004731863,0.004731863,0.0076695834,0.006235673,0.006235673,0.0076695834,0.0058199675,0.0058199675,0.004731863,0.0076695834,0.005431975,0.005431975,0.005431975,0.006681072,0.006681072,0.0071582845,0.0076695834,0.005431975,0.005431975,0.004731863,0.006235673,0.005431975,0.0076695834,0.006681072,0.005069848,0.004731863,0.005431975,0.0076695834,0.0071582845,0.006681072,0.004731863,0.005069848,0.0076695834,0.0071582845,0.0058199675,0.0058199675,0.006681072,0.0076695834,0.004731863,0.0076695834,0.0076695834,0.004731863,0.005431975,0.0058199675,0.0076695834,0.006681072,0.0071582845,0.005069848,0.004731863,0.0071582845,0.004731863,0.005431975,0.0058199675,0.004731863,0.0076695834,0.006681072,0.0076695834,0.006235673,0.0058199675,0.0058199675,0.005431975,0.006681072,0.0071582845,0.005431975,0.006235673,0.005431975,0.005069848,0.0071582845,0.0076695834,0.005431975,0.006235673,0.0071582845,0.006235673,0.0076695834,0.006235673,0.0076695834,0.005431975,0.0058199675,0.0071582845,0.0071582845,0.006681072,0.005069848,0.004731863,0.0071582845,0.0058199675,0.006681072,0.006235673,0.006235673,0.005431975,0.0058199675,0.0071582845,0.0076695834,0.0076695834,0.0076695834,0.004731863,0.006681072,0.005431975,0.006235673,0.006681072,0.005431975,0.0076695834,0.006235673,0.006235673,0.005431975,0.004731863,2,1
0.0049779913,0.006122694,0.0049779913,0.0049779913,0.008068518,0.006122694,0.0057145194,0.0049779913,0.0049779913,0.008068518,0.006122694,0.005333557,0.0049779913,0.008068518,0.008068518,0.0065600225,0.0049779913,0.007028589,0.0049779913,0.007028589,0.0049779913,0.007530624,0.0065600225,0.0049779913,0.008068518,0.007530624,0.007028589,0.005333557,0.0049779913,0.008068518,0.0065600225,0.0057145194,0.005333557,0.007530624,0.008068518,0.0057145194,0.006122694,0.0065600225,0.006122694,0.007028589,0.0049779913,0.006122694,0.008068518,0.006122694,0.008068518,0.008068518,0.0065600225,0.0049779913,0.0049779913,0.008068518,0.006122694,0.0057145194,0.008068518,0.0049779913,0.0065600225,0.006122694,0.007028589,0.0049779913,0.0049779913,0.0065600225,0.008068518,0.006122694,0.0057145194,0.006122694,0.008068518,0.008068518,0.008068518,0.005333557,0.0049779913,0.0049779913,0.0049779913,0.0049779913,0.0049779913,0.0057145194,0.008068518,0.0049779913,0.0065600225,0.0049779913,0.0049779913,0.005333557,0.005333557,0.008068518,0.008068518,0.0057145194,0.008068518,0.0049779913,0.005333557,0.005333557,0.006122694,0.006122694,0.006122694,0.007028589,0.0049779913,0.008068518,0.008068518,0.006122694,0.0049779913,0.007028589,0.0049779913,0.008068518,0.0065600225,0.007028589,0.0065600225,0.0049779913,0.007530624,0.008068518,0.008068518,0.0049779913,0.0049779913,0.008068518,0.007530624,0.0057145194,0.006122694,0.0049779913,0.007028589,0.006122694,0.007028589,0.0065600225,0.005333557,0.005333557,0.0065600225,0.0065600225,0.0049779913,0.0065600225,0.0049779913,0.005333557,0.0057145194,0.006122694,0.007530624,0.005333557,0.007530624,0.0065600225,0.0049779913,0.005333557,0.006122694,0.0065600225,0.0049779913,0.0049779913,0.0049779913,0.008068518,0.0049779913,0.0065600225,0.007028589,0.0057145194,0.007028589,0.0049779913,0.0049779913,0.0049779913,0.0049779913,0.008068518,0.006122694,0.0057145194,0.0049779913,0.008068518,0.008068518,0.0065600225,0.006122694,0.0049779913,0.0049779913,0.008068518,4,4
0.0064304555,0.007909156,0.007909156,0.0073818862,0.006889767,0.0073818862,0.0064304555,0.0048796707,0.0048796707,0.007909156,0.0073818862,0.0064304555,0.0048796707,0.0052282135,0.0073818862,0.006889767,0.0073818862,0.0052282135,0.0048796707,0.0073818862,0.0052282135,0.0064304555,0.0052282135,0.0048796707,0.0048796707,0.007909156,0.005601652,0.0048796707,0.0048796707,0.007909156,0.007909156,0.005601652,0.0048796707,0.006889767,0.007909156,0.0060017644,0.0064304555,0.0064304555,0.0060017644,0.007909156,0.0048796707,0.0064304555,0.007909156,0.0064304555,0.007909156,0.007909156,0.0064304555,0.0048796707,0.0048796707,0.0064304555,0.006889767,0.0060017644,0.005601652,0.005601652,0.007909156,0.0048796707,0.0064304555,0.0048796707,0.0048796707,0.0052282135,0.007909156,0.0064304555,0.005601652,0.0052282135,0.007909156,0.0064304555,0.0073818862,0.0060017644,0.0048796707,0.005601652,0.0073818862,0.007909156,0.005601652,0.005601652,0.0064304555,0.0073818862,0.0064304555,0.0048796707,0.0048796707,0.0048796707,0.0048796707,0.0064304555,0.007909156,0.0060017644,0.0064304555,0.0048796707,0.0048796707,0.0052282135,0.006889767,0.0060017644,0.0060017644,0.006889767,0.0048796707,0.007909156,0.007909156,0.006889767,0.0048796707,0.006889767,0.0048796707,0.007909156,0.007909156,0.0073818862,0.0052282135,0.0048796707,0.0073818862,0.007909156,0.007909156,0.0048796707,0.0048796707,0.007909156,0.007909156,0.0073818862,0.0060017644,0.0048796707,0.006889767,0.007909156,0.0064304555,0.0048796707,0.0052282135,0.0048796707,0.0060017644,0.005601652,0.0052282135,0.0048796707,0.0048796707,0.0052282135,0.007909156,0.0048796707,0.0048796707,0.0073818862,0.0073818862,0.005601652,0.006889767,0.0064304555,0.0073818862,0.006889767,0.0052282135,0.007909156,0.0064304555,0.007909156,0.0060017644,0.0060017644,0.0060017644,0.0060017644,0.0064304555,0.005601652,0.007909156,0.0048796707,0.0048796707,0.0052282135,0.0064304555,0.005601652,0.0048796707,0.0060017644,0.007909156,0.007909156,0.0064304555,0.0048796707,0.0048796707,0.0060017644,1,4
0.007605756,0.0070987125,0.007605756,0.007605756,0.005386769,0.006625471,0.007605756,0.0070987125,0.007605756,0.007605756,0.005771533,0.005771533,0.0046924837,0.0046924837,0.0046924837,0.005771533,0.0070987125,0.006625471,0.007605756,0.0046924837,0.005771533,0.0070987125,0.0061837793,0.0061837793,0.0046924837,0.0046924837,0.005386769,0.0061837793,0.0061837793,0.005027656,0.0046924837,0.005771533,0.007605756,0.006625471,0.0046924837,0.006625471,0.0061837793,0.0061837793,0.0046924837,0.0061837793,0.0046924837,0.007605756,0.007605756,0.007605756,0.0070987125,0.0061837793,0.005386769,0.007605756,0.007605756,0.005771533,0.0061837793,0.007605756,0.007605756,0.007605756,0.005027656,0.007605756,0.006625471,0.007605756,0.007605756,0.0061837793,0.0046924837,0.005771533,0.005771533,0.005027656,0.005386769,0.0061837793,0.0061837793,0.0046924837,0.005771533,0.0070987125,0.005027656,0.0070987125,0.0046924837,0.005386769,0.0046924837,0.007605756,0.0061837793,0.007605756,0.007605756,0.0070987125,0.006625471,0.0046924837,0.0046924837,0.0046924837,0.005386769,0.0061837793,0.007605756,0.007605756,0.005771533,0.007605756,0.0070987125,0.006625471,0.007605756,0.0046924837,0.007605756,0.007605756,0.007605756,0.0046924837,0.0061837793,0.0046924837,0.005386769,0.007605756,0.006625471,0.005027656,0.006625471,0.0046924837,0.005771533,0.0061837793,0.0046924837,0.005027656,0.007605756,0.007605756,0.0046924837,0.007605756,0.005771533,0.0046924837,0.0070987125,0.007605756,0.007605756,0.005386769,0.007605756,0.0061837793,0.007605756,0.007605756,0.0061837793,0.007605756,0.006625471,0.005027656,0.0046924837,0.006625471,0.0061837793,0.005386769,0.006625471,0.0070987125,0.0046924837,0.005386769,0.0046924837,0.0046924837,0.0061837793,0.005386769,0.006625471,0.006625471,0.005771533,0.0046924837,0.0061837793,0.005771533,0.007605756,0.007605756,0.007605756,0.0046924837,0.0046924837,0.005386769,0.007605756,0.007605756,0.006625471,0.0046924837,0.006625471,0.007605756,0.007605756,0.005386769,0,1
0.005796456,0.005796456,0.005049367,0.005796456,0.008184207,0.005049367,0.005049367,0.005049367,0.005049367,0.008184207,0.007129367,0.005410031,0.005049367,0.006210483,0.008184207,0.005049367,0.0066540823,0.005410031,0.005049367,0.007129367,0.005049367,0.005796456,0.006210483,0.005796456,0.0076386,0.007129367,0.0066540823,0.0066540823,0.005410031,0.008184207,0.008184207,0.005796456,0.005049367,0.005049367,0.008184207,0.006210483,0.0066540823,0.005049367,0.005049367,0.0066540823,0.005410031,0.007129367,0.0066540823,0.005796456,0.008184207,0.008184207,0.0066540823,0.005049367,0.005049367,0.008184207,0.008184207,0.006210483,0.007129367,0.005049367,0.008184207,0.005049367,0.0066540823,0.005049367,0.005049367,0.005410031,0.0066540823,0.007129367,0.005049367,0.0066540823,0.0076386,0.008184207,0.008184207,0.005049367,0.005049367,0.005049367,0.005049367,0.005796456,0.005410031,0.005796456,0.008184207,0.005049367,0.0066540823,0.005049367,0.005049367,0.005049367,0.005410031,0.0066540823,0.005049367,0.005049367,0.008184207,0.005049367,0.005049367,0.005049367,0.007129367,0.006210483,0.006210483,0.007129367,0.005049367,0.008184207,0.008184207,0.006210483,0.005049367,0.005410031,0.005410031,0.008184207,0.0076386,0.0066540823,0.005049367,0.005049367,0.0066540823,0.008184207,0.008184207,0.005049367,0.005049367,0.008184207,0.008184207,0.0076386,0.006210483,0.005049367,0.0066540823,0.006210483,0.006210483,0.005049367,0.006210483,0.005049367,0.005796456,0.005410031,0.005049367,0.005049367,0.006210483,0.005796456,0.0076386,0.005049367,0.005049367,0.008184207,0.008184207,0.0066540823,0.005049367,0.005049367,0.0076386,0.005796456,0.005796456,0.005049367,0.005049367,0.0076386,0.0066540823,0.0066540823,0.007129367,0.005049367,0.007129367,0.005410031,0.0076386,0.008184207,0.008184207,0.008184207,0.007129367,0.005796456,0.005049367,0.005049367,0.008184207,0.005410031,0.005410031,0.006210483,0.0066540823,0.005049367,4,4
0.0061350144,0.0075457776,0.0075457776,0.0075457776,0.004655479,0.0070427326,0.0075457776,0.0070427326,0.0075457776,0.0061350144,0.0061350144,0.0057260194,0.004655479,0.004655479,0.0053442894,0.0061350144,0.0061350144,0.0061350144,0.0075457776,0.0057260194,0.0070427326,0.0070427326,0.0057260194,0.0061350144,0.004655479,0.0075457776,0.0053442894,0.0061350144,0.0057260194,0.0075457776,0.006573223,0.0057260194,0.0075457776,0.0061350144,0.004655479,0.004988008,0.0057260194,0.0057260194,0.004655479,0.0053442894,0.004655479,0.0061350144,0.0075457776,0.0070427326,0.0057260194,0.0075457776,0.006573223,0.0075457776,0.0075457776,0.0075457776,0.0053442894,0.0075457776,0.0075457776,0.0075457776,0.0053442894,0.0075457776,0.0061350144,0.0075457776,0.0075457776,0.0070427326,0.0070427326,0.0061350144,0.004655479,0.004655479,0.0075457776,0.0057260194,0.0061350144,0.004655479,0.0053442894,0.006573223,0.0061350144,0.0075457776,0.004655479,0.004988008,0.004988008,0.0075457776,0.0057260194,0.0075457776,0.0075457776,0.0057260194,0.0075457776,0.004988008,0.004655479,0.004655479,0.004655479,0.0061350144,0.0075457776,0.0075457776,0.0057260194,0.0075457776,0.0075457776,0.006573223,0.0075457776,0.004655479,0.0075457776,0.0075457776,0.0075457776,0.004988008,0.0061350144,0.004655479,0.0053442894,0.0057260194,0.006573223,0.0061350144,0.0070427326,0.004655479,0.0057260194,0.0061350144,0.004655479,0.0057260194,0.006573223,0.0075457776,0.004655479,0.0070427326,0.0075457776,0.0053442894,0.006573223,0.0075457776,0.0057260194,0.0075457776,0.006573223,0.006573223,0.0075457776,0.0075457776,0.0053442894,0.0053442894,0.0070427326,0.0061350144,0.006573223,0.0061350144,0.0070427326,0.0061350144,0.0057260194,0.006573223,0.004988008,0.006573223,0.0053442894,0.004655479,0.0061350144,0.0053442894,0.0057260194,0.006573223,0.0057260194,0.004655479,0.0057260194,0.004988008,0.0075457776,0.0075457776,0.0075457776,0.004655479,0.004655479,0.0061350144,0.0075457776,0.0075457776,0.006573223,0.0061350144,0.0061350144,0.0061350144,0.0061350144,0.004655479,1,3
0.0061629377,0.007580122,0.007580122,0.007580122,0.005010711,0.0070747873,0.007580122,0.006603141,0.007580122,0.005752081,0.0061629377,0.0053686136,0.004676668,0.004676668,0.004676668,0.006603141,0.0061629377,0.0061629377,0.007580122,0.005752081,0.0070747873,0.0070747873,0.004676668,0.005010711,0.004676668,0.0070747873,0.0053686136,0.0061629377,0.005752081,0.007580122,0.007580122,0.005752081,0.007580122,0.005752081,0.004676668,0.0070747873,0.0053686136,0.005752081,0.004676668,0.0061629377,0.0070747873,0.0061629377,0.006603141,0.006603141,0.004676668,0.006603141,0.0061629377,0.007580122,0.007580122,0.007580122,0.005752081,0.007580122,0.007580122,0.007580122,0.005010711,0.007580122,0.006603141,0.007580122,0.007580122,0.0061629377,0.0070747873,0.0053686136,0.004676668,0.004676668,0.007580122,0.0061629377,0.0061629377,0.004676668,0.0053686136,0.0053686136,0.0053686136,0.007580122,0.004676668,0.0053686136,0.004676668,0.007580122,0.005752081,0.0070747873,0.007580122,0.0061629377,0.007580122,0.005010711,0.004676668,0.004676668,0.004676668,0.007580122,0.007580122,0.007580122,0.005752081,0.007580122,0.007580122,0.006603141,0.007580122,0.004676668,0.007580122,0.007580122,0.007580122,0.004676668,0.0061629377,0.004676668,0.0053686136,0.006603141,0.0061629377,0.0053686136,0.0070747873,0.004676668,0.005752081,0.0053686136,0.004676668,0.0061629377,0.006603141,0.007580122,0.005010711,0.0070747873,0.006603141,0.0053686136,0.006603141,0.007580122,0.007580122,0.004676668,0.006603141,0.005752081,0.007580122,0.007580122,0.005010711,0.007580122,0.0070747873,0.004676668,0.005010711,0.006603141,0.007580122,0.005752081,0.0061629377,0.0070747873,0.0061629377,0.0070747873,0.005010711,0.004676668,0.0061629377,0.0053686136,0.005752081,0.006603141,0.005752081,0.004676668,0.0070747873,0.0053686136,0.007580122,0.007580122,0.007580122,0.004676668,0.005010711,0.0053686136,0.007580122,0.007580122,0.006603141,0.007580122,0.004676668,0.0061629377,0.006603141,0.004676668,1,0
0.0074880025,0.0074880025,0.0074880025,0.0074880025,0.0056821774,0.006988809,0.0074880025,0.0065228944,0.0074880025,0.0046198335,0.0053033703,0.0053033703,0.0046198335,0.0046198335,0.0046198335,0.006088041,0.006088041,0.006088041,0.0074880025,0.0056821774,0.006988809,0.006988809,0.0056821774,0.0056821774,0.0046198335,0.0053033703,0.0053033703,0.006088041,0.006088041,0.0056821774,0.0065228944,0.0056821774,0.0074880025,0.006088041,0.0046198335,0.006988809,0.0053033703,0.0065228944,0.0053033703,0.006988809,0.0046198335,0.0074880025,0.0074880025,0.0074880025,0.0074880025,0.0074880025,0.0065228944,0.0074880025,0.0074880025,0.0074880025,0.0053033703,0.0074880025,0.0074880025,0.0074880025,0.0046198335,0.0074880025,0.0065228944,0.0074880025,0.0074880025,0.006088041,0.006088041,0.0053033703,0.0046198335,0.0046198335,0.0074880025,0.0056821774,0.006088041,0.0046198335,0.0053033703,0.004949817,0.0056821774,0.0074880025,0.0046198335,0.0053033703,0.0046198335,0.0074880025,0.006088041,0.0074880025,0.0074880025,0.0074880025,0.0074880025,0.0046198335,0.0046198335,0.0046198335,0.0046198335,0.006988809,0.0074880025,0.0074880025,0.0056821774,0.0074880025,0.0074880025,0.0065228944,0.0074880025,0.0046198335,0.0074880025,0.0074880025,0.0074880025,0.0046198335,0.006088041,0.0046198335,0.0053033703,0.0074880025,0.0065228944,0.004949817,0.0056821774,0.0046198335,0.006088041,0.006088041,0.0046198335,0.0046198335,0.006988809,0.0074880025,0.0056821774,0.0074880025,0.006988809,0.0046198335,0.0065228944,0.0074880025,0.0074880025,0.0053033703,0.0074880025,0.0065228944,0.0074880025,0.0074880025,0.006988809,0.0074880025,0.006988809,0.0046198335,0.0046198335,0.006088041,0.0065228944,0.0053033703,0.006088041,0.006988809,0.0065228944,0.0065228944,0.004949817,0.0046198335,0.006088041,0.0056821774,0.0053033703,0.0065228944,0.0056821774,0.0046198335,0.0065228944,0.0056821774,0.0074880025,0.0074880025,0.0074880025,0.0046198335,0.004949817,0.0053033703,0.006988809,0.0074880025,0.0065228944,0.0046198335,0.0074880025,0.0074880025,0.0074880025,0.0065228944,0,0
0.0048700436,0.0048700436,0.006876174,0.007893552,0.0048700436,0.0052178986,0.0064177685,0.006876174,0.007367322,0.007893552,0.0055906,0.0059899236,0.0064177685,0.0048700436,0.007893552,0.0059899236,0.0048700436,0.006876174,0.007893552,0.0048700436,0.007367322,0.007367322,0.0048700436,0.0048700436,0.0048700436,0.0059899236,0.0055906,0.0059899236,0.0059899236,0.0055906,0.0064177685,0.0059899236,0.007367322,0.007367322,0.007893552,0.0059899236,0.0048700436,0.0064177685,0.0048700436,0.0064177685,0.0052178986,0.007893552,0.007367322,0.0055906,0.007893552,0.0048700436,0.0052178986,0.007893552,0.0064177685,0.006876174,0.0059899236,0.0052178986,0.007893552,0.0052178986,0.006876174,0.0064177685,0.0048700436,0.007893552,0.0055906,0.0064177685,0.0064177685,0.0052178986,0.006876174,0.0048700436,0.007893552,0.0055906,0.0055906,0.0055906,0.0055906,0.006876174,0.0048700436,0.0064177685,0.0052178986,0.0055906,0.007893552,0.0048700436,0.0052178986,0.007893552,0.0064177685,0.0048700436,0.0048700436,0.0052178986,0.007893552,0.007893552,0.0064177685,0.0048700436,0.0055906,0.007367322,0.007893552,0.0059899236,0.0064177685,0.006876174,0.007893552,0.0048700436,0.007893552,0.0048700436,0.0048700436,0.007893552,0.0064177685,0.007367322,0.007367322,0.007893552,0.007367322,0.0059899236,0.0055906,0.0048700436,0.0055906,0.0064177685,0.0048700436,0.007893552,0.0052178986,0.0055906,0.0064177685,0.0059899236,0.007367322,0.0059899236,0.006876174,0.007893552,0.0055906,0.0048700436,0.0048700436,0.0055906,0.007893552,0.007893552,0.0048700436,0.0055906,0.007367322,0.0064177685,0.007893552,0.006876174,0.0064177685,0.0055906,0.007367322,0.007367322,0.0048700436,0.0059899236,0.0052178986,0.0055906,0.0064177685,0.0059899236,0.0052178986,0.0055906,0.0064177685,0.0055906,0.0055906,0.0052178986,0.007893552,0.007893552,0.007893552,0.0059899236,0.0048700436,0.0055906,0.007367322,0.007893552,0.0048700436,0.007367322,0.0059899236,0.006876174,0.0059899236,0.0048700436,3,2
0.006873499,0.0078904815,0.0055884253,0.004868149,0.0055884253,0.006873499,0.0059875934,0.004868149,0.0059875934,0.0078904815,0.0073644565,0.006873499,0.005215869,0.0059875934,0.0059875934,0.0073644565,0.006873499,0.004868149,0.006873499,0.005215869,0.0078904815,0.0073644565,0.005215869,0.005215869,0.0059875934,0.0078904815,0.0055884253,0.004868149,0.004868149,0.0078904815,0.0078904815,0.0055884253,0.004868149,0.006415272,0.0078904815,0.0059875934,0.0059875934,0.006873499,0.0059875934,0.0073644565,0.004868149,0.006415272,0.0073644565,0.005215869,0.0078904815,0.006415272,0.006415272,0.004868149,0.004868149,0.006873499,0.0073644565,0.0059875934,0.005215869,0.004868149,0.006873499,0.004868149,0.006415272,0.0059875934,0.004868149,0.005215869,0.0078904815,0.0055884253,0.006415272,0.005215869,0.0078904815,0.005215869,0.0059875934,0.0055884253,0.005215869,0.006873499,0.0078904815,0.0078904815,0.0055884253,0.0055884253,0.004868149,0.0078904815,0.006415272,0.004868149,0.004868149,0.004868149,0.004868149,0.006873499,0.0073644565,0.0055884253,0.006873499,0.004868149,0.004868149,0.005215869,0.0073644565,0.0059875934,0.0059875934,0.006873499,0.004868149,0.0078904815,0.0078904815,0.006873499,0.004868149,0.0055884253,0.0059875934,0.0078904815,0.0078904815,0.006873499,0.0059875934,0.004868149,0.0073644565,0.0078904815,0.006873499,0.006415272,0.004868149,0.0078904815,0.0078904815,0.0078904815,0.006415272,0.0059875934,0.006873499,0.0078904815,0.006873499,0.004868149,0.0055884253,0.004868149,0.0055884253,0.005215869,0.004868149,0.004868149,0.004868149,0.004868149,0.0078904815,0.004868149,0.006415272,0.004868149,0.0078904815,0.0055884253,0.0059875934,0.004868149,0.0078904815,0.0078904815,0.006415272,0.0073644565,0.004868149,0.0078904815,0.006415272,0.006873499,0.0055884253,0.0073644565,0.0059875934,0.0073644565,0.0078904815,0.006873499,0.0078904815,0.0059875934,0.006415272,0.0055884253,0.004868149,0.0055884253,0.0078904815,0.0078904815,0.006415272,0.004868149,0.0055884253,0.004868149,1,4
0.0061483695,0.006587533,0.0075622043,0.0075622043,0.0046656136,0.004998867,0.0075622043,0.006587533,0.0075622043,0.0075622043,0.0061483695,0.005738484,0.0046656136,0.0046656136,0.006587533,0.005738484,0.007058064,0.0061483695,0.0075622043,0.0053559234,0.007058064,0.007058064,0.0053559234,0.005738484,0.0046656136,0.006587533,0.0061483695,0.0046656136,0.005738484,0.005738484,0.005738484,0.006587533,0.0075622043,0.006587533,0.005738484,0.005738484,0.0053559234,0.006587533,0.0053559234,0.0061483695,0.0053559234,0.007058064,0.0075622043,0.005738484,0.0075622043,0.007058064,0.006587533,0.0075622043,0.0075622043,0.007058064,0.0053559234,0.0075622043,0.006587533,0.0061483695,0.0046656136,0.0075622043,0.0061483695,0.0075622043,0.0075622043,0.007058064,0.007058064,0.007058064,0.005738484,0.0046656136,0.0075622043,0.004998867,0.0061483695,0.0046656136,0.0053559234,0.006587533,0.005738484,0.0075622043,0.004998867,0.004998867,0.0075622043,0.0075622043,0.0061483695,0.0075622043,0.0075622043,0.007058064,0.0046656136,0.0053559234,0.0075622043,0.0075622043,0.006587533,0.004998867,0.007058064,0.0075622043,0.007058064,0.0046656136,0.006587533,0.006587533,0.0075622043,0.0046656136,0.0075622043,0.005738484,0.0075622043,0.004998867,0.0061483695,0.005738484,0.0075622043,0.007058064,0.0075622043,0.0053559234,0.006587533,0.0046656136,0.005738484,0.0061483695,0.0046656136,0.0061483695,0.006587533,0.0075622043,0.0046656136,0.006587533,0.007058064,0.0046656136,0.006587533,0.0075622043,0.0075622043,0.004998867,0.0061483695,0.0061483695,0.0075622043,0.0075622043,0.004998867,0.005738484,0.0075622043,0.004998867,0.0061483695,0.0061483695,0.0061483695,0.0053559234,0.006587533,0.0061483695,0.0053559234,0.005738484,0.0061483695,0.0053559234,0.006587533,0.0053559234,0.005738484,0.006587533,0.004998867,0.0046656136,0.007058064,0.004998867,0.0075622043,0.0075622043,0.0075622043,0.0046656136,0.0046656136,0.0053559234,0.005738484,0.0061483695,0.0046656136,0.0061483695,0.0061483695,0.006587533,0.006587533,0.0046656136,2,2
0.0062315958,0.006676703,0.0076645683,0.0076645683,0.0047287685,0.0062315958,0.0076645683,0.006676703,0.0071536037,0.0062315958,0.0062315958,0.005816162,0.0047287685,0.0047287685,0.0076645683,0.0062315958,0.0062315958,0.0062315958,0.0076645683,0.0054284227,0.006676703,0.0071536037,0.0062315958,0.006676703,0.0047287685,0.0076645683,0.0054284227,0.0047287685,0.0047287685,0.0076645683,0.0062315958,0.0062315958,0.0076645683,0.0062315958,0.0047287685,0.0047287685,0.0054284227,0.0076645683,0.0054284227,0.0062315958,0.0047287685,0.005816162,0.0076645683,0.006676703,0.0076645683,0.0062315958,0.005816162,0.0076645683,0.0076645683,0.006676703,0.0054284227,0.0076645683,0.0062315958,0.005816162,0.0047287685,0.0054284227,0.0047287685,0.0076645683,0.0076645683,0.0054284227,0.0076645683,0.0062315958,0.0047287685,0.0047287685,0.0076645683,0.0050665326,0.0054284227,0.005816162,0.0062315958,0.006676703,0.0071536037,0.0076645683,0.0050665326,0.0050665326,0.0047287685,0.006676703,0.0062315958,0.0076645683,0.0062315958,0.005816162,0.0062315958,0.0050665326,0.0076645683,0.0076645683,0.006676703,0.0047287685,0.005816162,0.0076645683,0.0071536037,0.0047287685,0.006676703,0.006676703,0.0076645683,0.0047287685,0.0076645683,0.005816162,0.0062315958,0.0062315958,0.0062315958,0.006676703,0.005816162,0.005816162,0.0071536037,0.0062315958,0.0071536037,0.0047287685,0.005816162,0.0054284227,0.0047287685,0.0076645683,0.006676703,0.0076645683,0.0047287685,0.0062315958,0.006676703,0.0047287685,0.006676703,0.0076645683,0.0071536037,0.005816162,0.0047287685,0.0050665326,0.0076645683,0.0076645683,0.0050665326,0.0062315958,0.006676703,0.005816162,0.0062315958,0.0062315958,0.006676703,0.0054284227,0.0062315958,0.006676703,0.0071536037,0.006676703,0.005816162,0.0047287685,0.0062315958,0.0062315958,0.0054284227,0.006676703,0.0062315958,0.0054284227,0.0054284227,0.0050665326,0.0076645683,0.0076645683,0.0076645683,0.0047287685,0.0050665326,0.0054284227,0.006676703,0.0071536037,0.0054284227,0.0071536037,0.0062315958,0.0071536037,0.0071536037,0.0047287685,2,2
0.0051819924,0.0059487047,0.007839234,0.007839234,0.004836531,0.004836531,0.007839234,0.007316625,0.007839234,0.007839234,0.0055521294,0.0051819924,0.0063736057,0.004836531,0.007839234,0.0055521294,0.0063736057,0.0059487047,0.007839234,0.0051819924,0.0055521294,0.007316625,0.0059487047,0.0068288567,0.004836531,0.007839234,0.0063736057,0.0055521294,0.0059487047,0.0055521294,0.0063736057,0.0059487047,0.0068288567,0.0068288567,0.007839234,0.0059487047,0.0051819924,0.007839234,0.004836531,0.0055521294,0.004836531,0.0068288567,0.007839234,0.0059487047,0.007839234,0.004836531,0.004836531,0.007839234,0.004836531,0.0059487047,0.0055521294,0.0055521294,0.007839234,0.004836531,0.0055521294,0.004836531,0.004836531,0.007839234,0.0055521294,0.007316625,0.0068288567,0.0055521294,0.0068288567,0.0051819924,0.0068288567,0.0068288567,0.0063736057,0.004836531,0.0063736057,0.007316625,0.004836531,0.0063736057,0.0055521294,0.0051819924,0.007839234,0.004836531,0.0051819924,0.007839234,0.0051819924,0.004836531,0.004836531,0.0059487047,0.007839234,0.007839234,0.007839234,0.004836531,0.0059487047,0.007839234,0.0063736057,0.0059487047,0.0068288567,0.0068288567,0.007839234,0.004836531,0.007839234,0.0063736057,0.004836531,0.007839234,0.0063736057,0.0063736057,0.007839234,0.007839234,0.0068288567,0.0051819924,0.007316625,0.004836531,0.0059487047,0.0063736057,0.004836531,0.007839234,0.0068288567,0.0063736057,0.0055521294,0.007839234,0.0055521294,0.0055521294,0.0068288567,0.007839234,0.0055521294,0.004836531,0.004836531,0.0051819924,0.007839234,0.007839234,0.0059487047,0.0051819924,0.007316625,0.0068288567,0.007839234,0.0063736057,0.0063736057,0.0059487047,0.007316625,0.007316625,0.0051819924,0.0055521294,0.0051819924,0.004836531,0.0063736057,0.0055521294,0.004836531,0.0051819924,0.0068288567,0.0051819924,0.0055521294,0.0051819924,0.007316625,0.007839234,0.007839234,0.0063736057,0.004836531,0.0055521294,0.0068288567,0.007316625,0.004836531,0.007316625,0.0059487047,0.0063736057,0.0055521294,0.004836531,2,2
0.0071024923,0.007609806,0.007609806,0.007609806,0.0053896373,0.006187072,0.007609806,0.0071024923,0.007609806,0.005030333,0.007609806,0.006628999,0.004694982,0.004694982,0.0053896373,0.006628999,0.0071024923,0.0053896373,0.0071024923,0.006187072,0.0071024923,0.0071024923,0.0057746065,0.006187072,0.0057746065,0.004694982,0.0053896373,0.006187072,0.006628999,0.004694982,0.004694982,0.006187072,0.007609806,0.006628999,0.004694982,0.006628999,0.006187072,0.0057746065,0.004694982,0.007609806,0.005030333,0.007609806,0.007609806,0.007609806,0.0053896373,0.007609806,0.0071024923,0.007609806,0.007609806,0.006187072,0.0053896373,0.007609806,0.007609806,0.007609806,0.004694982,0.007609806,0.006628999,0.007609806,0.007609806,0.006187072,0.004694982,0.006187072,0.005030333,0.004694982,0.005030333,0.0053896373,0.006187072,0.005030333,0.0057746065,0.006187072,0.004694982,0.007609806,0.004694982,0.005030333,0.004694982,0.007609806,0.006187072,0.007609806,0.007609806,0.007609806,0.007609806,0.006628999,0.004694982,0.004694982,0.006187072,0.004694982,0.007609806,0.007609806,0.0057746065,0.004694982,0.007609806,0.006628999,0.007609806,0.004694982,0.007609806,0.007609806,0.007609806,0.004694982,0.006187072,0.004694982,0.005030333,0.007609806,0.006628999,0.005030333,0.005030333,0.004694982,0.006187072,0.006187072,0.004694982,0.004694982,0.0071024923,0.007609806,0.006187072,0.007609806,0.006628999,0.004694982,0.006628999,0.007609806,0.007609806,0.005030333,0.007609806,0.006628999,0.007609806,0.007609806,0.0053896373,0.007609806,0.0071024923,0.004694982,0.004694982,0.006628999,0.006628999,0.0057746065,0.006628999,0.0071024923,0.0053896373,0.0057746065,0.004694982,0.004694982,0.0071024923,0.0053896373,0.0057746065,0.006628999,0.0053896373,0.004694982,0.0071024923,0.0053896373,0.007609806,0.0057746065,0.0057746065,0.004694982,0.004694982,0.0053896373,0.007609806,0.007609806,0.006187072,0.004694982,0.006628999,0.007609806,0.007609806,0.004694982,1,2
0.0048783612,0.0064287297,0.0048783612,0.0048783612,0.007907034,0.0064287297,0.0073799053,0.005600149,0.0068879183,0.007907034,0.0068879183,0.0068879183,0.005600149,0.0052268105,0.005600149,0.006000154,0.0068879183,0.0068879183,0.0048783612,0.0064287297,0.0048783612,0.0073799053,0.005600149,0.0052268105,0.007907034,0.0068879183,0.006000154,0.0048783612,0.0048783612,0.007907034,0.007907034,0.005600149,0.0052268105,0.0068879183,0.007907034,0.006000154,0.0064287297,0.0073799053,0.0068879183,0.0073799053,0.005600149,0.0064287297,0.006000154,0.006000154,0.007907034,0.007907034,0.0064287297,0.0048783612,0.0048783612,0.0064287297,0.0064287297,0.0064287297,0.0048783612,0.0048783612,0.007907034,0.0048783612,0.0064287297,0.0052268105,0.0048783612,0.0052268105,0.007907034,0.006000154,0.005600149,0.005600149,0.007907034,0.0052268105,0.0068879183,0.006000154,0.0064287297,0.007907034,0.0064287297,0.007907034,0.0052268105,0.0052268105,0.0068879183,0.007907034,0.0064287297,0.0048783612,0.0048783612,0.0048783612,0.0048783612,0.0052268105,0.0052268105,0.007907034,0.007907034,0.0048783612,0.0048783612,0.0052268105,0.0073799053,0.006000154,0.006000154,0.0068879183,0.0048783612,0.007907034,0.007907034,0.0068879183,0.0048783612,0.0068879183,0.0048783612,0.007907034,0.006000154,0.0068879183,0.0068879183,0.0052268105,0.0073799053,0.007907034,0.0068879183,0.0064287297,0.0048783612,0.007907034,0.007907034,0.007907034,0.0064287297,0.0048783612,0.0068879183,0.0073799053,0.0068879183,0.0048783612,0.005600149,0.0048783612,0.0064287297,0.0064287297,0.006000154,0.0048783612,0.0073799053,0.006000154,0.006000154,0.0052268105,0.007907034,0.0048783612,0.007907034,0.005600149,0.0064287297,0.006000154,0.0073799053,0.0073799053,0.0048783612,0.0048783612,0.0048783612,0.007907034,0.0048783612,0.006000154,0.0068879183,0.0052268105,0.005600149,0.007907034,0.0064287297,0.0048783612,0.0048783612,0.0068879183,0.005600149,0.005600149,0.0048783612,0.0048783612,0.007907034,0.007907034,0.0073799053,0.0048783612,0.0052268105,0.007907034,4,4
0.0062760944,0.0067243804,0.0077192998,0.0077192998,0.004762536,0.005102712,0.0062760944,0.0072046868,0.0072046868,0.0077192998,0.0062760944,0.0062760944,0.0067243804,0.004762536,0.0077192998,0.0058576944,0.0072046868,0.0062760944,0.0077192998,0.005102712,0.0062760944,0.0072046868,0.005467186,0.0067243804,0.004762536,0.0058576944,0.0062760944,0.005467186,0.0062760944,0.005467186,0.005467186,0.0058576944,0.0058576944,0.0072046868,0.0072046868,0.005467186,0.0058576944,0.0077192998,0.004762536,0.0058576944,0.005102712,0.0077192998,0.0072046868,0.005467186,0.0077192998,0.005467186,0.005102712,0.0077192998,0.0077192998,0.005467186,0.0058576944,0.0072046868,0.0077192998,0.004762536,0.005467186,0.005467186,0.005467186,0.0077192998,0.005467186,0.005467186,0.0062760944,0.005467186,0.0067243804,0.004762536,0.0077192998,0.005467186,0.0058576944,0.004762536,0.005467186,0.0072046868,0.005102712,0.0072046868,0.004762536,0.005102712,0.0077192998,0.005467186,0.005102712,0.0077192998,0.0062760944,0.004762536,0.004762536,0.005102712,0.0077192998,0.0077192998,0.0062760944,0.005102712,0.0058576944,0.0077192998,0.0077192998,0.0058576944,0.0062760944,0.0067243804,0.0077192998,0.004762536,0.0077192998,0.004762536,0.0058576944,0.0077192998,0.0062760944,0.0067243804,0.0077192998,0.0077192998,0.0067243804,0.005102712,0.0072046868,0.004762536,0.005467186,0.0077192998,0.004762536,0.0077192998,0.0062760944,0.0077192998,0.0067243804,0.0077192998,0.0062760944,0.0062760944,0.0067243804,0.0077192998,0.0062760944,0.004762536,0.005102712,0.0058576944,0.0077192998,0.0077192998,0.005467186,0.005102712,0.0072046868,0.0062760944,0.0067243804,0.0072046868,0.0058576944,0.0062760944,0.0072046868,0.0067243804,0.005467186,0.0062760944,0.0058576944,0.004762536,0.0062760944,0.005467186,0.0058576944,0.0067243804,0.0062760944,0.005467186,0.005467186,0.005102712,0.0077192998,0.0077192998,0.0077192998,0.005102712,0.004762536,0.0058576944,0.0062760944,0.0067243804,0.004762536,0.005467186,0.005467186,0.0067243804,0.0058576944,0.004762536,2,2
0.0049409736,0.0065112407,0.0049409736,0.0049409736,0.008008518,0.008008518,0.0049409736,0.0049409736,0.0049409736,0.0065112407,0.007474624,0.0069763223,0.0049409736,0.005293895,0.0069763223,0.005672025,0.0065112407,0.0065112407,0.0049409736,0.0065112407,0.0049409736,0.007474624,0.005672025,0.005672025,0.007474624,0.007474624,0.0069763223,0.005293895,0.0049409736,0.008008518,0.008008518,0.005672025,0.005672025,0.0069763223,0.008008518,0.0060771643,0.005672025,0.007474624,0.005672025,0.008008518,0.005293895,0.005293895,0.005672025,0.005293895,0.0069763223,0.008008518,0.0060771643,0.0049409736,0.0049409736,0.0065112407,0.007474624,0.0060771643,0.0049409736,0.0049409736,0.008008518,0.0049409736,0.0065112407,0.005293895,0.0049409736,0.0060771643,0.008008518,0.005672025,0.005672025,0.005293895,0.008008518,0.005293895,0.007474624,0.005672025,0.005672025,0.007474624,0.008008518,0.008008518,0.0049409736,0.005293895,0.0049409736,0.008008518,0.0065112407,0.0049409736,0.0049409736,0.005293895,0.005293895,0.0065112407,0.0049409736,0.008008518,0.008008518,0.0049409736,0.0049409736,0.005293895,0.007474624,0.0060771643,0.0060771643,0.0069763223,0.0049409736,0.008008518,0.008008518,0.0069763223,0.0049409736,0.005672025,0.0049409736,0.008008518,0.008008518,0.0069763223,0.0060771643,0.0049409736,0.0069763223,0.008008518,0.007474624,0.0065112407,0.0049409736,0.008008518,0.008008518,0.008008518,0.0065112407,0.005672025,0.0069763223,0.008008518,0.0065112407,0.0049409736,0.005293895,0.0049409736,0.0060771643,0.0065112407,0.0049409736,0.0049409736,0.0049409736,0.005672025,0.005672025,0.005672025,0.008008518,0.0049409736,0.008008518,0.005672025,0.0065112407,0.0060771643,0.007474624,0.0069763223,0.005672025,0.0065112407,0.005672025,0.0065112407,0.0049409736,0.005672025,0.007474624,0.005293895,0.0060771643,0.005672025,0.0049409736,0.007474624,0.0069763223,0.005293895,0.005672025,0.005672025,0.0049409736,0.0049409736,0.008008518,0.008008518,0.008008518,0.0049409736,0.005672025,0.008008518,4,4
0.0048210914,0.0063532596,0.005929715,0.007814209,0.0048210914,0.0072932686,0.007814209,0.006807057,0.0072932686,0.006807057,0.0072932686,0.006807057,0.0048210914,0.0072932686,0.0051654503,0.007814209,0.0072932686,0.0055344054,0.007814209,0.0055344054,0.007814209,0.0072932686,0.005929715,0.0051654503,0.0048210914,0.007814209,0.0055344054,0.0048210914,0.0048210914,0.007814209,0.007814209,0.0055344054,0.0055344054,0.006807057,0.0063532596,0.0055344054,0.0055344054,0.0051654503,0.0048210914,0.005929715,0.0048210914,0.0063532596,0.006807057,0.0051654503,0.007814209,0.0048210914,0.0048210914,0.0055344054,0.007814209,0.0055344054,0.0063532596,0.0048210914,0.0051654503,0.007814209,0.0055344054,0.0051654503,0.005929715,0.0055344054,0.007814209,0.0048210914,0.007814209,0.005929715,0.0055344054,0.0063532596,0.006807057,0.0055344054,0.0063532596,0.0048210914,0.0072932686,0.0063532596,0.007814209,0.007814209,0.0055344054,0.0055344054,0.0048210914,0.0051654503,0.0051654503,0.0051654503,0.0072932686,0.0048210914,0.005929715,0.0048210914,0.007814209,0.007814209,0.0072932686,0.0048210914,0.0051654503,0.0051654503,0.0072932686,0.005929715,0.005929715,0.006807057,0.0051654503,0.007814209,0.007814209,0.0063532596,0.0048210914,0.006807057,0.0063532596,0.0072932686,0.0063532596,0.005929715,0.0072932686,0.0055344054,0.0072932686,0.0048210914,0.0055344054,0.0051654503,0.007814209,0.006807057,0.006807057,0.007814209,0.005929715,0.007814209,0.0048210914,0.005929715,0.006807057,0.0048210914,0.0063532596,0.0048210914,0.0048210914,0.0051654503,0.006807057,0.007814209,0.0051654503,0.0063532596,0.007814209,0.0063532596,0.007814209,0.006807057,0.007814209,0.0055344054,0.005929715,0.006807057,0.007814209,0.006807057,0.0055344054,0.0051654503,0.0072932686,0.005929715,0.0055344054,0.006807057,0.005929715,0.0072932686,0.0055344054,0.006807057,0.007814209,0.007814209,0.007814209,0.0048210914,0.0048210914,0.0055344054,0.0072932686,0.0072932686,0.0063532596,0.007814209,0.0063532596,0.0048210914,0.0051654503,0.0048210914,3,3
0.005299501,0.0060835998,0.005299501,0.0049462058,0.008016999,0.008016999,0.0049462058,0.005678031,0.0049462058,0.008016999,0.006518136,0.00698371,0.005678031,0.005299501,0.005678031,0.0060835998,0.00698371,0.006518136,0.005299501,0.006518136,0.005299501,0.0074825394,0.005678031,0.005678031,0.008016999,0.006518136,0.005678031,0.0049462058,0.0049462058,0.008016999,0.008016999,0.005678031,0.0049462058,0.00698371,0.008016999,0.0060835998,0.006518136,0.006518136,0.005678031,0.0074825394,0.0049462058,0.0060835998,0.005678031,0.005678031,0.008016999,0.008016999,0.0060835998,0.0049462058,0.0049462058,0.006518136,0.006518136,0.0060835998,0.005299501,0.0049462058,0.008016999,0.005678031,0.00698371,0.005299501,0.0049462058,0.0060835998,0.008016999,0.0060835998,0.005678031,0.005678031,0.0074825394,0.005299501,0.0060835998,0.0060835998,0.005678031,0.00698371,0.008016999,0.008016999,0.0049462058,0.005299501,0.0049462058,0.008016999,0.006518136,0.0049462058,0.0049462058,0.0049462058,0.0049462058,0.005299501,0.005678031,0.008016999,0.008016999,0.0049462058,0.005299501,0.005678031,0.0074825394,0.0060835998,0.0060835998,0.00698371,0.0049462058,0.008016999,0.008016999,0.00698371,0.0049462058,0.0060835998,0.0049462058,0.008016999,0.0074825394,0.0074825394,0.006518136,0.0049462058,0.0074825394,0.008016999,0.00698371,0.006518136,0.0049462058,0.008016999,0.008016999,0.008016999,0.006518136,0.0060835998,0.00698371,0.008016999,0.006518136,0.0049462058,0.005678031,0.0049462058,0.0049462058,0.005299501,0.0049462058,0.0049462058,0.005678031,0.0060835998,0.0060835998,0.005299501,0.008016999,0.0049462058,0.008016999,0.005678031,0.00698371,0.006518136,0.0074825394,0.008016999,0.0049462058,0.0049462058,0.0060835998,0.008016999,0.0049462058,0.005299501,0.0074825394,0.005678031,0.0060835998,0.005678031,0.0049462058,0.006518136,0.0060835998,0.005299501,0.005678031,0.005678031,0.0049462058,0.0049462058,0.008016999,0.008016999,0.0074825394,0.0049462058,0.005299501,0.008016999,4,4
0.0062977104,0.0067475406,0.007745886,0.007745886,0.004778939,0.005486016,0.007745886,0.005486016,0.0067475406,0.0067475406,0.005877869,0.005877869,0.0051202867,0.004778939,0.007745886,0.0051202867,0.0062977104,0.0067475406,0.007745886,0.0051202867,0.0067475406,0.007229501,0.004778939,0.004778939,0.004778939,0.005877869,0.005877869,0.0051202867,0.0062977104,0.0051202867,0.007745886,0.0067475406,0.004778939,0.005877869,0.005486016,0.0062977104,0.0062977104,0.007745886,0.004778939,0.005486016,0.004778939,0.007745886,0.007745886,0.005877869,0.007745886,0.0062977104,0.004778939,0.007745886,0.005877869,0.005877869,0.005486016,0.0062977104,0.007745886,0.004778939,0.005486016,0.0062977104,0.004778939,0.007745886,0.005486016,0.005486016,0.0062977104,0.005877869,0.0062977104,0.004778939,0.007229501,0.0051202867,0.005877869,0.004778939,0.005486016,0.0062977104,0.0062977104,0.007745886,0.005486016,0.0051202867,0.005877869,0.0051202867,0.0051202867,0.007745886,0.005877869,0.004778939,0.005486016,0.007229501,0.007745886,0.007745886,0.0062977104,0.007229501,0.005486016,0.007745886,0.007229501,0.004778939,0.0067475406,0.0067475406,0.007745886,0.004778939,0.007745886,0.007229501,0.005877869,0.007745886,0.005877869,0.0067475406,0.007229501,0.007745886,0.0067475406,0.0062977104,0.005877869,0.005486016,0.005486016,0.0067475406,0.004778939,0.007745886,0.005877869,0.007745886,0.0067475406,0.007745886,0.0062977104,0.005877869,0.0067475406,0.007745886,0.007745886,0.0062977104,0.0051202867,0.005486016,0.007745886,0.007745886,0.005486016,0.0062977104,0.0067475406,0.005486016,0.0062977104,0.0062977104,0.005877869,0.005486016,0.007229501,0.007229501,0.004778939,0.007229501,0.0051202867,0.004778939,0.0062977104,0.007229501,0.007745886,0.005877869,0.0062977104,0.005486016,0.005877869,0.0051202867,0.007745886,0.007745886,0.007745886,0.0051202867,0.004778939,0.005486016,0.0067475406,0.0067475406,0.004778939,0.0067475406,0.0067475406,0.0062977104,0.005877869,0.004778939,2,0
0.0055992794,0.0059992224,0.007905806,0.007905806,0.006427732,0.0068868487,0.0068868487,0.0055992794,0.0059992224,0.007905806,0.00737876,0.0055992794,0.0052259993,0.0052259993,0.0068868487,0.006427732,0.00737876,0.0059992224,0.0052259993,0.0059992224,0.0055992794,0.006427732,0.0055992794,0.0052259993,0.0055992794,0.0068868487,0.00737876,0.0059992224,0.0052259993,0.00737876,0.007905806,0.0055992794,0.004877604,0.006427732,0.007905806,0.0052259993,0.006427732,0.0059992224,0.006427732,0.00737876,0.004877604,0.0068868487,0.007905806,0.0068868487,0.007905806,0.00737876,0.0059992224,0.004877604,0.004877604,0.007905806,0.0055992794,0.004877604,0.0059992224,0.004877604,0.0068868487,0.004877604,0.0068868487,0.0055992794,0.004877604,0.0059992224,0.007905806,0.0055992794,0.006427732,0.004877604,0.007905806,0.0052259993,0.0055992794,0.0059992224,0.0059992224,0.007905806,0.0052259993,0.0068868487,0.0055992794,0.0052259993,0.007905806,0.0052259993,0.0055992794,0.004877604,0.0055992794,0.0068868487,0.004877604,0.0059992224,0.0052259993,0.007905806,0.007905806,0.004877604,0.004877604,0.0052259993,0.006427732,0.0059992224,0.0059992224,0.0068868487,0.004877604,0.007905806,0.007905806,0.006427732,0.004877604,0.0068868487,0.004877604,0.007905806,0.00737876,0.006427732,0.0068868487,0.0055992794,0.00737876,0.007905806,0.00737876,0.0068868487,0.004877604,0.007905806,0.007905806,0.00737876,0.0059992224,0.004877604,0.006427732,0.0068868487,0.0068868487,0.004877604,0.0059992224,0.004877604,0.004877604,0.0052259993,0.004877604,0.004877604,0.0052259993,0.0055992794,0.0052259993,0.0068868487,0.007905806,0.004877604,0.0059992224,0.0055992794,0.006427732,0.006427732,0.0068868487,0.00737876,0.006427732,0.007905806,0.0055992794,0.007905806,0.004877604,0.0052259993,0.00737876,0.0055992794,0.0068868487,0.0055992794,0.004877604,0.007905806,0.007905806,0.004877604,0.0059992224,0.0055992794,0.0068868487,0.0068868487,0.007905806,0.007905806,0.006427732,0.0055992794,0.0055992794,0.004877604,2,0
0.0071305316,0.007639848,0.007639848,0.007639848,0.0057974034,0.0071305316,0.007639848,0.0062114974,0.0071305316,0.0057974034,0.0062114974,0.006655169,0.004713517,0.004713517,0.004713517,0.0062114974,0.006655169,0.006655169,0.007639848,0.005410915,0.0062114974,0.0071305316,0.0062114974,0.0062114974,0.004713517,0.004713517,0.005410915,0.0062114974,0.0062114974,0.004713517,0.004713517,0.0062114974,0.007639848,0.006655169,0.004713517,0.006655169,0.0062114974,0.0057974034,0.004713517,0.0071305316,0.004713517,0.007639848,0.007639848,0.007639848,0.0071305316,0.007639848,0.006655169,0.007639848,0.007639848,0.0071305316,0.005410915,0.007639848,0.007639848,0.007639848,0.004713517,0.007639848,0.006655169,0.007639848,0.007639848,0.0062114974,0.004713517,0.0062114974,0.005050192,0.004713517,0.004713517,0.005050192,0.0062114974,0.004713517,0.005410915,0.0057974034,0.005410915,0.007639848,0.004713517,0.005050192,0.004713517,0.007639848,0.0062114974,0.007639848,0.007639848,0.006655169,0.0062114974,0.005410915,0.004713517,0.004713517,0.005050192,0.004713517,0.007639848,0.007639848,0.0057974034,0.004713517,0.007639848,0.006655169,0.007639848,0.004713517,0.007639848,0.007639848,0.007639848,0.004713517,0.0062114974,0.004713517,0.005050192,0.007639848,0.006655169,0.005050192,0.005050192,0.004713517,0.0057974034,0.0062114974,0.004713517,0.0057974034,0.0071305316,0.007639848,0.004713517,0.007639848,0.0062114974,0.004713517,0.006655169,0.007639848,0.007639848,0.005410915,0.007639848,0.006655169,0.007639848,0.007639848,0.0057974034,0.007639848,0.0071305316,0.004713517,0.004713517,0.006655169,0.0062114974,0.005410915,0.006655169,0.0071305316,0.004713517,0.005410915,0.004713517,0.005050192,0.006655169,0.005410915,0.0057974034,0.006655169,0.0057974034,0.004713517,0.0071305316,0.0057974034,0.007639848,0.007639848,0.007639848,0.005050192,0.004713517,0.005410915,0.007639848,0.007639848,0.0062114974,0.004713517,0.0071305316,0.007639848,0.007639848,0.0062114974,1,1
0.0076048034,0.0076048034,0.0076048034,0.0076048034,0.005386094,0.0070978235,0.0076048034,0.0066246414,0.0070978235,0.0046918956,0.0061830045,0.0050270264,0.0046918956,0.0046918956,0.0046918956,0.0066246414,0.0070978235,0.0061830045,0.0076048034,0.0066246414,0.0070978235,0.0070978235,0.0061830045,0.0061830045,0.0046918956,0.0046918956,0.005386094,0.0061830045,0.0061830045,0.0046918956,0.0046918956,0.00577081,0.0076048034,0.0066246414,0.0046918956,0.0070978235,0.0061830045,0.00577081,0.0046918956,0.0076048034,0.0046918956,0.0076048034,0.0076048034,0.0076048034,0.0066246414,0.0070978235,0.0061830045,0.0076048034,0.0076048034,0.0066246414,0.005386094,0.0076048034,0.0076048034,0.0076048034,0.0046918956,0.0076048034,0.0066246414,0.0076048034,0.0076048034,0.00577081,0.0046918956,0.0050270264,0.00577081,0.005386094,0.00577081,0.0050270264,0.0061830045,0.0046918956,0.005386094,0.0061830045,0.005386094,0.0076048034,0.005386094,0.005386094,0.0046918956,0.0076048034,0.0061830045,0.0076048034,0.0076048034,0.0076048034,0.0076048034,0.0046918956,0.0046918956,0.0046918956,0.0046918956,0.0050270264,0.0076048034,0.0076048034,0.00577081,0.0076048034,0.0076048034,0.0066246414,0.0076048034,0.0046918956,0.0076048034,0.0076048034,0.0076048034,0.0046918956,0.0061830045,0.0046918956,0.0050270264,0.0076048034,0.0066246414,0.0050270264,0.005386094,0.0046918956,0.0061830045,0.0061830045,0.0046918956,0.0046918956,0.0070978235,0.0076048034,0.005386094,0.0076048034,0.0066246414,0.0046918956,0.0066246414,0.0076048034,0.0076048034,0.005386094,0.0076048034,0.0070978235,0.0076048034,0.0076048034,0.00577081,0.0076048034,0.0061830045,0.0046918956,0.0046918956,0.0066246414,0.0046918956,0.005386094,0.0066246414,0.0070978235,0.00577081,0.00577081,0.0050270264,0.0046918956,0.0061830045,0.005386094,0.00577081,0.0066246414,0.00577081,0.0046918956,0.0061830045,0.0050270264,0.0076048034,0.0076048034,0.0076048034,0.0046918956,0.0046918956,0.005386094,0.0076048034,0.0076048034,0.0061830045,0.0046918956,0.0070978235,0.0076048034,0.0076048034,0.0066246414,0,1
0.007022389,0.0075239814,0.0075239814,0.0075239814,0.005328852,0.0075239814,0.0075239814,0.007022389,0.0075239814,0.0049736,0.006554236,0.005328852,0.004642031,0.004642031,0.004642031,0.006554236,0.007022389,0.006117293,0.0075239814,0.006554236,0.007022389,0.007022389,0.0057094796,0.0057094796,0.004642031,0.004642031,0.005328852,0.006117293,0.006117293,0.004642031,0.004642031,0.0057094796,0.0075239814,0.006554236,0.004642031,0.007022389,0.006117293,0.0057094796,0.004642031,0.0075239814,0.004642031,0.0075239814,0.0075239814,0.0075239814,0.006554236,0.0075239814,0.006554236,0.0075239814,0.0075239814,0.006554236,0.005328852,0.0075239814,0.0075239814,0.0075239814,0.004642031,0.0075239814,0.006554236,0.0075239814,0.0075239814,0.0057094796,0.004642031,0.0057094796,0.0049736,0.005328852,0.006117293,0.0057094796,0.006117293,0.0049736,0.0057094796,0.006117293,0.005328852,0.0075239814,0.004642031,0.0049736,0.004642031,0.0075239814,0.006117293,0.0075239814,0.0075239814,0.0075239814,0.0075239814,0.0049736,0.004642031,0.004642031,0.004642031,0.007022389,0.0075239814,0.0075239814,0.005328852,0.0075239814,0.0075239814,0.006554236,0.0075239814,0.004642031,0.0075239814,0.0075239814,0.0075239814,0.004642031,0.006117293,0.004642031,0.0049736,0.0075239814,0.006554236,0.0049736,0.005328852,0.004642031,0.006117293,0.006117293,0.004642031,0.004642031,0.007022389,0.0075239814,0.0057094796,0.0075239814,0.007022389,0.004642031,0.007022389,0.0075239814,0.0075239814,0.006117293,0.0075239814,0.007022389,0.0075239814,0.0075239814,0.0057094796,0.0075239814,0.006554236,0.004642031,0.004642031,0.006117293,0.006117293,0.005328852,0.006554236,0.007022389,0.0057094796,0.006554236,0.0049736,0.004642031,0.006117293,0.005328852,0.006554236,0.006117293,0.0049736,0.004642031,0.0057094796,0.0049736,0.0075239814,0.0075239814,0.0075239814,0.004642031,0.004642031,0.005328852,0.0075239814,0.0075239814,0.006554236,0.004642031,0.0075239814,0.0075239814,0.0075239814,0.0075239814,1,1
0.007541552,0.007541552,0.007541552,0.007541552,0.0046528718,0.007038789,0.007541552,0.0061315787,0.0065695425,0.0046528718,0.007038789,0.0065695425,0.0046528718,0.0046528718,0.0046528718,0.005722813,0.0065695425,0.0065695425,0.007541552,0.0061315787,0.007038789,0.007038789,0.0061315787,0.005722813,0.0046528718,0.0046528718,0.0053412965,0.0061315787,0.0061315787,0.0046528718,0.0046528718,0.005722813,0.007541552,0.0065695425,0.0046528718,0.007038789,0.0061315787,0.005722813,0.0046528718,0.007038789,0.0046528718,0.007541552,0.007541552,0.007541552,0.0061315787,0.007541552,0.0065695425,0.007541552,0.007541552,0.007541552,0.0053412965,0.007541552,0.007541552,0.007541552,0.0046528718,0.007541552,0.0065695425,0.007541552,0.007541552,0.0061315787,0.0046528718,0.0065695425,0.0046528718,0.0046528718,0.007541552,0.0061315787,0.0061315787,0.004985215,0.005722813,0.0061315787,0.0065695425,0.007541552,0.0046528718,0.004985215,0.0046528718,0.007541552,0.0061315787,0.007541552,0.007541552,0.007541552,0.007541552,0.004985215,0.0046528718,0.0046528718,0.0046528718,0.007038789,0.007541552,0.007541552,0.005722813,0.007541552,0.007541552,0.0065695425,0.007541552,0.0046528718,0.007541552,0.007541552,0.007541552,0.0046528718,0.0061315787,0.0046528718,0.0053412965,0.007541552,0.0065695425,0.004985215,0.0046528718,0.0046528718,0.0061315787,0.0061315787,0.0046528718,0.0046528718,0.0065695425,0.007541552,0.0053412965,0.007541552,0.007038789,0.004985215,0.0065695425,0.007541552,0.007541552,0.0053412965,0.007541552,0.007038789,0.007541552,0.007541552,0.007541552,0.007541552,0.007541552,0.0046528718,0.004985215,0.0065695425,0.0053412965,0.0053412965,0.004985215,0.0061315787,0.0053412965,0.0053412965,0.004985215,0.0046528718,0.0061315787,0.0053412965,0.0053412965,0.005722813,0.005722813,0.0046528718,0.0065695425,0.0065695425,0.007541552,0.007541552,0.007541552,0.0046528718,0.0046528718,0.0053412965,0.007038789,0.007038789,0.0065695425,0.0046528718,0.007038789,0.007541552,0.007541552,0.007038789,0,1
0.007081531,0.007587347,0.007587347,0.007587347,0.0046811257,0.006609435,0.007587347,0.007081531,0.007587347,0.007587347,0.007587347,0.006609435,0.0046811257,0.0046811257,0.0057575637,0.007081531,0.007081531,0.006168812,0.007081531,0.0050154873,0.006609435,0.007081531,0.006168812,0.006609435,0.0046811257,0.0046811257,0.005373731,0.0057575637,0.006168812,0.0046811257,0.0046811257,0.0057575637,0.007587347,0.006609435,0.0046811257,0.007081531,0.006168812,0.0057575637,0.0046811257,0.007081531,0.0046811257,0.007587347,0.007587347,0.007587347,0.007081531,0.0057575637,0.005373731,0.007587347,0.007587347,0.005373731,0.0057575637,0.007587347,0.007587347,0.007587347,0.0046811257,0.007587347,0.006609435,0.007587347,0.007587347,0.006168812,0.0046811257,0.006168812,0.005373731,0.005373731,0.005373731,0.0050154873,0.006168812,0.0046811257,0.005373731,0.0057575637,0.0057575637,0.007587347,0.005373731,0.0050154873,0.0046811257,0.007587347,0.006168812,0.007587347,0.007587347,0.007081531,0.007587347,0.006168812,0.0046811257,0.0046811257,0.005373731,0.005373731,0.007587347,0.007587347,0.0057575637,0.007587347,0.007587347,0.006609435,0.007587347,0.0046811257,0.007587347,0.007587347,0.007587347,0.0046811257,0.006168812,0.0046811257,0.0050154873,0.007587347,0.006168812,0.005373731,0.005373731,0.0046811257,0.0057575637,0.006168812,0.0046811257,0.0057575637,0.007081531,0.007587347,0.0050154873,0.007587347,0.006168812,0.0046811257,0.007081531,0.007587347,0.007587347,0.006168812,0.007587347,0.006609435,0.007587347,0.007587347,0.0057575637,0.007587347,0.006609435,0.0046811257,0.0050154873,0.006168812,0.0057575637,0.005373731,0.006168812,0.007081531,0.007081531,0.005373731,0.0050154873,0.0046811257,0.006168812,0.005373731,0.005373731,0.006609435,0.005373731,0.0046811257,0.007081531,0.0050154873,0.007587347,0.0050154873,0.005373731,0.0046811257,0.0050154873,0.005373731,0.007587347,0.007587347,0.006609435,0.0046811257,0.007081531,0.007587347,0.007587347,0.006609435,1,1
0.0069221514,0.007946332,0.007946332,0.0074165836,0.0069221514,0.0064606806,0.004902607,0.004902607,0.004902607,0.007946332,0.0069221514,0.0064606806,0.004902607,0.005252788,0.0069221514,0.005252788,0.0064606806,0.0064606806,0.004902607,0.0064606806,0.004902607,0.0056279814,0.0056279814,0.005252788,0.005252788,0.007946332,0.0056279814,0.004902607,0.004902607,0.007946332,0.007946332,0.0056279814,0.0056279814,0.0069221514,0.007946332,0.0060299747,0.0064606806,0.0074165836,0.0069221514,0.007946332,0.004902607,0.005252788,0.007946332,0.0074165836,0.007946332,0.007946332,0.0064606806,0.004902607,0.004902607,0.0064606806,0.0069221514,0.0060299747,0.0056279814,0.0056279814,0.007946332,0.004902607,0.0069221514,0.005252788,0.004902607,0.0064606806,0.007946332,0.0060299747,0.0056279814,0.0056279814,0.007946332,0.0056279814,0.0069221514,0.0056279814,0.005252788,0.0060299747,0.005252788,0.007946332,0.005252788,0.005252788,0.0074165836,0.007946332,0.0064606806,0.004902607,0.004902607,0.004902607,0.004902607,0.0060299747,0.0064606806,0.007946332,0.007946332,0.004902607,0.004902607,0.005252788,0.0069221514,0.0060299747,0.0060299747,0.0069221514,0.004902607,0.007946332,0.007946332,0.0069221514,0.004902607,0.0069221514,0.004902607,0.007946332,0.0064606806,0.0069221514,0.0056279814,0.005252788,0.0074165836,0.007946332,0.007946332,0.004902607,0.004902607,0.007946332,0.007946332,0.007946332,0.0064606806,0.0056279814,0.0069221514,0.007946332,0.0064606806,0.004902607,0.005252788,0.004902607,0.0056279814,0.0060299747,0.004902607,0.004902607,0.004902607,0.005252788,0.0056279814,0.0056279814,0.007946332,0.004902607,0.007946332,0.0060299747,0.0064606806,0.0056279814,0.0074165836,0.0069221514,0.0056279814,0.007946332,0.0064606806,0.007946332,0.0060299747,0.0060299747,0.0060299747,0.0060299747,0.0060299747,0.0060299747,0.004902607,0.004902607,0.004902607,0.0069221514,0.0064606806,0.0056279814,0.004902607,0.004902607,0.007946332,0.007946332,0.0060299747,0.004902607,0.004902607,0.0074165836,1,4
0.0065429113,0.008047472,0.008047472,0.0065429113,0.0070102555,0.0065429113,0.007510981,0.0049650064,0.0049650064,0.0070102555,0.0065429113,0.0053196447,0.0049650064,0.0053196447,0.0070102555,0.0056996136,0.0056996136,0.0065429113,0.0049650064,0.008047472,0.0053196447,0.0053196447,0.0065429113,0.0053196447,0.0053196447,0.0070102555,0.0065429113,0.0065429113,0.0053196447,0.008047472,0.008047472,0.0056996136,0.0049650064,0.0070102555,0.008047472,0.0049650064,0.0061067236,0.0056996136,0.0049650064,0.0065429113,0.0049650064,0.0061067236,0.008047472,0.0061067236,0.008047472,0.008047472,0.0070102555,0.0049650064,0.0049650064,0.008047472,0.0061067236,0.0053196447,0.0070102555,0.0049650064,0.008047472,0.0049650064,0.0070102555,0.0049650064,0.0049650064,0.007510981,0.008047472,0.0061067236,0.0065429113,0.0056996136,0.008047472,0.0053196447,0.0070102555,0.0061067236,0.0065429113,0.0070102555,0.0049650064,0.0049650064,0.0049650064,0.0053196447,0.008047472,0.0053196447,0.0065429113,0.0049650064,0.0049650064,0.0049650064,0.0049650064,0.0049650064,0.0049650064,0.008047472,0.008047472,0.0049650064,0.0049650064,0.0056996136,0.0070102555,0.0061067236,0.0061067236,0.0065429113,0.0049650064,0.008047472,0.008047472,0.0056996136,0.0049650064,0.0061067236,0.0070102555,0.008047472,0.0070102555,0.0061067236,0.0065429113,0.0053196447,0.007510981,0.008047472,0.007510981,0.0053196447,0.0049650064,0.008047472,0.007510981,0.0056996136,0.0061067236,0.0061067236,0.0070102555,0.0061067236,0.0065429113,0.0049650064,0.0065429113,0.0056996136,0.0065429113,0.0056996136,0.0049650064,0.0070102555,0.0053196447,0.0056996136,0.0049650064,0.0070102555,0.008047472,0.0053196447,0.0061067236,0.0056996136,0.007510981,0.007510981,0.007510981,0.0061067236,0.0049650064,0.0061067236,0.0049650064,0.008047472,0.0061067236,0.0061067236,0.0061067236,0.0061067236,0.008047472,0.0049650064,0.0056996136,0.0049650064,0.0049650064,0.008047472,0.0049650064,0.0061067236,0.0070102555,0.0053196447,0.0070102555,0.0065429113,0.0061067236,0.0056996136,0.0056996136,0.0061067236,1,4
0.0048869085,0.005235968,0.0048869085,0.007920887,0.0048869085,0.0060106665,0.007920887,0.006899986,0.007920887,0.007920887,0.0056099603,0.0056099603,0.0048869085,0.007920887,0.006899986,0.006899986,0.0073928353,0.005235968,0.007920887,0.0048869085,0.0048869085,0.0073928353,0.0060106665,0.0060106665,0.0048869085,0.007920887,0.0056099603,0.006439993,0.005235968,0.0073928353,0.006899986,0.006439993,0.005235968,0.0073928353,0.007920887,0.0056099603,0.006439993,0.0048869085,0.007920887,0.0056099603,0.0048869085,0.006899986,0.007920887,0.0060106665,0.007920887,0.0056099603,0.0056099603,0.006439993,0.007920887,0.0060106665,0.0060106665,0.0056099603,0.005235968,0.007920887,0.0056099603,0.0048869085,0.0056099603,0.0048869085,0.0073928353,0.005235968,0.0073928353,0.006439993,0.0048869085,0.007920887,0.0056099603,0.0060106665,0.0060106665,0.0048869085,0.007920887,0.0056099603,0.0048869085,0.006439993,0.0056099603,0.0056099603,0.007920887,0.0048869085,0.005235968,0.0048869085,0.007920887,0.0048869085,0.0048869085,0.006439993,0.007920887,0.007920887,0.006899986,0.0048869085,0.0060106665,0.006899986,0.006899986,0.0060106665,0.0060106665,0.006439993,0.0048869085,0.007920887,0.005235968,0.0056099603,0.005235968,0.0048869085,0.006899986,0.0060106665,0.006439993,0.006439993,0.005235968,0.0048869085,0.006899986,0.005235968,0.0056099603,0.006439993,0.007920887,0.007920887,0.006439993,0.006439993,0.0060106665,0.007920887,0.006439993,0.0060106665,0.006439993,0.0048869085,0.0060106665,0.0048869085,0.0048869085,0.005235968,0.0048869085,0.007920887,0.005235968,0.0048869085,0.007920887,0.006899986,0.007920887,0.006899986,0.006899986,0.0060106665,0.0073928353,0.0073928353,0.005235968,0.006439993,0.005235968,0.0048869085,0.006899986,0.0056099603,0.006439993,0.006439993,0.006899986,0.006899986,0.0056099603,0.005235968,0.007920887,0.007920887,0.007920887,0.0073928353,0.0056099603,0.0056099603,0.006899986,0.0073928353,0.0056099603,0.006439993,0.0056099603,0.0060106665,0.0056099603,0.0048869085,3,3
0.005360886,0.006154067,0.0050034984,0.0057438007,0.007569211,0.005360886,0.0050034984,0.005360886,0.008109861,0.008109861,0.007569211,0.005360886,0.0050034984,0.008109861,0.008109861,0.005360886,0.006154067,0.0050034984,0.0050034984,0.0070646033,0.006154067,0.007569211,0.0057438007,0.0065936362,0.006154067,0.008109861,0.006154067,0.0065936362,0.0065936362,0.007569211,0.008109861,0.0057438007,0.0050034984,0.0050034984,0.008109861,0.0057438007,0.0065936362,0.0050034984,0.0050034984,0.0070646033,0.0050034984,0.0065936362,0.0070646033,0.0057438007,0.008109861,0.008109861,0.0065936362,0.0050034984,0.0050034984,0.007569211,0.006154067,0.005360886,0.0065936362,0.005360886,0.0057438007,0.0065936362,0.0070646033,0.005360886,0.005360886,0.006154067,0.0065936362,0.0065936362,0.005360886,0.006154067,0.0050034984,0.005360886,0.0065936362,0.0050034984,0.008109861,0.0050034984,0.0057438007,0.0050034984,0.0057438007,0.0057438007,0.008109861,0.0050034984,0.0065936362,0.0050034984,0.0050034984,0.0050034984,0.005360886,0.0070646033,0.0050034984,0.0050034984,0.008109861,0.0050034984,0.005360886,0.0057438007,0.0065936362,0.0065936362,0.006154067,0.0070646033,0.0050034984,0.008109861,0.008109861,0.006154067,0.0050034984,0.0065936362,0.0065936362,0.008109861,0.0065936362,0.0065936362,0.0050034984,0.005360886,0.006154067,0.0070646033,0.0065936362,0.005360886,0.0050034984,0.008109861,0.0070646033,0.0065936362,0.0050034984,0.0070646033,0.0065936362,0.006154067,0.0070646033,0.0057438007,0.0057438007,0.005360886,0.0065936362,0.005360886,0.006154067,0.0050034984,0.007569211,0.005360886,0.008109861,0.0050034984,0.0050034984,0.007569211,0.008109861,0.006154067,0.0050034984,0.006154067,0.0070646033,0.0070646033,0.0050034984,0.0050034984,0.0050034984,0.0070646033,0.0070646033,0.0070646033,0.0057438007,0.006154067,0.008109861,0.005360886,0.0070646033,0.008109861,0.008109861,0.008109861,0.006154067,0.0057438007,0.0065936362,0.0070646033,0.0057438007,0.007569211,0.0050034984,0.0050034984,0.006154067,0.005360886,8,4
0.0061937263,0.007110132,0.007617991,0.007617991,0.004700032,0.006636129,0.007617991,0.006636129,0.007110132,0.0061937263,0.0061937263,0.0061937263,0.004700032,0.004700032,0.0057808175,0.007617991,0.006636129,0.0053954343,0.007617991,0.0053954343,0.006636129,0.007110132,0.0061937263,0.0053954343,0.004700032,0.006636129,0.0053954343,0.004700032,0.004700032,0.007617991,0.0057808175,0.0061937263,0.0057808175,0.0061937263,0.0057808175,0.006636129,0.0061937263,0.007617991,0.0053954343,0.007617991,0.004700032,0.0061937263,0.007617991,0.006636129,0.007617991,0.007110132,0.004700032,0.007617991,0.0053954343,0.0053954343,0.0053954343,0.007617991,0.007617991,0.007617991,0.004700032,0.0050357436,0.004700032,0.007617991,0.0061937263,0.0053954343,0.007617991,0.0057808175,0.0061937263,0.004700032,0.007617991,0.0050357436,0.0057808175,0.0057808175,0.0061937263,0.007110132,0.007617991,0.007617991,0.0053954343,0.0053954343,0.004700032,0.0061937263,0.0053954343,0.007617991,0.006636129,0.0053954343,0.0050357436,0.0053954343,0.007617991,0.007617991,0.006636129,0.0050357436,0.0057808175,0.007617991,0.007110132,0.004700032,0.0057808175,0.006636129,0.007617991,0.004700032,0.007617991,0.006636129,0.004700032,0.0061937263,0.006636129,0.006636129,0.0057808175,0.007110132,0.007110132,0.0057808175,0.0061937263,0.0057808175,0.0053954343,0.0057808175,0.004700032,0.007617991,0.0057808175,0.007617991,0.0057808175,0.007110132,0.0053954343,0.007617991,0.006636129,0.007110132,0.0050357436,0.004700032,0.0050357436,0.0050357436,0.007617991,0.007617991,0.0053954343,0.007617991,0.007110132,0.0057808175,0.006636129,0.0061937263,0.007110132,0.0053954343,0.006636129,0.006636129,0.007617991,0.006636129,0.0053954343,0.004700032,0.006636129,0.006636129,0.0057808175,0.006636129,0.0061937263,0.0050357436,0.0053954343,0.007617991,0.007617991,0.007617991,0.007617991,0.004700032,0.0050357436,0.0053954343,0.006636129,0.007110132,0.0053954343,0.007617991,0.0061937263,0.0061937263,0.0053954343,0.0050357436,2,4
0.0050063357,0.0053639263,0.0050063357,0.00811446,0.0050063357,0.0053639263,0.0065973755,0.00706861,0.00811446,0.00811446,0.005747058,0.0053639263,0.0050063357,0.00811446,0.007573503,0.0053639263,0.005747058,0.005747058,0.00811446,0.0050063357,0.0050063357,0.0061575565,0.0061575565,0.0061575565,0.0050063357,0.00706861,0.0061575565,0.0065973755,0.0065973755,0.00706861,0.00706861,0.0065973755,0.0053639263,0.007573503,0.00811446,0.005747058,0.0065973755,0.0050063357,0.00811446,0.005747058,0.0050063357,0.007573503,0.0065973755,0.005747058,0.00811446,0.005747058,0.0061575565,0.0050063357,0.00811446,0.00706861,0.005747058,0.0050063357,0.0050063357,0.00811446,0.005747058,0.0050063357,0.0061575565,0.0050063357,0.00811446,0.0050063357,0.007573503,0.0061575565,0.0053639263,0.007573503,0.0050063357,0.0065973755,0.0065973755,0.0050063357,0.00811446,0.0050063357,0.0050063357,0.0050063357,0.0050063357,0.005747058,0.007573503,0.0050063357,0.0053639263,0.0050063357,0.00811446,0.0053639263,0.0050063357,0.0050063357,0.00811446,0.00811446,0.0061575565,0.0050063357,0.0050063357,0.0050063357,0.007573503,0.0061575565,0.0065973755,0.0065973755,0.0050063357,0.00811446,0.0053639263,0.0050063357,0.0050063357,0.0050063357,0.00811446,0.0065973755,0.0061575565,0.0065973755,0.0050063357,0.0050063357,0.0061575565,0.0050063357,0.005747058,0.0050063357,0.00811446,0.005747058,0.007573503,0.005747058,0.0050063357,0.00706861,0.007573503,0.0061575565,0.0061575565,0.0050063357,0.005747058,0.0050063357,0.0053639263,0.0053639263,0.0050063357,0.00811446,0.0061575565,0.0050063357,0.00811446,0.00706861,0.00811446,0.007573503,0.0065973755,0.0065973755,0.007573503,0.007573503,0.005747058,0.005747058,0.0050063357,0.0050063357,0.0065973755,0.005747058,0.0050063357,0.0061575565,0.007573503,0.00811446,0.005747058,0.0050063357,0.00706861,0.00811446,0.00811446,0.00811446,0.0065973755,0.005747058,0.007573503,0.007573503,0.0050063357,0.0061575565,0.005747058,0.0065973755,0.00706861,0.0050063357,3,3
0.0049946904,0.005351449,0.0061432337,0.008095585,0.0049946904,0.005351449,0.0061432337,0.0070521673,0.0070521673,0.008095585,0.0061432337,0.005351449,0.0049946904,0.008095585,0.006582029,0.006582029,0.006582029,0.006582029,0.008095585,0.0049946904,0.0049946904,0.0075558866,0.0061432337,0.0061432337,0.0049946904,0.005351449,0.0057336898,0.006582029,0.0061432337,0.0049946904,0.006582029,0.005351449,0.0057336898,0.0075558866,0.008095585,0.0057336898,0.006582029,0.005351449,0.0049946904,0.0057336898,0.005351449,0.0070521673,0.008095585,0.0061432337,0.008095585,0.0061432337,0.0057336898,0.005351449,0.008095585,0.0061432337,0.0057336898,0.0049946904,0.005351449,0.008095585,0.0057336898,0.005351449,0.0057336898,0.005351449,0.0070521673,0.0049946904,0.0061432337,0.0057336898,0.0057336898,0.0070521673,0.0061432337,0.005351449,0.0061432337,0.005351449,0.008095585,0.005351449,0.0049946904,0.0049946904,0.0057336898,0.0057336898,0.0070521673,0.0049946904,0.005351449,0.005351449,0.006582029,0.0049946904,0.0049946904,0.0049946904,0.008095585,0.008095585,0.008095585,0.0049946904,0.0049946904,0.0070521673,0.0075558866,0.0049946904,0.0061432337,0.0049946904,0.0049946904,0.008095585,0.0049946904,0.0049946904,0.0049946904,0.0070521673,0.0075558866,0.0070521673,0.0057336898,0.0061432337,0.0070521673,0.006582029,0.0075558866,0.0049946904,0.0057336898,0.0049946904,0.008095585,0.0070521673,0.0061432337,0.0070521673,0.0070521673,0.0075558866,0.006582029,0.0061432337,0.0070521673,0.006582029,0.006582029,0.0049946904,0.005351449,0.005351449,0.0061432337,0.008095585,0.0057336898,0.0061432337,0.008095585,0.0070521673,0.008095585,0.0070521673,0.005351449,0.0057336898,0.0075558866,0.0075558866,0.0057336898,0.0061432337,0.0049946904,0.0057336898,0.008095585,0.0057336898,0.006582029,0.006582029,0.0061432337,0.006582029,0.0057336898,0.005351449,0.008095585,0.008095585,0.008095585,0.0070521673,0.0049946904,0.0057336898,0.006582029,0.008095585,0.0049946904,0.005351449,0.0049946904,0.006582029,0.0057336898,0.005351449,3,3
0.0062417462,0.007677053,0.007677053,0.007677053,0.0050747856,0.007677053,0.007677053,0.0071652564,0.007677053,0.007677053,0.0071652564,0.0066875787,0.004736471,0.004736471,0.005437265,0.004736471,0.0071652564,0.0062417462,0.007677053,0.004736471,0.0066875787,0.0071652564,0.0062417462,0.0066875787,0.004736471,0.005437265,0.005825636,0.0050747856,0.005825636,0.004736471,0.004736471,0.0062417462,0.007677053,0.0066875787,0.004736471,0.0066875787,0.0062417462,0.0062417462,0.004736471,0.0071652564,0.0050747856,0.005825636,0.007677053,0.0071652564,0.004736471,0.007677053,0.0066875787,0.0071652564,0.0071652564,0.005825636,0.0071652564,0.007677053,0.0066875787,0.007677053,0.005437265,0.007677053,0.0066875787,0.007677053,0.007677053,0.0071652564,0.004736471,0.005437265,0.0066875787,0.005825636,0.004736471,0.005825636,0.0062417462,0.004736471,0.005825636,0.0071652564,0.004736471,0.007677053,0.004736471,0.0050747856,0.004736471,0.007677053,0.005825636,0.007677053,0.007677053,0.0062417462,0.0071652564,0.0062417462,0.004736471,0.004736471,0.0066875787,0.004736471,0.007677053,0.0071652564,0.005825636,0.004736471,0.0066875787,0.0066875787,0.007677053,0.004736471,0.007677053,0.007677053,0.007677053,0.004736471,0.0062417462,0.004736471,0.005437265,0.007677053,0.0066875787,0.0050747856,0.004736471,0.004736471,0.0062417462,0.005825636,0.004736471,0.005437265,0.0066875787,0.007677053,0.0050747856,0.007677053,0.0066875787,0.004736471,0.0071652564,0.007677053,0.007677053,0.0066875787,0.007677053,0.0071652564,0.007677053,0.007677053,0.0062417462,0.007677053,0.0066875787,0.004736471,0.004736471,0.0066875787,0.0050747856,0.005437265,0.0066875787,0.0071652564,0.0050747856,0.005437265,0.004736471,0.004736471,0.0062417462,0.005437265,0.005825636,0.0066875787,0.0050747856,0.004736471,0.0071652564,0.0050747856,0.007677053,0.004736471,0.0050747856,0.004736471,0.004736471,0.005437265,0.007677053,0.007677053,0.0066875787,0.004736471,0.007677053,0.007677053,0.007677053,0.004736471,1,2
0.004900476,0.005250505,0.0060273544,0.007942879,0.004900476,0.005250505,0.004900476,0.006919143,0.007942879,0.007942879,0.0056255357,0.0056255357,0.005250505,0.0056255357,0.007942879,0.007942879,0.004900476,0.005250505,0.007942879,0.0056255357,0.0060273544,0.0074133608,0.004900476,0.004900476,0.0060273544,0.007942879,0.0056255357,0.0056255357,0.0056255357,0.0056255357,0.006919143,0.005250505,0.004900476,0.0056255357,0.007942879,0.0056255357,0.0056255357,0.004900476,0.006457873,0.0056255357,0.004900476,0.0074133608,0.006919143,0.0056255357,0.007942879,0.005250505,0.0056255357,0.006919143,0.007942879,0.006919143,0.0060273544,0.0060273544,0.007942879,0.004900476,0.0056255357,0.005250505,0.0060273544,0.006919143,0.0060273544,0.0056255357,0.006457873,0.0060273544,0.0060273544,0.004900476,0.007942879,0.0060273544,0.0060273544,0.004900476,0.006457873,0.0074133608,0.004900476,0.0060273544,0.004900476,0.0056255357,0.007942879,0.004900476,0.005250505,0.006919143,0.006919143,0.004900476,0.0056255357,0.006919143,0.007942879,0.007942879,0.0074133608,0.004900476,0.005250505,0.0060273544,0.006457873,0.0060273544,0.006457873,0.006919143,0.0056255357,0.004900476,0.007942879,0.0060273544,0.004900476,0.005250505,0.0056255357,0.007942879,0.0074133608,0.006457873,0.0060273544,0.004900476,0.006919143,0.004900476,0.0056255357,0.0060273544,0.004900476,0.007942879,0.006919143,0.007942879,0.0060273544,0.007942879,0.0060273544,0.0060273544,0.0060273544,0.006457873,0.005250505,0.004900476,0.0060273544,0.005250505,0.007942879,0.007942879,0.004900476,0.005250505,0.007942879,0.006919143,0.007942879,0.006919143,0.006919143,0.0056255357,0.006919143,0.006919143,0.0074133608,0.006919143,0.005250505,0.004900476,0.006919143,0.0060273544,0.0060273544,0.0056255357,0.0060273544,0.0056255357,0.006457873,0.005250505,0.007942879,0.007942879,0.007942879,0.007942879,0.0056255357,0.0056255357,0.006919143,0.0074133608,0.0060273544,0.007942879,0.0060273544,0.0056255357,0.006919143,0.004900476,3,3
0.004784813,0.0051265806,0.0077554076,0.0077554076,0.004784813,0.0054927594,0.0077554076,0.0067558344,0.0077554076,0.0077554076,0.0063054515,0.0058850944,0.0058850944,0.004784813,0.0077554076,0.0077554076,0.0063054515,0.0058850944,0.0077554076,0.0051265806,0.0077554076,0.0067558344,0.004784813,0.004784813,0.004784813,0.0077554076,0.0054927594,0.004784813,0.0051265806,0.0058850944,0.0063054515,0.0058850944,0.0067558344,0.0072383876,0.0077554076,0.0054927594,0.0054927594,0.0063054515,0.004784813,0.0054927594,0.0051265806,0.0063054515,0.0077554076,0.0058850944,0.0077554076,0.0063054515,0.0054927594,0.0054927594,0.0077554076,0.0058850944,0.0054927594,0.0058850944,0.0063054515,0.004784813,0.0067558344,0.0051265806,0.0054927594,0.0077554076,0.0063054515,0.0058850944,0.0072383876,0.0051265806,0.0058850944,0.004784813,0.0077554076,0.0051265806,0.0054927594,0.0054927594,0.0054927594,0.0067558344,0.0067558344,0.0072383876,0.0054927594,0.0051265806,0.0077554076,0.0051265806,0.0051265806,0.0077554076,0.0058850944,0.004784813,0.004784813,0.0067558344,0.0077554076,0.0077554076,0.0077554076,0.004784813,0.0051265806,0.0063054515,0.0072383876,0.0058850944,0.0063054515,0.0067558344,0.0077554076,0.004784813,0.0077554076,0.004784813,0.004784813,0.0077554076,0.0058850944,0.0072383876,0.0067558344,0.0063054515,0.0067558344,0.004784813,0.0072383876,0.0051265806,0.0054927594,0.0058850944,0.004784813,0.0077554076,0.0072383876,0.0077554076,0.0051265806,0.0077554076,0.0072383876,0.0058850944,0.0067558344,0.0077554076,0.0058850944,0.0051265806,0.004784813,0.0051265806,0.0077554076,0.0077554076,0.0051265806,0.0063054515,0.0072383876,0.0063054515,0.0077554076,0.0067558344,0.0067558344,0.0054927594,0.0072383876,0.0072383876,0.0054927594,0.0072383876,0.0063054515,0.0054927594,0.0072383876,0.0067558344,0.0058850944,0.0054927594,0.0063054515,0.0054927594,0.0054927594,0.0054927594,0.0077554076,0.0077554076,0.0077554076,0.004784813,0.0054927594,0.0054927594,0.0067558344,0.0072383876,0.0051265806,0.0077554076,0.0063054515,0.0054927594,0.0054927594,0.004784813,2,2
0.006878698,0.005992122,0.006878698,0.007896449,0.004871831,0.005219814,0.005992122,0.0073700263,0.007896449,0.007896449,0.005592652,0.005219814,0.005992122,0.0064201243,0.0073700263,0.004871831,0.005992122,0.005592652,0.007896449,0.004871831,0.005219814,0.006878698,0.0064201243,0.0064201243,0.004871831,0.005219814,0.005592652,0.005992122,0.005992122,0.004871831,0.004871831,0.006878698,0.007896449,0.0064201243,0.007896449,0.0064201243,0.005592652,0.0073700263,0.004871831,0.0064201243,0.004871831,0.006878698,0.006878698,0.005592652,0.007896449,0.004871831,0.004871831,0.007896449,0.006878698,0.006878698,0.005592652,0.005219814,0.006878698,0.005592652,0.005592652,0.004871831,0.005219814,0.007896449,0.005592652,0.0064201243,0.006878698,0.005219814,0.0064201243,0.005219814,0.007896449,0.005219814,0.005592652,0.005592652,0.0073700263,0.0073700263,0.007896449,0.005992122,0.005592652,0.004871831,0.007896449,0.004871831,0.005219814,0.0064201243,0.005592652,0.004871831,0.0064201243,0.005992122,0.007896449,0.007896449,0.007896449,0.004871831,0.004871831,0.007896449,0.007896449,0.004871831,0.005992122,0.006878698,0.0064201243,0.004871831,0.007896449,0.004871831,0.004871831,0.007896449,0.0064201243,0.0073700263,0.005592652,0.007896449,0.005992122,0.005592652,0.005592652,0.004871831,0.005992122,0.005992122,0.005592652,0.007896449,0.005219814,0.005219814,0.0073700263,0.007896449,0.005992122,0.005219814,0.0064201243,0.007896449,0.005992122,0.004871831,0.005592652,0.005219814,0.007896449,0.007896449,0.005992122,0.0064201243,0.007896449,0.0064201243,0.0073700263,0.0073700263,0.004871831,0.005592652,0.0073700263,0.0073700263,0.005219814,0.005592652,0.004871831,0.004871831,0.006878698,0.005592652,0.005992122,0.005592652,0.0064201243,0.005592652,0.006878698,0.005592652,0.006878698,0.007896449,0.007896449,0.007896449,0.0064201243,0.005592652,0.006878698,0.0073700263,0.004871831,0.005592652,0.004871831,0.006878698,0.0073700263,0.004871831,3,2
0.0070791915,0.007584841,0.007584841,0.007584841,0.0046795798,0.007584841,0.007584841,0.0070791915,0.007584841,0.007584841,0.0070791915,0.0061667743,0.0046795798,0.0046795798,0.0046795798,0.0066072517,0.0070791915,0.0061667743,0.007584841,0.0066072517,0.0066072517,0.0070791915,0.0061667743,0.0061667743,0.0046795798,0.0046795798,0.0053719557,0.0061667743,0.0066072517,0.0050138305,0.0046795798,0.005755662,0.007584841,0.0066072517,0.0046795798,0.0066072517,0.0061667743,0.005755662,0.0046795798,0.007584841,0.0046795798,0.007584841,0.007584841,0.007584841,0.0070791915,0.007584841,0.0061667743,0.007584841,0.007584841,0.0066072517,0.0053719557,0.007584841,0.007584841,0.007584841,0.0046795798,0.007584841,0.0066072517,0.007584841,0.007584841,0.0061667743,0.0046795798,0.005755662,0.0053719557,0.0050138305,0.005755662,0.0050138305,0.0061667743,0.0046795798,0.0053719557,0.0050138305,0.0046795798,0.007584841,0.0046795798,0.0050138305,0.0046795798,0.007584841,0.0061667743,0.007584841,0.007584841,0.0066072517,0.007584841,0.0053719557,0.0046795798,0.0046795798,0.0046795798,0.005755662,0.007584841,0.007584841,0.005755662,0.007584841,0.007584841,0.0066072517,0.007584841,0.0046795798,0.007584841,0.007584841,0.007584841,0.0046795798,0.0061667743,0.0046795798,0.0050138305,0.007584841,0.0066072517,0.0050138305,0.0053719557,0.0046795798,0.0061667743,0.0061667743,0.0046795798,0.0046795798,0.0070791915,0.007584841,0.0050138305,0.007584841,0.005755662,0.0046795798,0.0070791915,0.007584841,0.007584841,0.0061667743,0.007584841,0.0070791915,0.007584841,0.007584841,0.0050138305,0.007584841,0.0070791915,0.0046795798,0.0046795798,0.0061667743,0.0061667743,0.005755662,0.0061667743,0.0070791915,0.0053719557,0.005755662,0.0050138305,0.0046795798,0.0061667743,0.0053719557,0.005755662,0.0066072517,0.0053719557,0.0046795798,0.0066072517,0.0050138305,0.007584841,0.007584841,0.007584841,0.0046795798,0.0046795798,0.0053719557,0.007584841,0.007584841,0.0066072517,0.0050138305,0.0066072517,0.0070791915,0.0070791915,0.0050138305,1,1
0.0049017686,0.0052518896,0.0049017686,0.007944973,0.0049017686,0.0052518896,0.0069209677,0.0069209677,0.0074153156,0.007944973,0.0056270193,0.0052518896,0.0049017686,0.007944973,0.007944973,0.0060289437,0.006459576,0.0069209677,0.007944973,0.0049017686,0.0049017686,0.0074153156,0.0060289437,0.006459576,0.0049017686,0.006459576,0.0069209677,0.006459576,0.006459576,0.0052518896,0.0069209677,0.0060289437,0.0056270193,0.0074153156,0.007944973,0.0049017686,0.0049017686,0.0052518896,0.0056270193,0.0056270193,0.0049017686,0.0069209677,0.007944973,0.0060289437,0.007944973,0.0049017686,0.0060289437,0.006459576,0.0074153156,0.006459576,0.0056270193,0.0056270193,0.006459576,0.007944973,0.0056270193,0.0052518896,0.0052518896,0.0052518896,0.007944973,0.0060289437,0.0069209677,0.0060289437,0.0052518896,0.006459576,0.006459576,0.0056270193,0.006459576,0.0049017686,0.007944973,0.0056270193,0.0049017686,0.006459576,0.0056270193,0.0052518896,0.007944973,0.0049017686,0.0052518896,0.0052518896,0.006459576,0.0049017686,0.0049017686,0.006459576,0.007944973,0.007944973,0.0074153156,0.0049017686,0.0056270193,0.007944973,0.0069209677,0.0060289437,0.0060289437,0.0049017686,0.0052518896,0.0074153156,0.0074153156,0.0049017686,0.0049017686,0.0069209677,0.007944973,0.0074153156,0.0069209677,0.0074153156,0.0069209677,0.0056270193,0.0069209677,0.0049017686,0.0056270193,0.0060289437,0.0069209677,0.007944973,0.0056270193,0.0074153156,0.0069209677,0.007944973,0.0060289437,0.0060289437,0.006459576,0.0056270193,0.0060289437,0.0049017686,0.0049017686,0.0052518896,0.006459576,0.007944973,0.0056270193,0.0049017686,0.0074153156,0.0069209677,0.007944973,0.006459576,0.0052518896,0.0056270193,0.0074153156,0.0074153156,0.0052518896,0.0056270193,0.0052518896,0.0052518896,0.0074153156,0.0056270193,0.0060289437,0.0060289437,0.0069209677,0.006459576,0.0056270193,0.0052518896,0.007944973,0.007944973,0.007944973,0.007944973,0.0049017686,0.0056270193,0.0069209677,0.0074153156,0.0049017686,0.0052518896,0.0049017686,0.0069209677,0.0056270193,0.0056270193,3,3
0.0051343925,0.00631506,0.007767225,0.007767225,0.004792104,0.0051343925,0.006766129,0.006766129,0.007767225,0.007767225,0.005501129,0.005501129,0.005501129,0.004792104,0.007767225,0.005894062,0.0051343925,0.006766129,0.007767225,0.004792104,0.00631506,0.0072494172,0.005501129,0.00631506,0.0051343925,0.006766129,0.0072494172,0.005894062,0.005894062,0.005501129,0.00631506,0.00631506,0.005894062,0.006766129,0.007767225,0.004792104,0.0051343925,0.007767225,0.005501129,0.005501129,0.004792104,0.006766129,0.007767225,0.005894062,0.007767225,0.004792104,0.0051343925,0.007767225,0.005894062,0.005501129,0.005501129,0.007767225,0.007767225,0.0051343925,0.004792104,0.004792104,0.004792104,0.007767225,0.005894062,0.005501129,0.007767225,0.005894062,0.0072494172,0.004792104,0.007767225,0.00631506,0.00631506,0.004792104,0.005894062,0.006766129,0.004792104,0.00631506,0.005501129,0.005501129,0.0072494172,0.00631506,0.0051343925,0.007767225,0.005894062,0.004792104,0.004792104,0.005501129,0.007767225,0.007767225,0.007767225,0.006766129,0.00631506,0.007767225,0.00631506,0.005894062,0.0072494172,0.006766129,0.007767225,0.004792104,0.007767225,0.005501129,0.006766129,0.007767225,0.005894062,0.007767225,0.00631506,0.00631506,0.00631506,0.004792104,0.006766129,0.005501129,0.006766129,0.004792104,0.004792104,0.007767225,0.00631506,0.006766129,0.005501129,0.007767225,0.005894062,0.005894062,0.006766129,0.007767225,0.005894062,0.004792104,0.0051343925,0.0051343925,0.007767225,0.007767225,0.0051343925,0.005501129,0.007767225,0.006766129,0.007767225,0.006766129,0.005894062,0.005501129,0.0072494172,0.0072494172,0.0051343925,0.005501129,0.0051343925,0.004792104,0.00631506,0.005501129,0.0051343925,0.00631506,0.0072494172,0.0051343925,0.005894062,0.004792104,0.007767225,0.007767225,0.007767225,0.007767225,0.005501129,0.005501129,0.006766129,0.0072494172,0.0051343925,0.005894062,0.004792104,0.007767225,0.005501129,0.004792104,2,4
0.006106799,0.006542993,0.007511074,0.007511074,0.004634068,0.0070103426,0.007511074,0.006542993,0.007511074,0.004634068,0.006106799,0.006106799,0.004634068,0.004634068,0.004634068,0.006106799,0.006106799,0.006106799,0.007511074,0.005699685,0.0070103426,0.0070103426,0.0053197104,0.0053197104,0.004634068,0.007511074,0.0053197104,0.006106799,0.0070103426,0.007511074,0.006106799,0.005699685,0.007511074,0.006106799,0.004634068,0.0053197104,0.006106799,0.0070103426,0.005699685,0.007511074,0.0049650683,0.0070103426,0.007511074,0.007511074,0.004634068,0.006106799,0.0053197104,0.007511074,0.007511074,0.007511074,0.005699685,0.007511074,0.007511074,0.007511074,0.0049650683,0.007511074,0.006542993,0.007511074,0.007511074,0.005699685,0.006542993,0.0049650683,0.0049650683,0.0053197104,0.007511074,0.005699685,0.006106799,0.0049650683,0.005699685,0.005699685,0.0070103426,0.007511074,0.004634068,0.0049650683,0.0049650683,0.007511074,0.006106799,0.007511074,0.007511074,0.007511074,0.007511074,0.004634068,0.004634068,0.004634068,0.004634068,0.006542993,0.007511074,0.007511074,0.005699685,0.007511074,0.007511074,0.006542993,0.007511074,0.004634068,0.007511074,0.007511074,0.007511074,0.0049650683,0.006106799,0.004634068,0.0049650683,0.005699685,0.007511074,0.006106799,0.0070103426,0.004634068,0.005699685,0.0053197104,0.004634068,0.006542993,0.0070103426,0.007511074,0.0053197104,0.0070103426,0.007511074,0.0053197104,0.006542993,0.007511074,0.007511074,0.004634068,0.006542993,0.006542993,0.007511074,0.007511074,0.006542993,0.0070103426,0.006542993,0.0053197104,0.006106799,0.006106799,0.007511074,0.0053197104,0.006106799,0.006542993,0.0053197104,0.006542993,0.005699685,0.004634068,0.006542993,0.0053197104,0.005699685,0.005699685,0.005699685,0.004634068,0.005699685,0.005699685,0.007511074,0.007511074,0.007511074,0.004634068,0.004634068,0.0053197104,0.007511074,0.007511074,0.006106799,0.005699685,0.0053197104,0.007511074,0.0070103426,0.004634068,2,0
0.006120883,0.008066131,0.0049765185,0.008066131,0.0049765185,0.005331979,0.008066131,0.0049765185,0.0049765185,0.008066131,0.008066131,0.006120883,0.005331979,0.008066131,0.008066131,0.0049765185,0.007528396,0.005331979,0.006120883,0.0049765185,0.006120883,0.007528396,0.005331979,0.006120883,0.0049765185,0.006120883,0.005712829,0.005712829,0.006558082,0.006120883,0.0070265094,0.0070265094,0.0049765185,0.005712829,0.008066131,0.005712829,0.006558082,0.0049765185,0.0049765185,0.005712829,0.005331979,0.008066131,0.0070265094,0.005331979,0.008066131,0.008066131,0.0070265094,0.006558082,0.005331979,0.006558082,0.006120883,0.006120883,0.008066131,0.007528396,0.005712829,0.0049765185,0.0070265094,0.0049765185,0.005712829,0.005331979,0.0070265094,0.008066131,0.005331979,0.005331979,0.005712829,0.008066131,0.008066131,0.0049765185,0.005331979,0.0049765185,0.005712829,0.0070265094,0.0049765185,0.005331979,0.008066131,0.0049765185,0.006558082,0.0049765185,0.0049765185,0.0049765185,0.006120883,0.006558082,0.006558082,0.006120883,0.006558082,0.0049765185,0.005712829,0.005712829,0.008066131,0.006558082,0.006120883,0.0070265094,0.0049765185,0.008066131,0.008066131,0.0049765185,0.0049765185,0.0070265094,0.0070265094,0.008066131,0.007528396,0.008066131,0.0049765185,0.006120883,0.005331979,0.008066131,0.008066131,0.0049765185,0.0049765185,0.008066131,0.0070265094,0.008066131,0.006120883,0.0049765185,0.006120883,0.006120883,0.006558082,0.006120883,0.005712829,0.0049765185,0.005331979,0.005331979,0.0049765185,0.0049765185,0.0049765185,0.005331979,0.007528396,0.0049765185,0.0049765185,0.007528396,0.0070265094,0.006558082,0.0049765185,0.005331979,0.005712829,0.0070265094,0.006120883,0.0049765185,0.006120883,0.006558082,0.006558082,0.006558082,0.0070265094,0.008066131,0.005712829,0.005331979,0.007528396,0.008066131,0.008066131,0.0070265094,0.005712829,0.006558082,0.006120883,0.006558082,0.0049765185,0.006120883,0.005331979,0.005331979,0.006120883,0.0049765185,1,1
0.0062181507,0.006662298,0.0076480317,0.0076480317,0.004718566,0.006662298,0.0076480317,0.006662298,0.00713817,0.0062181507,0.0062181507,0.0058036135,0.004718566,0.004718566,0.006662298,0.0062181507,0.006662298,0.0062181507,0.0076480317,0.0058036135,0.00713817,0.00713817,0.0054167104,0.0058036135,0.004718566,0.0076480317,0.0054167104,0.0054167104,0.0058036135,0.0076480317,0.0076480317,0.0058036135,0.0076480317,0.0062181507,0.0054167104,0.0050556017,0.0054167104,0.006662298,0.004718566,0.0062181507,0.0054167104,0.0062181507,0.0076480317,0.0076480317,0.0054167104,0.00713817,0.006662298,0.0076480317,0.0076480317,0.0076480317,0.0054167104,0.0076480317,0.0062181507,0.0076480317,0.004718566,0.0076480317,0.006662298,0.0076480317,0.006662298,0.0054167104,0.006662298,0.0054167104,0.0058036135,0.0058036135,0.0076480317,0.0050556017,0.0058036135,0.004718566,0.0054167104,0.0062181507,0.0076480317,0.006662298,0.0050556017,0.0054167104,0.0058036135,0.00713817,0.0058036135,0.0076480317,0.0076480317,0.00713817,0.006662298,0.0050556017,0.004718566,0.004718566,0.0076480317,0.004718566,0.0062181507,0.0076480317,0.004718566,0.0076480317,0.0076480317,0.006662298,0.0076480317,0.004718566,0.0076480317,0.0054167104,0.006662298,0.004718566,0.0062181507,0.004718566,0.0054167104,0.0058036135,0.0076480317,0.0062181507,0.00713817,0.004718566,0.0054167104,0.0054167104,0.004718566,0.00713817,0.006662298,0.0076480317,0.004718566,0.006662298,0.00713817,0.0050556017,0.006662298,0.0058036135,0.0054167104,0.0076480317,0.0054167104,0.0058036135,0.0076480317,0.0076480317,0.0054167104,0.0062181507,0.006662298,0.0054167104,0.0062181507,0.0062181507,0.0076480317,0.0062181507,0.0050556017,0.0062181507,0.0058036135,0.0076480317,0.0058036135,0.004718566,0.0062181507,0.0062181507,0.0058036135,0.0058036135,0.0050556017,0.004718566,0.0058036135,0.0050556017,0.0076480317,0.0076480317,0.0076480317,0.004718566,0.004718566,0.0062181507,0.0076480317,0.0076480317,0.004718566,0.0062181507,0.0062181507,0.0062181507,0.0062181507,0.0050556017,2,1
0.0049024345,0.0052526034,0.006029763,0.007946053,0.0049024345,0.006921908,0.006921908,0.006921908,0.006921908,0.006921908,0.007946053,0.0056277835,0.0056277835,0.007946053,0.007946053,0.0064604534,0.0049024345,0.006029763,0.007946053,0.006029763,0.0064604534,0.007416323,0.006029763,0.006921908,0.0049024345,0.0056277835,0.0056277835,0.0056277835,0.006921908,0.006029763,0.0049024345,0.0052526034,0.0049024345,0.006029763,0.007946053,0.006029763,0.006029763,0.0049024345,0.0052526034,0.0056277835,0.0052526034,0.007416323,0.006921908,0.0056277835,0.007946053,0.007946053,0.006921908,0.007946053,0.007946053,0.0064604534,0.006029763,0.006029763,0.007416323,0.007946053,0.0064604534,0.0049024345,0.006029763,0.0049024345,0.0064604534,0.0049024345,0.0064604534,0.0056277835,0.0056277835,0.0056277835,0.0056277835,0.0052526034,0.006029763,0.0052526034,0.007416323,0.0056277835,0.0056277835,0.0064604534,0.0049024345,0.0052526034,0.007946053,0.0049024345,0.0052526034,0.0049024345,0.006921908,0.0049024345,0.0049024345,0.0056277835,0.007946053,0.007946053,0.007946053,0.0049024345,0.0052526034,0.007946053,0.007946053,0.006029763,0.006029763,0.0056277835,0.0049024345,0.007946053,0.0052526034,0.006029763,0.0049024345,0.0056277835,0.006029763,0.007946053,0.007416323,0.007946053,0.0056277835,0.006029763,0.0056277835,0.0049024345,0.0056277835,0.0049024345,0.007946053,0.0064604534,0.0052526034,0.0052526034,0.006921908,0.006921908,0.0052526034,0.006029763,0.006921908,0.006921908,0.0064604534,0.0049024345,0.0056277835,0.0056277835,0.007946053,0.007946053,0.0056277835,0.0049024345,0.007946053,0.006921908,0.0064604534,0.006921908,0.006029763,0.0056277835,0.007416323,0.007416323,0.0049024345,0.0056277835,0.0052526034,0.0056277835,0.0064604534,0.006029763,0.006029763,0.006029763,0.006029763,0.007416323,0.0064604534,0.0052526034,0.007946053,0.007946053,0.007946053,0.0052526034,0.006921908,0.006029763,0.0064604534,0.006921908,0.0049024345,0.007416323,0.0056277835,0.006029763,0.0064604534,0.0049024345,3,2
0.006187706,0.00710322,0.0076105855,0.0076105855,0.0050308486,0.0066296784,0.0076105855,0.0066296784,0.00710322,0.0050308486,0.006187706,0.005775198,0.004695463,0.004695463,0.0053901896,0.006187706,0.00710322,0.005775198,0.0076105855,0.0053901896,0.00710322,0.00710322,0.005775198,0.005775198,0.004695463,0.005775198,0.005775198,0.005775198,0.00710322,0.006187706,0.0066296784,0.006187706,0.0076105855,0.0066296784,0.004695463,0.00710322,0.006187706,0.006187706,0.004695463,0.00710322,0.006187706,0.0076105855,0.0066296784,0.0076105855,0.004695463,0.005775198,0.0053901896,0.0076105855,0.0076105855,0.0053901896,0.0053901896,0.0076105855,0.0076105855,0.0076105855,0.004695463,0.0076105855,0.0066296784,0.0076105855,0.0076105855,0.005775198,0.0076105855,0.006187706,0.004695463,0.004695463,0.0076105855,0.0050308486,0.006187706,0.0053901896,0.005775198,0.0053901896,0.0053901896,0.0076105855,0.0053901896,0.0050308486,0.004695463,0.0076105855,0.006187706,0.0076105855,0.0076105855,0.0076105855,0.0076105855,0.0050308486,0.004695463,0.004695463,0.004695463,0.0076105855,0.0076105855,0.0076105855,0.0050308486,0.0076105855,0.0076105855,0.0066296784,0.0076105855,0.004695463,0.0076105855,0.0076105855,0.0076105855,0.004695463,0.006187706,0.0050308486,0.006187706,0.0076105855,0.006187706,0.0050308486,0.006187706,0.004695463,0.005775198,0.006187706,0.004695463,0.005775198,0.00710322,0.0076105855,0.0053901896,0.0076105855,0.0076105855,0.0076105855,0.0050308486,0.0050308486,0.006187706,0.004695463,0.006187706,0.005775198,0.0076105855,0.0076105855,0.0050308486,0.0066296784,0.005775198,0.0053901896,0.006187706,0.0066296784,0.006187706,0.0053901896,0.006187706,0.00710322,0.005775198,0.0066296784,0.0053901896,0.004695463,0.006187706,0.006187706,0.0053901896,0.005775198,0.005775198,0.0050308486,0.006187706,0.0050308486,0.0076105855,0.0076105855,0.0076105855,0.004695463,0.0076105855,0.0053901896,0.006187706,0.006187706,0.006187706,0.00710322,0.0066296784,0.006187706,0.0053901896,0.004695463,2,3
0.0061294627,0.0075389496,0.0075389496,0.0075389496,0.004651266,0.0061294627,0.0075389496,0.006567275,0.0075389496,0.0053394535,0.005720838,0.0053394535,0.004651266,0.004651266,0.0049834945,0.0061294627,0.0061294627,0.0061294627,0.0075389496,0.005720838,0.0070363595,0.0070363595,0.004651266,0.0049834945,0.004651266,0.0070363595,0.0053394535,0.0061294627,0.0061294627,0.0049834945,0.006567275,0.005720838,0.0075389496,0.0061294627,0.004651266,0.006567275,0.0053394535,0.006567275,0.004651266,0.0070363595,0.0070363595,0.0070363595,0.005720838,0.005720838,0.004651266,0.006567275,0.0061294627,0.0075389496,0.0075389496,0.006567275,0.0053394535,0.0075389496,0.006567275,0.0070363595,0.004651266,0.0075389496,0.006567275,0.0075389496,0.0075389496,0.0053394535,0.0070363595,0.005720838,0.0049834945,0.0053394535,0.0075389496,0.0061294627,0.0061294627,0.0049834945,0.005720838,0.0061294627,0.006567275,0.0075389496,0.004651266,0.0053394535,0.004651266,0.0075389496,0.0061294627,0.0075389496,0.0075389496,0.0075389496,0.0075389496,0.0049834945,0.004651266,0.004651266,0.0053394535,0.0061294627,0.0070363595,0.0075389496,0.005720838,0.0075389496,0.0075389496,0.006567275,0.0075389496,0.004651266,0.0075389496,0.0075389496,0.0075389496,0.004651266,0.0061294627,0.004651266,0.0070363595,0.006567275,0.0070363595,0.005720838,0.006567275,0.004651266,0.005720838,0.005720838,0.004651266,0.0061294627,0.006567275,0.0075389496,0.0053394535,0.006567275,0.0075389496,0.0070363595,0.0070363595,0.0075389496,0.0070363595,0.004651266,0.0070363595,0.0070363595,0.0075389496,0.0075389496,0.0075389496,0.006567275,0.0075389496,0.004651266,0.0053394535,0.006567275,0.0075389496,0.005720838,0.005720838,0.0061294627,0.0049834945,0.006567275,0.005720838,0.004651266,0.0061294627,0.0053394535,0.005720838,0.006567275,0.005720838,0.004651266,0.0061294627,0.0053394535,0.0075389496,0.0075389496,0.0075389496,0.004651266,0.0075389496,0.0053394535,0.0070363595,0.0070363595,0.0061294627,0.0061294627,0.0061294627,0.006567275,0.006567275,0.0049834945,1,0
0.0062009427,0.0071184156,0.0076268665,0.0076268665,0.004705508,0.0066438606,0.0076268665,0.0066438606,0.0076268665,0.0054017203,0.0066438606,0.0062009427,0.004705508,0.004705508,0.0057875523,0.0076268665,0.0062009427,0.0050416104,0.0076268665,0.0062009427,0.0066438606,0.0071184156,0.0054017203,0.0054017203,0.004705508,0.0076268665,0.0054017203,0.004705508,0.004705508,0.0076268665,0.0076268665,0.0054017203,0.0057875523,0.0054017203,0.0066438606,0.0057875523,0.0062009427,0.0062009427,0.004705508,0.0076268665,0.004705508,0.0066438606,0.0076268665,0.0062009427,0.0076268665,0.0066438606,0.0062009427,0.0071184156,0.0076268665,0.0066438606,0.0054017203,0.0066438606,0.0057875523,0.0071184156,0.004705508,0.0076268665,0.0062009427,0.004705508,0.0054017203,0.0076268665,0.0076268665,0.0057875523,0.004705508,0.0050416104,0.0076268665,0.0050416104,0.0057875523,0.0057875523,0.0062009427,0.0071184156,0.0076268665,0.0076268665,0.0050416104,0.0050416104,0.004705508,0.0076268665,0.0062009427,0.0076268665,0.0076268665,0.0062009427,0.0050416104,0.0050416104,0.0057875523,0.0062009427,0.0076268665,0.0076268665,0.0062009427,0.004705508,0.004705508,0.0076268665,0.0057875523,0.0066438606,0.0076268665,0.004705508,0.0076268665,0.0062009427,0.0050416104,0.004705508,0.0050416104,0.0076268665,0.0057875523,0.0071184156,0.0062009427,0.0062009427,0.0071184156,0.0076268665,0.0066438606,0.004705508,0.004705508,0.0076268665,0.0062009427,0.0076268665,0.004705508,0.0066438606,0.0062009427,0.0057875523,0.0071184156,0.0066438606,0.0054017203,0.0050416104,0.0050416104,0.0054017203,0.0076268665,0.0076268665,0.0054017203,0.0062009427,0.0066438606,0.0062009427,0.0071184156,0.0062009427,0.0076268665,0.0054017203,0.0062009427,0.0066438606,0.0076268665,0.0071184156,0.0050416104,0.004705508,0.0062009427,0.0054017203,0.0054017203,0.0066438606,0.004705508,0.004705508,0.0076268665,0.0076268665,0.0076268665,0.0076268665,0.0076268665,0.004705508,0.0057875523,0.0054017203,0.0071184156,0.0071184156,0.0050416104,0.0076268665,0.0062009427,0.0062009427,0.0054017203,0.004705508,2,0
0.005707558,0.008058689,0.004971927,0.00752145,0.005707558,0.004971927,0.0065520313,0.004971927,0.008058689,0.00752145,0.00752145,0.0053270594,0.004971927,0.008058689,0.008058689,0.004971927,0.0053270594,0.004971927,0.004971927,0.0065520313,0.005707558,0.00752145,0.0061152354,0.0065520313,0.0061152354,0.0065520313,0.0065520313,0.0065520313,0.0061152354,0.0061152354,0.008058689,0.0065520313,0.004971927,0.0070200264,0.008058689,0.005707558,0.0065520313,0.004971927,0.004971927,0.0061152354,0.005707558,0.0070200264,0.008058689,0.005707558,0.008058689,0.008058689,0.0065520313,0.0061152354,0.0061152354,0.0065520313,0.0061152354,0.0061152354,0.008058689,0.004971927,0.0070200264,0.004971927,0.0070200264,0.004971927,0.004971927,0.0053270594,0.008058689,0.0070200264,0.0053270594,0.005707558,0.0065520313,0.0070200264,0.0070200264,0.0053270594,0.008058689,0.004971927,0.0053270594,0.0065520313,0.005707558,0.005707558,0.008058689,0.004971927,0.0061152354,0.004971927,0.004971927,0.004971927,0.004971927,0.0070200264,0.004971927,0.004971927,0.0070200264,0.004971927,0.004971927,0.0053270594,0.005707558,0.0061152354,0.0065520313,0.0070200264,0.004971927,0.008058689,0.008058689,0.0053270594,0.004971927,0.0070200264,0.0070200264,0.008058689,0.0070200264,0.00752145,0.004971927,0.0061152354,0.0061152354,0.008058689,0.008058689,0.004971927,0.004971927,0.00752145,0.00752145,0.00752145,0.0061152354,0.004971927,0.0065520313,0.0061152354,0.0070200264,0.0070200264,0.0061152354,0.004971927,0.004971927,0.0053270594,0.004971927,0.004971927,0.00752145,0.0053270594,0.008058689,0.004971927,0.004971927,0.0065520313,0.0070200264,0.0061152354,0.004971927,0.004971927,0.004971927,0.0070200264,0.004971927,0.004971927,0.0061152354,0.00752145,0.008058689,0.0070200264,0.005707558,0.0070200264,0.0065520313,0.0053270594,0.008058689,0.008058689,0.008058689,0.0070200264,0.0065520313,0.005707558,0.0065520313,0.0053270594,0.0061152354,0.0061152354,0.0061152354,0.0053270594,0.0061152354,0.004971927,1,4
0.0049587702,0.0053129634,0.0049587702,0.008037364,0.0049587702,0.0053129634,0.0060990537,0.007501547,0.008037364,0.008037364,0.005692455,0.0053129634,0.0049587702,0.007501547,0.007501547,0.0053129634,0.005692455,0.005692455,0.008037364,0.0049587702,0.0049587702,0.0060990537,0.0060990537,0.0060990537,0.0049587702,0.0060990537,0.005692455,0.0065346933,0.0060990537,0.0070014503,0.007501547,0.0065346933,0.0049587702,0.0053129634,0.008037364,0.0060990537,0.0065346933,0.0049587702,0.008037364,0.005692455,0.0049587702,0.0065346933,0.0070014503,0.005692455,0.008037364,0.0049587702,0.005692455,0.0049587702,0.008037364,0.0065346933,0.0070014503,0.005692455,0.0049587702,0.008037364,0.0060990537,0.0053129634,0.0065346933,0.005692455,0.0065346933,0.0070014503,0.007501547,0.0060990537,0.0053129634,0.007501547,0.0049587702,0.0065346933,0.0065346933,0.0049587702,0.008037364,0.0049587702,0.0049587702,0.005692455,0.005692455,0.005692455,0.008037364,0.0053129634,0.0053129634,0.0049587702,0.0070014503,0.0060990537,0.0049587702,0.0049587702,0.008037364,0.008037364,0.0070014503,0.0049587702,0.0053129634,0.0065346933,0.0065346933,0.007501547,0.0065346933,0.0060990537,0.0049587702,0.008037364,0.0060990537,0.0049587702,0.0049587702,0.0049587702,0.008037364,0.0065346933,0.0070014503,0.0065346933,0.0049587702,0.0049587702,0.0065346933,0.0049587702,0.005692455,0.0049587702,0.008037364,0.0065346933,0.0070014503,0.008037364,0.0049587702,0.008037364,0.007501547,0.0060990537,0.0060990537,0.0049587702,0.005692455,0.0049587702,0.0049587702,0.005692455,0.0049587702,0.008037364,0.0070014503,0.0049587702,0.008037364,0.0070014503,0.008037364,0.007501547,0.0070014503,0.005692455,0.007501547,0.007501547,0.0053129634,0.005692455,0.0049587702,0.0049587702,0.0065346933,0.005692455,0.0049587702,0.0060990537,0.007501547,0.008037364,0.005692455,0.0053129634,0.008037364,0.008037364,0.008037364,0.008037364,0.0065346933,0.005692455,0.0070014503,0.007501547,0.0049587702,0.0060990537,0.005692455,0.0065346933,0.0060990537,0.0049587702,3,3
0.00706732,0.0075721215,0.0075721215,0.0075721215,0.0053629475,0.0075721215,0.0075721215,0.0065961718,0.00706732,0.0053629475,0.0075721215,0.0065961718,0.004671732,0.004671732,0.0053629475,0.0065961718,0.00706732,0.0053629475,0.00706732,0.0065961718,0.0065961718,0.00706732,0.006156433,0.006156433,0.004671732,0.004671732,0.0053629475,0.006156433,0.0065961718,0.004671732,0.0050054225,0.0053629475,0.0075721215,0.0065961718,0.004671732,0.0065961718,0.006156433,0.0057460098,0.004671732,0.0075721215,0.0065961718,0.00706732,0.0065961718,0.00706732,0.004671732,0.0075721215,0.00706732,0.0075721215,0.0075721215,0.0065961718,0.0053629475,0.0075721215,0.0075721215,0.0075721215,0.004671732,0.0075721215,0.0065961718,0.0075721215,0.0075721215,0.0057460098,0.004671732,0.0075721215,0.004671732,0.004671732,0.0053629475,0.0050054225,0.006156433,0.004671732,0.0053629475,0.0053629475,0.004671732,0.0075721215,0.004671732,0.0050054225,0.004671732,0.0075721215,0.006156433,0.0075721215,0.0075721215,0.0075721215,0.0075721215,0.0065961718,0.004671732,0.004671732,0.0053629475,0.0065961718,0.0075721215,0.0075721215,0.0057460098,0.0065961718,0.0075721215,0.0065961718,0.0075721215,0.004671732,0.0075721215,0.0075721215,0.0075721215,0.004671732,0.006156433,0.004671732,0.0057460098,0.0075721215,0.0065961718,0.0050054225,0.0065961718,0.004671732,0.006156433,0.006156433,0.004671732,0.004671732,0.00706732,0.0075721215,0.0057460098,0.0075721215,0.006156433,0.004671732,0.0065961718,0.0075721215,0.0075721215,0.0050054225,0.0075721215,0.0065961718,0.0075721215,0.0075721215,0.0057460098,0.0075721215,0.00706732,0.004671732,0.004671732,0.006156433,0.0065961718,0.0053629475,0.0065961718,0.00706732,0.0057460098,0.0057460098,0.0050054225,0.004671732,0.0065961718,0.0053629475,0.0053629475,0.0065961718,0.0057460098,0.004671732,0.00706732,0.0053629475,0.0075721215,0.0075721215,0.0065961718,0.004671732,0.004671732,0.0053629475,0.0075721215,0.0075721215,0.0065961718,0.0053629475,0.0057460098,0.0075721215,0.00706732,0.004671732,1,0
0.007450536,0.00695384,0.007450536,0.007450536,0.004596718,0.007450536,0.007450536,0.00695384,0.007450536,0.007450536,0.006057579,0.005653746,0.004596718,0.004596718,0.0052768346,0.007450536,0.006057579,0.0052768346,0.007450536,0.0052768346,0.007450536,0.006490257,0.0052768346,0.0049250503,0.005653746,0.006490257,0.0052768346,0.006057579,0.005653746,0.007450536,0.007450536,0.005653746,0.007450536,0.005653746,0.004596718,0.007450536,0.005653746,0.007450536,0.0052768346,0.007450536,0.0049250503,0.007450536,0.007450536,0.007450536,0.005653746,0.007450536,0.005653746,0.007450536,0.007450536,0.007450536,0.006490257,0.007450536,0.007450536,0.007450536,0.005653746,0.00695384,0.006057579,0.006490257,0.007450536,0.00695384,0.007450536,0.0049250503,0.004596718,0.0052768346,0.007450536,0.005653746,0.006057579,0.004596718,0.0052768346,0.0052768346,0.006057579,0.007450536,0.0049250503,0.0052768346,0.004596718,0.007450536,0.005653746,0.006057579,0.006490257,0.00695384,0.007450536,0.004596718,0.004596718,0.004596718,0.004596718,0.007450536,0.00695384,0.007450536,0.005653746,0.007450536,0.007450536,0.006490257,0.007450536,0.004596718,0.007450536,0.007450536,0.006490257,0.004596718,0.0052768346,0.004596718,0.00695384,0.006490257,0.005653746,0.0052768346,0.00695384,0.004596718,0.005653746,0.0049250503,0.004596718,0.00695384,0.00695384,0.007450536,0.0049250503,0.007450536,0.00695384,0.0049250503,0.006490257,0.007450536,0.00695384,0.004596718,0.007450536,0.006057579,0.007450536,0.007450536,0.005653746,0.007450536,0.006057579,0.004596718,0.004596718,0.006490257,0.007450536,0.0052768346,0.0052768346,0.00695384,0.00695384,0.006490257,0.0049250503,0.004596718,0.00695384,0.006490257,0.005653746,0.006490257,0.005653746,0.004596718,0.006490257,0.006057579,0.007450536,0.007450536,0.007450536,0.004596718,0.006057579,0.0052768346,0.00695384,0.007450536,0.007450536,0.004596718,0.006057579,0.005653746,0.006057579,0.005653746,0,0
0.0048800847,0.005228657,0.0048800847,0.007909827,0.005602127,0.005228657,0.005602127,0.007382512,0.007382512,0.007909827,0.0060022734,0.005228657,0.0048800847,0.007909827,0.007382512,0.005602127,0.006431001,0.005228657,0.007909827,0.0048800847,0.005602127,0.007382512,0.0060022734,0.006431001,0.006431001,0.005228657,0.005602127,0.006431001,0.006431001,0.0048800847,0.0060022734,0.0060022734,0.0060022734,0.0060022734,0.007909827,0.0060022734,0.0060022734,0.0048800847,0.006431001,0.006431001,0.0048800847,0.0068903514,0.0068903514,0.005602127,0.007909827,0.007909827,0.006431001,0.006431001,0.007909827,0.006431001,0.0068903514,0.005228657,0.006431001,0.007909827,0.005602127,0.005228657,0.006431001,0.0048800847,0.007909827,0.005228657,0.007382512,0.005228657,0.0060022734,0.006431001,0.006431001,0.005228657,0.006431001,0.005228657,0.007382512,0.0048800847,0.0068903514,0.0048800847,0.005602127,0.005228657,0.007909827,0.0048800847,0.005602127,0.0048800847,0.006431001,0.005228657,0.0048800847,0.0048800847,0.007909827,0.007909827,0.007909827,0.0048800847,0.005228657,0.0068903514,0.007909827,0.0060022734,0.0060022734,0.006431001,0.0048800847,0.007909827,0.0068903514,0.0060022734,0.0048800847,0.005602127,0.006431001,0.007909827,0.007382512,0.007909827,0.0048800847,0.005602127,0.005602127,0.0048800847,0.005602127,0.0048800847,0.007909827,0.006431001,0.0060022734,0.0060022734,0.005228657,0.007382512,0.0068903514,0.0060022734,0.0068903514,0.0068903514,0.006431001,0.0048800847,0.005602127,0.005228657,0.007909827,0.007909827,0.0068903514,0.0048800847,0.007909827,0.0068903514,0.007909827,0.007382512,0.0048800847,0.005602127,0.007382512,0.007382512,0.0048800847,0.005602127,0.0048800847,0.005228657,0.006431001,0.0060022734,0.005602127,0.005228657,0.006431001,0.007382512,0.006431001,0.005228657,0.007909827,0.007909827,0.007909827,0.007909827,0.0068903514,0.005602127,0.0068903514,0.007382512,0.005602127,0.007382512,0.005228657,0.0048800847,0.006431001,0.005228657,3,3
0.0048465985,0.005192779,0.007855551,0.007855551,0.0048465985,0.005192779,0.007855551,0.006843071,0.007855551,0.007855551,0.005563686,0.005563686,0.0063868724,0.0048465985,0.007855551,0.005192779,0.0063868724,0.0063868724,0.007855551,0.0048465985,0.005563686,0.007331855,0.0063868724,0.005961087,0.0048465985,0.006843071,0.007331855,0.0063868724,0.005563686,0.007331855,0.006843071,0.005961087,0.005961087,0.007331855,0.007855551,0.005192779,0.005563686,0.006843071,0.0048465985,0.005563686,0.005192779,0.006843071,0.007855551,0.005563686,0.007855551,0.005563686,0.005563686,0.007855551,0.005563686,0.007855551,0.005563686,0.005961087,0.0063868724,0.0048465985,0.005563686,0.0048465985,0.0048465985,0.007855551,0.0063868724,0.007331855,0.0063868724,0.005192779,0.007331855,0.0048465985,0.007855551,0.005961087,0.005961087,0.0048465985,0.005563686,0.007331855,0.005192779,0.005961087,0.005563686,0.005563686,0.007855551,0.0048465985,0.005192779,0.007855551,0.005563686,0.005563686,0.005192779,0.007331855,0.007855551,0.007855551,0.007855551,0.0048465985,0.005563686,0.007331855,0.007855551,0.005961087,0.006843071,0.006843071,0.007855551,0.0048465985,0.007855551,0.005192779,0.0048465985,0.006843071,0.005961087,0.007855551,0.006843071,0.0063868724,0.007331855,0.0048465985,0.007331855,0.0048465985,0.005563686,0.0048465985,0.0048465985,0.007855551,0.0048465985,0.0048465985,0.005563686,0.005192779,0.007331855,0.005961087,0.005961087,0.007855551,0.0048465985,0.005192779,0.0048465985,0.005192779,0.007855551,0.007855551,0.005961087,0.005563686,0.006843071,0.006843071,0.007855551,0.0063868724,0.0063868724,0.005563686,0.007331855,0.007331855,0.005192779,0.005563686,0.005563686,0.005563686,0.007855551,0.005563686,0.005563686,0.005961087,0.005961087,0.005563686,0.0063868724,0.005192779,0.007855551,0.007855551,0.007855551,0.007331855,0.005192779,0.005563686,0.006843071,0.007331855,0.0048465985,0.005961087,0.005961087,0.0063868724,0.005192779,0.0048465985,2,4
0.004833002,0.0051782117,0.0059443647,0.007833514,0.004833002,0.0051782117,0.0059443647,0.0068238745,0.0063689556,0.007833514,0.0055480786,0.0059443647,0.0063689556,0.004833002,0.007833514,0.004833002,0.004833002,0.0063689556,0.007833514,0.0055480786,0.007833514,0.0073112873,0.0051782117,0.0068238745,0.004833002,0.0059443647,0.0055480786,0.0055480786,0.0063689556,0.0055480786,0.0068238745,0.0068238745,0.0073112873,0.0063689556,0.0063689556,0.0055480786,0.0051782117,0.0059443647,0.004833002,0.0055480786,0.0051782117,0.0073112873,0.007833514,0.0059443647,0.007833514,0.0055480786,0.0055480786,0.007833514,0.007833514,0.0059443647,0.0059443647,0.004833002,0.0063689556,0.0051782117,0.007833514,0.0059443647,0.0051782117,0.007833514,0.0055480786,0.0068238745,0.0063689556,0.0051782117,0.0068238745,0.004833002,0.007833514,0.0051782117,0.0055480786,0.0055480786,0.0068238745,0.0055480786,0.0059443647,0.007833514,0.0051782117,0.0051782117,0.007833514,0.004833002,0.0051782117,0.0068238745,0.0055480786,0.0055480786,0.004833002,0.0055480786,0.007833514,0.007833514,0.007833514,0.004833002,0.0055480786,0.0063689556,0.007833514,0.0059443647,0.0063689556,0.0068238745,0.0068238745,0.004833002,0.007833514,0.0059443647,0.004833002,0.007833514,0.0059443647,0.0073112873,0.007833514,0.007833514,0.0073112873,0.0059443647,0.0059443647,0.004833002,0.0055480786,0.0068238745,0.004833002,0.007833514,0.0063689556,0.0068238745,0.0059443647,0.007833514,0.0073112873,0.0059443647,0.0068238745,0.007833514,0.0063689556,0.0055480786,0.0051782117,0.0051782117,0.007833514,0.007833514,0.0051782117,0.0063689556,0.007833514,0.0063689556,0.0073112873,0.0063689556,0.0051782117,0.0055480786,0.0073112873,0.0073112873,0.004833002,0.0059443647,0.0055480786,0.0055480786,0.0063689556,0.0059443647,0.0055480786,0.0068238745,0.0059443647,0.0055480786,0.0059443647,0.0051782117,0.007833514,0.007833514,0.007833514,0.0051782117,0.0051782117,0.0055480786,0.0068238745,0.0073112873,0.0055480786,0.007833514,0.0051782117,0.0063689556,0.0059443647,0.004833002,3,2
0.005308831,0.00609431,0.0049549136,0.008031113,0.005308831,0.005308831,0.008031113,0.0069960053,0.007495713,0.008031113,0.0056880275,0.005308831,0.0049549136,0.008031113,0.006529611,0.005308831,0.006529611,0.006529611,0.008031113,0.0049549136,0.0049549136,0.005308831,0.006529611,0.006529611,0.0049549136,0.006529611,0.0056880275,0.006529611,0.0069960053,0.0069960053,0.008031113,0.00609431,0.0049549136,0.0069960053,0.008031113,0.0056880275,0.006529611,0.0049549136,0.008031113,0.0056880275,0.005308831,0.0069960053,0.008031113,0.00609431,0.008031113,0.00609431,0.006529611,0.0049549136,0.008031113,0.0069960053,0.006529611,0.0049549136,0.0049549136,0.008031113,0.0056880275,0.0049549136,0.006529611,0.0049549136,0.008031113,0.005308831,0.0069960053,0.00609431,0.005308831,0.008031113,0.0056880275,0.005308831,0.006529611,0.005308831,0.008031113,0.0049549136,0.0049549136,0.006529611,0.0056880275,0.0056880275,0.0069960053,0.0049549136,0.005308831,0.0049549136,0.008031113,0.0049549136,0.0049549136,0.005308831,0.008031113,0.008031113,0.006529611,0.0049549136,0.0049549136,0.006529611,0.008031113,0.0049549136,0.00609431,0.0049549136,0.0049549136,0.008031113,0.0049549136,0.0049549136,0.0049549136,0.0049549136,0.007495713,0.0069960053,0.006529611,0.006529611,0.0049549136,0.0056880275,0.006529611,0.005308831,0.0056880275,0.0049549136,0.008031113,0.0056880275,0.006529611,0.006529611,0.005308831,0.0069960053,0.007495713,0.00609431,0.00609431,0.0049549136,0.00609431,0.0049549136,0.0049549136,0.005308831,0.0049549136,0.008031113,0.006529611,0.005308831,0.008031113,0.006529611,0.008031113,0.007495713,0.006529611,0.00609431,0.007495713,0.007495713,0.005308831,0.0056880275,0.005308831,0.005308831,0.007495713,0.0056880275,0.0056880275,0.0069960053,0.006529611,0.008031113,0.0056880275,0.005308831,0.008031113,0.008031113,0.008031113,0.008031113,0.005308831,0.0056880275,0.0069960053,0.007495713,0.005308831,0.006529611,0.0056880275,0.005308831,0.0056880275,0.0056880275,3,3
0.006227863,0.0076599773,0.0076599773,0.0076599773,0.005063498,0.0076599773,0.0076599773,0.007149319,0.0076599773,0.0076599773,0.007149319,0.006672704,0.004725936,0.004725936,0.005425171,0.004725936,0.007149319,0.006227863,0.0076599773,0.004725936,0.006672704,0.007149319,0.006227863,0.006672704,0.004725936,0.005425171,0.005812678,0.005063498,0.005812678,0.004725936,0.004725936,0.005812678,0.0076599773,0.006672704,0.004725936,0.006672704,0.006227863,0.006227863,0.004725936,0.007149319,0.005063498,0.005812678,0.0076599773,0.007149319,0.005425171,0.0076599773,0.006672704,0.007149319,0.0076599773,0.005812678,0.007149319,0.0076599773,0.006672704,0.0076599773,0.005425171,0.0076599773,0.006672704,0.0076599773,0.0076599773,0.007149319,0.004725936,0.005812678,0.006672704,0.005812678,0.005425171,0.006227863,0.006227863,0.004725936,0.005812678,0.007149319,0.004725936,0.0076599773,0.004725936,0.005063498,0.004725936,0.0076599773,0.005812678,0.0076599773,0.0076599773,0.006227863,0.006227863,0.004725936,0.004725936,0.004725936,0.006227863,0.006672704,0.0076599773,0.0076599773,0.005812678,0.0076599773,0.006672704,0.006672704,0.0076599773,0.004725936,0.0076599773,0.0076599773,0.0076599773,0.004725936,0.006227863,0.004725936,0.005425171,0.0076599773,0.006672704,0.005063498,0.007149319,0.004725936,0.006227863,0.005812678,0.004725936,0.005425171,0.006672704,0.0076599773,0.005063498,0.0076599773,0.006672704,0.004725936,0.006672704,0.0076599773,0.0076599773,0.005425171,0.0076599773,0.007149319,0.0076599773,0.0076599773,0.006227863,0.0076599773,0.006672704,0.004725936,0.004725936,0.006672704,0.005063498,0.005425171,0.006672704,0.007149319,0.005063498,0.005425171,0.004725936,0.004725936,0.006227863,0.005425171,0.005812678,0.006672704,0.005812678,0.004725936,0.006227863,0.005063498,0.0076599773,0.005063498,0.005425171,0.004725936,0.004725936,0.005425171,0.0076599773,0.0076599773,0.006672704,0.004725936,0.005812678,0.006672704,0.006672704,0.004725936,1,1
0.004840836,0.005186605,0.0059539992,0.007846211,0.004840836,0.0063792784,0.007846211,0.0068349345,0.007846211,0.007846211,0.0059539992,0.0059539992,0.0059539992,0.004840836,0.007846211,0.007846211,0.0068349345,0.005186605,0.007846211,0.005186605,0.0073231375,0.0073231375,0.0059539992,0.005186605,0.004840836,0.0068349345,0.005557071,0.0063792784,0.004840836,0.007846211,0.0073231375,0.0059539992,0.0063792784,0.0073231375,0.007846211,0.0073231375,0.005557071,0.0063792784,0.004840836,0.0059539992,0.004840836,0.0063792784,0.007846211,0.0059539992,0.007846211,0.004840836,0.005557071,0.0059539992,0.004840836,0.0073231375,0.005557071,0.005557071,0.0063792784,0.004840836,0.007846211,0.004840836,0.004840836,0.007846211,0.0059539992,0.007846211,0.0073231375,0.0059539992,0.0068349345,0.004840836,0.007846211,0.0059539992,0.005557071,0.004840836,0.005186605,0.0068349345,0.0063792784,0.0063792784,0.005557071,0.005557071,0.0073231375,0.0063792784,0.005186605,0.0068349345,0.004840836,0.0059539992,0.004840836,0.0068349345,0.0073231375,0.007846211,0.007846211,0.004840836,0.005186605,0.005186605,0.0063792784,0.0059539992,0.0063792784,0.0063792784,0.0068349345,0.004840836,0.007846211,0.004840836,0.004840836,0.005557071,0.0063792784,0.007846211,0.0059539992,0.0063792784,0.005186605,0.004840836,0.0073231375,0.004840836,0.005557071,0.004840836,0.004840836,0.007846211,0.0073231375,0.007846211,0.004840836,0.007846211,0.0068349345,0.005557071,0.0068349345,0.0063792784,0.005557071,0.004840836,0.005186605,0.005186605,0.0068349345,0.007846211,0.0068349345,0.005557071,0.0068349345,0.0068349345,0.007846211,0.0063792784,0.0073231375,0.0059539992,0.0073231375,0.0073231375,0.005557071,0.0059539992,0.004840836,0.004840836,0.0068349345,0.005557071,0.005557071,0.0059539992,0.0063792784,0.005557071,0.0063792784,0.005557071,0.007846211,0.007846211,0.007846211,0.0073231375,0.0059539992,0.005557071,0.0063792784,0.0068349345,0.0063792784,0.0063792784,0.0059539992,0.0073231375,0.005557071,0.004840836,3,4
0.005839577,0.0054502767,0.007695425,0.007695425,0.004747806,0.00508693,0.0062566833,0.0067035826,0.007695425,0.007695425,0.0054502767,0.0054502767,0.004747806,0.0071824035,0.005839577,0.0071824035,0.0054502767,0.00508693,0.007695425,0.004747806,0.0062566833,0.005839577,0.005839577,0.005839577,0.005839577,0.007695425,0.0054502767,0.0054502767,0.00508693,0.0054502767,0.007695425,0.0062566833,0.005839577,0.0062566833,0.007695425,0.0071824035,0.00508693,0.007695425,0.004747806,0.0067035826,0.004747806,0.0062566833,0.0067035826,0.0054502767,0.007695425,0.0071824035,0.00508693,0.007695425,0.007695425,0.0054502767,0.0071824035,0.004747806,0.0062566833,0.007695425,0.0054502767,0.004747806,0.004747806,0.007695425,0.0062566833,0.0062566833,0.007695425,0.00508693,0.004747806,0.0062566833,0.0067035826,0.0067035826,0.005839577,0.004747806,0.007695425,0.0062566833,0.004747806,0.0054502767,0.0054502767,0.0054502767,0.007695425,0.005839577,0.0054502767,0.0071824035,0.007695425,0.005839577,0.007695425,0.00508693,0.007695425,0.007695425,0.0067035826,0.0067035826,0.0062566833,0.007695425,0.0067035826,0.00508693,0.0067035826,0.004747806,0.004747806,0.0062566833,0.00508693,0.005839577,0.004747806,0.0067035826,0.0071824035,0.0067035826,0.0071824035,0.0067035826,0.005839577,0.004747806,0.0067035826,0.0054502767,0.0054502767,0.0071824035,0.0062566833,0.007695425,0.0071824035,0.0062566833,0.0054502767,0.007695425,0.0067035826,0.005839577,0.0067035826,0.007695425,0.005839577,0.00508693,0.0067035826,0.00508693,0.007695425,0.007695425,0.0067035826,0.004747806,0.0071824035,0.0067035826,0.007695425,0.0067035826,0.0067035826,0.0054502767,0.0071824035,0.0071824035,0.0054502767,0.0054502767,0.00508693,0.004747806,0.0062566833,0.0054502767,0.007695425,0.005839577,0.0067035826,0.005839577,0.005839577,0.0054502767,0.007695425,0.007695425,0.007695425,0.0071824035,0.005839577,0.0054502767,0.0062566833,0.0067035826,0.004747806,0.0067035826,0.005839577,0.0062566833,0.00508693,0.004747806,2,2
0.0056505096,0.0074462714,0.006054112,0.006054112,0.00694986,0.006486542,0.006486542,0.0049222317,0.0052738143,0.00797814,0.0074462714,0.006486542,0.0052738143,0.0052738143,0.00694986,0.00694986,0.0074462714,0.0049222317,0.0049222317,0.0052738143,0.006486542,0.0074462714,0.0052738143,0.0049222317,0.00694986,0.00797814,0.0056505096,0.0056505096,0.0049222317,0.00797814,0.00797814,0.0056505096,0.0049222317,0.00694986,0.00797814,0.006054112,0.006486542,0.00694986,0.006054112,0.0074462714,0.0049222317,0.0049222317,0.006054112,0.0056505096,0.0074462714,0.00797814,0.006054112,0.0049222317,0.0049222317,0.006486542,0.00797814,0.006054112,0.0052738143,0.0049222317,0.00797814,0.0049222317,0.006486542,0.0052738143,0.0049222317,0.0056505096,0.00797814,0.006054112,0.006486542,0.0049222317,0.00797814,0.0052738143,0.006054112,0.0056505096,0.0052738143,0.0074462714,0.00797814,0.00797814,0.0052738143,0.0056505096,0.006486542,0.00797814,0.006486542,0.0049222317,0.0049222317,0.0049222317,0.0052738143,0.00694986,0.0056505096,0.006054112,0.00797814,0.0049222317,0.0049222317,0.0052738143,0.0074462714,0.006054112,0.006054112,0.00694986,0.0049222317,0.00797814,0.00797814,0.00694986,0.0049222317,0.006054112,0.0049222317,0.00797814,0.0074462714,0.006486542,0.006486542,0.0052738143,0.00694986,0.00797814,0.00694986,0.006486542,0.0049222317,0.00797814,0.00797814,0.00797814,0.006486542,0.006054112,0.00694986,0.00797814,0.00694986,0.0049222317,0.0052738143,0.0049222317,0.0049222317,0.0052738143,0.0049222317,0.0049222317,0.0052738143,0.0049222317,0.00797814,0.0049222317,0.0052738143,0.00797814,0.00797814,0.0056505096,0.00694986,0.006486542,0.0074462714,0.0074462714,0.006054112,0.0074462714,0.0049222317,0.00797814,0.00694986,0.00694986,0.0056505096,0.006054112,0.0056505096,0.0056505096,0.00797814,0.0049222317,0.0049222317,0.0052738143,0.006054112,0.0056505096,0.0049222317,0.0049222317,0.00797814,0.00797814,0.006054112,0.0049222317,0.0056505096,0.0049222317,9,0
0.0071175294,0.007625917,0.007625917,0.005401048,0.005040983,0.005401048,0.007625917,0.0066430336,0.007625917,0.007625917,0.0066430336,0.0062001706,0.005040983,0.0066430336,0.007625917,0.0071175294,0.0062001706,0.005786832,0.007625917,0.005401048,0.0071175294,0.0071175294,0.004704922,0.005040983,0.004704922,0.0071175294,0.005401048,0.0062001706,0.005040983,0.007625917,0.007625917,0.005401048,0.004704922,0.0066430336,0.007625917,0.005786832,0.005401048,0.0062001706,0.0062001706,0.0071175294,0.004704922,0.005786832,0.007625917,0.0066430336,0.007625917,0.007625917,0.0062001706,0.004704922,0.0066430336,0.0062001706,0.0062001706,0.0071175294,0.0066430336,0.0062001706,0.0071175294,0.004704922,0.0062001706,0.005401048,0.004704922,0.004704922,0.007625917,0.0071175294,0.005786832,0.005401048,0.0066430336,0.005040983,0.005401048,0.005401048,0.007625917,0.0062001706,0.0071175294,0.007625917,0.005401048,0.005401048,0.0062001706,0.005040983,0.005786832,0.004704922,0.007625917,0.005040983,0.005786832,0.0066430336,0.007625917,0.007625917,0.0066430336,0.004704922,0.004704922,0.005040983,0.0066430336,0.005786832,0.005786832,0.0066430336,0.004704922,0.007625917,0.007625917,0.0066430336,0.004704922,0.0066430336,0.004704922,0.007625917,0.007625917,0.0071175294,0.005786832,0.005040983,0.0071175294,0.007625917,0.0062001706,0.004704922,0.007625917,0.007625917,0.007625917,0.007625917,0.005786832,0.004704922,0.0062001706,0.0066430336,0.0062001706,0.004704922,0.005401048,0.004704922,0.0071175294,0.005040983,0.004704922,0.0066430336,0.004704922,0.0066430336,0.0066430336,0.005786832,0.005401048,0.0062001706,0.0062001706,0.0062001706,0.0066430336,0.0071175294,0.005401048,0.007625917,0.0062001706,0.007625917,0.0062001706,0.0066430336,0.007625917,0.0066430336,0.005786832,0.005786832,0.005401048,0.0062001706,0.007625917,0.007625917,0.007625917,0.005786832,0.005786832,0.005401048,0.0062001706,0.0066430336,0.0071175294,0.007625917,0.0062001706,0.004704922,0.005040983,0.004704922,1,0
0.0076098973,0.0076098973,0.0076098973,0.0076098973,0.0057746754,0.0076098973,0.0066290786,0.0071025775,0.0076098973,0.0076098973,0.0071025775,0.0066290786,0.0046950383,0.0046950383,0.005389702,0.0066290786,0.0071025775,0.0057746754,0.0071025775,0.0046950383,0.0057746754,0.0071025775,0.006187146,0.006187146,0.0046950383,0.0050303936,0.005389702,0.006187146,0.0066290786,0.0050303936,0.0046950383,0.006187146,0.0076098973,0.0066290786,0.0046950383,0.0066290786,0.006187146,0.0057746754,0.0046950383,0.0071025775,0.0046950383,0.0076098973,0.0076098973,0.0076098973,0.0076098973,0.0076098973,0.006187146,0.0076098973,0.0076098973,0.006187146,0.005389702,0.0076098973,0.0076098973,0.0076098973,0.0046950383,0.0076098973,0.0066290786,0.0076098973,0.0076098973,0.006187146,0.0046950383,0.0057746754,0.0050303936,0.0046950383,0.0046950383,0.0050303936,0.006187146,0.0046950383,0.005389702,0.0057746754,0.0046950383,0.0076098973,0.0046950383,0.0050303936,0.0046950383,0.0076098973,0.006187146,0.0076098973,0.0076098973,0.0071025775,0.0076098973,0.0076098973,0.0046950383,0.0046950383,0.0057746754,0.0046950383,0.0076098973,0.0076098973,0.0057746754,0.0046950383,0.0076098973,0.0066290786,0.0076098973,0.0046950383,0.0076098973,0.0076098973,0.0076098973,0.0046950383,0.006187146,0.0046950383,0.0050303936,0.0076098973,0.0066290786,0.0050303936,0.005389702,0.0046950383,0.006187146,0.006187146,0.0046950383,0.0046950383,0.0076098973,0.0076098973,0.0050303936,0.0076098973,0.0057746754,0.0046950383,0.0071025775,0.0076098973,0.0076098973,0.005389702,0.0076098973,0.0071025775,0.0076098973,0.0076098973,0.0057746754,0.0076098973,0.0071025775,0.0046950383,0.0046950383,0.006187146,0.0057746754,0.005389702,0.006187146,0.0071025775,0.0050303936,0.005389702,0.0050303936,0.0046950383,0.0066290786,0.005389702,0.0057746754,0.0066290786,0.0057746754,0.0046950383,0.0071025775,0.0050303936,0.0076098973,0.0071025775,0.0066290786,0.0046950383,0.0046950383,0.005389702,0.0076098973,0.0076098973,0.006187146,0.0046950383,0.0076098973,0.0076098973,0.0076098973,0.0046950383,0,1
0.0062419097,0.0071654436,0.007677254,0.007677254,0.004736595,0.0071654436,0.007677254,0.006687754,0.007677254,0.004736595,0.0062419097,0.005437407,0.004736595,0.004736595,0.004736595,0.0058257882,0.0062419097,0.0062419097,0.007677254,0.0058257882,0.0071654436,0.0071654436,0.004736595,0.005437407,0.004736595,0.005437407,0.0058257882,0.0062419097,0.005437407,0.0050749183,0.0062419097,0.0058257882,0.007677254,0.006687754,0.004736595,0.0058257882,0.005437407,0.006687754,0.004736595,0.007677254,0.004736595,0.007677254,0.007677254,0.007677254,0.0058257882,0.007677254,0.0071654436,0.007677254,0.007677254,0.007677254,0.005437407,0.007677254,0.0071654436,0.0071654436,0.004736595,0.007677254,0.006687754,0.007677254,0.007677254,0.0058257882,0.0071654436,0.005437407,0.0050749183,0.005437407,0.007677254,0.005437407,0.0062419097,0.004736595,0.005437407,0.006687754,0.006687754,0.0071654436,0.0050749183,0.005437407,0.004736595,0.007677254,0.0058257882,0.007677254,0.007677254,0.0058257882,0.007677254,0.004736595,0.004736595,0.004736595,0.004736595,0.0058257882,0.0071654436,0.007677254,0.0058257882,0.007677254,0.007677254,0.006687754,0.007677254,0.004736595,0.007677254,0.0071654436,0.007677254,0.004736595,0.0062419097,0.004736595,0.005437407,0.0071654436,0.006687754,0.005437407,0.0071654436,0.004736595,0.0062419097,0.0058257882,0.004736595,0.0050749183,0.0058257882,0.007677254,0.005437407,0.0058257882,0.0062419097,0.005437407,0.007677254,0.004736595,0.0058257882,0.005437407,0.0071654436,0.006687754,0.007677254,0.007677254,0.005437407,0.0062419097,0.006687754,0.0058257882,0.0062419097,0.0062419097,0.0071654436,0.005437407,0.0050749183,0.005437407,0.0071654436,0.0071654436,0.0050749183,0.004736595,0.0058257882,0.005437407,0.0050749183,0.006687754,0.0062419097,0.005437407,0.0062419097,0.005437407,0.007677254,0.007677254,0.007677254,0.004736595,0.004736595,0.0058257882,0.007677254,0.007677254,0.005437407,0.0062419097,0.0058257882,0.0071654436,0.006687754,0.004736595,2,1
0.0048911273,0.0056148036,0.006015856,0.007927726,0.0048911273,0.005240489,0.007927726,0.006905943,0.006905943,0.007927726,0.006445553,0.0056148036,0.006015856,0.006015856,0.007927726,0.006015856,0.0056148036,0.006905943,0.007927726,0.0056148036,0.007927726,0.007399218,0.0048911273,0.0048911273,0.0048911273,0.006905943,0.0056148036,0.005240489,0.005240489,0.006905943,0.006445553,0.006445553,0.0048911273,0.005240489,0.006905943,0.0056148036,0.0056148036,0.005240489,0.006445553,0.0056148036,0.0048911273,0.007927726,0.007927726,0.006015856,0.007927726,0.005240489,0.0056148036,0.007927726,0.006905943,0.006445553,0.0056148036,0.0056148036,0.006015856,0.006445553,0.007927726,0.005240489,0.005240489,0.007399218,0.006015856,0.005240489,0.006445553,0.006445553,0.006905943,0.005240489,0.006905943,0.005240489,0.006015856,0.0048911273,0.006445553,0.0056148036,0.0048911273,0.007927726,0.0056148036,0.005240489,0.006445553,0.0048911273,0.006015856,0.006905943,0.006015856,0.0056148036,0.005240489,0.006905943,0.007927726,0.007927726,0.006445553,0.0048911273,0.0056148036,0.006905943,0.006905943,0.006015856,0.006445553,0.006445553,0.0056148036,0.0048911273,0.007927726,0.006015856,0.0048911273,0.0056148036,0.006015856,0.007927726,0.007927726,0.007927726,0.006905943,0.005240489,0.006015856,0.0048911273,0.0056148036,0.0048911273,0.0048911273,0.007927726,0.007399218,0.007927726,0.0048911273,0.007927726,0.006905943,0.006015856,0.006905943,0.006905943,0.006905943,0.0048911273,0.0048911273,0.005240489,0.007927726,0.007927726,0.005240489,0.007399218,0.007399218,0.006015856,0.006905943,0.006445553,0.0048911273,0.0056148036,0.007399218,0.007399218,0.0048911273,0.006905943,0.006015856,0.005240489,0.006445553,0.006015856,0.0056148036,0.006015856,0.006015856,0.0056148036,0.006015856,0.005240489,0.007927726,0.007927726,0.007927726,0.005240489,0.0048911273,0.0056148036,0.006445553,0.006905943,0.005240489,0.006015856,0.007399218,0.006445553,0.006905943,0.0048911273,3,3
0.0049380674,0.0049380674,0.0049380674,0.008003808,0.0049380674,0.005290781,0.0049380674,0.006972219,0.007470228,0.008003808,0.0060735894,0.0065074107,0.0049380674,0.0049380674,0.008003808,0.0065074107,0.007470228,0.005290781,0.008003808,0.0049380674,0.0056686886,0.006972219,0.0056686886,0.0065074107,0.0049380674,0.007470228,0.0060735894,0.0060735894,0.0049380674,0.008003808,0.006972219,0.0065074107,0.0049380674,0.005290781,0.008003808,0.0065074107,0.0056686886,0.0065074107,0.0049380674,0.006972219,0.0049380674,0.0065074107,0.007470228,0.0060735894,0.008003808,0.0049380674,0.005290781,0.0049380674,0.0049380674,0.008003808,0.0060735894,0.0065074107,0.0056686886,0.0060735894,0.0060735894,0.0049380674,0.0049380674,0.008003808,0.0049380674,0.008003808,0.006972219,0.0060735894,0.0065074107,0.0056686886,0.008003808,0.0065074107,0.0060735894,0.0049380674,0.0049380674,0.0065074107,0.0049380674,0.0065074107,0.005290781,0.005290781,0.008003808,0.006972219,0.005290781,0.006972219,0.0049380674,0.0065074107,0.0049380674,0.0060735894,0.008003808,0.008003808,0.008003808,0.005290781,0.005290781,0.0049380674,0.0056686886,0.008003808,0.0060735894,0.0065074107,0.008003808,0.0049380674,0.008003808,0.0060735894,0.0049380674,0.0056686886,0.0049380674,0.008003808,0.0060735894,0.0065074107,0.0049380674,0.0049380674,0.008003808,0.005290781,0.0060735894,0.0049380674,0.0049380674,0.007470228,0.005290781,0.0060735894,0.0049380674,0.007470228,0.007470228,0.0060735894,0.006972219,0.0056686886,0.0060735894,0.005290781,0.005290781,0.005290781,0.006972219,0.008003808,0.0065074107,0.0049380674,0.008003808,0.006972219,0.008003808,0.006972219,0.008003808,0.0060735894,0.0065074107,0.007470228,0.006972219,0.0065074107,0.005290781,0.006972219,0.0065074107,0.0060735894,0.0049380674,0.005290781,0.006972219,0.005290781,0.006972219,0.0056686886,0.006972219,0.008003808,0.008003808,0.008003808,0.0060735894,0.0056686886,0.0065074107,0.006972219,0.0056686886,0.0060735894,0.0056686886,0.0065074107,0.0056686886,0.0049380674,3,4
0.007601413,0.007601413,0.007601413,0.007601413,0.0053836927,0.0066216877,0.007601413,0.007094659,0.007601413,0.007601413,0.0061802478,0.0061802478,0.004689804,0.004689804,0.004689804,0.0066216877,0.007094659,0.005768237,0.007601413,0.005024785,0.0066216877,0.007094659,0.0061802478,0.0061802478,0.004689804,0.005024785,0.0053836927,0.0061802478,0.0066216877,0.0053836927,0.004689804,0.0061802478,0.007601413,0.0066216877,0.004689804,0.0066216877,0.0061802478,0.005768237,0.004689804,0.007601413,0.0053836927,0.0066216877,0.007601413,0.007601413,0.004689804,0.007601413,0.0066216877,0.007601413,0.007601413,0.007094659,0.0053836927,0.007601413,0.007601413,0.007601413,0.004689804,0.007601413,0.0066216877,0.007601413,0.007601413,0.0061802478,0.004689804,0.007094659,0.004689804,0.004689804,0.004689804,0.005024785,0.0061802478,0.004689804,0.0053836927,0.005768237,0.004689804,0.007601413,0.004689804,0.0053836927,0.004689804,0.007601413,0.005768237,0.007601413,0.007601413,0.007601413,0.007601413,0.005768237,0.004689804,0.004689804,0.0061802478,0.004689804,0.007601413,0.007601413,0.005768237,0.004689804,0.007601413,0.0066216877,0.007601413,0.004689804,0.007601413,0.007601413,0.007601413,0.004689804,0.0061802478,0.004689804,0.005024785,0.007601413,0.0066216877,0.005024785,0.005768237,0.004689804,0.0061802478,0.0061802478,0.004689804,0.004689804,0.007094659,0.007601413,0.0053836927,0.007601413,0.0061802478,0.005768237,0.0061802478,0.007601413,0.007094659,0.004689804,0.007601413,0.007094659,0.007601413,0.007601413,0.005768237,0.007601413,0.007094659,0.004689804,0.004689804,0.0061802478,0.0066216877,0.0053836927,0.0066216877,0.007094659,0.005024785,0.0053836927,0.004689804,0.004689804,0.007094659,0.0053836927,0.005768237,0.0066216877,0.005768237,0.004689804,0.0066216877,0.005768237,0.007601413,0.007601413,0.007601413,0.004689804,0.004689804,0.0053836927,0.007601413,0.007601413,0.0061802478,0.0061802478,0.0066216877,0.007601413,0.007094659,0.004689804,0,1
0.006632658,0.0076140063,0.0076140063,0.0076140063,0.0057777935,0.0076140063,0.0076140063,0.0057777935,0.006632658,0.0046975734,0.0057777935,0.006632658,0.0046975734,0.0046975734,0.0046975734,0.0061904867,0.0071064127,0.006632658,0.0076140063,0.0061904867,0.0071064127,0.0071064127,0.0061904867,0.0061904867,0.0046975734,0.0046975734,0.005392612,0.0061904867,0.0061904867,0.0046975734,0.0046975734,0.0061904867,0.0076140063,0.006632658,0.0046975734,0.0071064127,0.0061904867,0.0057777935,0.0046975734,0.0076140063,0.0057777935,0.0076140063,0.0076140063,0.0076140063,0.0046975734,0.0076140063,0.006632658,0.0076140063,0.0076140063,0.006632658,0.005392612,0.0076140063,0.0076140063,0.0076140063,0.0046975734,0.0076140063,0.006632658,0.0076140063,0.0076140063,0.0061904867,0.0046975734,0.0071064127,0.0046975734,0.0046975734,0.00503311,0.0061904867,0.0061904867,0.00503311,0.0057777935,0.005392612,0.005392612,0.0076140063,0.0046975734,0.00503311,0.0046975734,0.0071064127,0.0061904867,0.0076140063,0.0076140063,0.0076140063,0.0076140063,0.005392612,0.0046975734,0.0046975734,0.0046975734,0.0046975734,0.0076140063,0.0076140063,0.0057777935,0.0046975734,0.0076140063,0.006632658,0.0076140063,0.0046975734,0.0076140063,0.0076140063,0.0076140063,0.0046975734,0.0061904867,0.0046975734,0.005392612,0.0076140063,0.006632658,0.00503311,0.0046975734,0.0046975734,0.0061904867,0.005392612,0.0046975734,0.00503311,0.0071064127,0.0076140063,0.005392612,0.0076140063,0.0061904867,0.005392612,0.006632658,0.0076140063,0.0076140063,0.0046975734,0.0076140063,0.0071064127,0.0076140063,0.0076140063,0.0076140063,0.0076140063,0.0071064127,0.0046975734,0.0046975734,0.006632658,0.005392612,0.005392612,0.0061904867,0.0071064127,0.0057777935,0.0057777935,0.00503311,0.0046975734,0.0061904867,0.005392612,0.005392612,0.006632658,0.0057777935,0.0046975734,0.006632658,0.006632658,0.0076140063,0.0076140063,0.0076140063,0.0046975734,0.0046975734,0.005392612,0.0076140063,0.0076140063,0.006632658,0.0057777935,0.006632658,0.0076140063,0.0071064127,0.0046975734,1,1
0.006170402,0.0066111386,0.007589303,0.007589303,0.0046823323,0.005759048,0.0066111386,0.0070833564,0.007589303,0.007589303,0.007589303,0.006170402,0.0046823323,0.0046823323,0.0046823323,0.006170402,0.0070833564,0.005759048,0.0070833564,0.0046823323,0.0070833564,0.0070833564,0.006170402,0.006170402,0.00501678,0.0046823323,0.005375116,0.006170402,0.0066111386,0.0046823323,0.0046823323,0.005759048,0.007589303,0.0066111386,0.0046823323,0.0066111386,0.006170402,0.005759048,0.00501678,0.007589303,0.0046823323,0.007589303,0.007589303,0.007589303,0.007589303,0.0070833564,0.006170402,0.007589303,0.007589303,0.006170402,0.005375116,0.007589303,0.007589303,0.007589303,0.0046823323,0.007589303,0.0066111386,0.007589303,0.007589303,0.006170402,0.0046823323,0.005759048,0.005375116,0.00501678,0.005375116,0.00501678,0.006170402,0.0046823323,0.005375116,0.005759048,0.00501678,0.007589303,0.00501678,0.005375116,0.0046823323,0.007589303,0.005759048,0.007589303,0.007589303,0.007589303,0.007589303,0.005375116,0.0046823323,0.0046823323,0.005375116,0.00501678,0.007589303,0.007589303,0.005759048,0.007589303,0.0070833564,0.0066111386,0.007589303,0.0046823323,0.007589303,0.007589303,0.007589303,0.0046823323,0.006170402,0.0046823323,0.00501678,0.007589303,0.0066111386,0.00501678,0.0070833564,0.0046823323,0.006170402,0.006170402,0.0046823323,0.0046823323,0.0070833564,0.007589303,0.00501678,0.007589303,0.005759048,0.0046823323,0.0066111386,0.007589303,0.007589303,0.006170402,0.007589303,0.0070833564,0.007589303,0.007589303,0.00501678,0.007589303,0.0070833564,0.0046823323,0.0046823323,0.006170402,0.0070833564,0.005375116,0.006170402,0.0070833564,0.005759048,0.005759048,0.00501678,0.0046823323,0.0070833564,0.005375116,0.005759048,0.0066111386,0.005759048,0.0046823323,0.0066111386,0.005375116,0.007589303,0.0070833564,0.0066111386,0.0046823323,0.0046823323,0.005375116,0.007589303,0.007589303,0.006170402,0.0046823323,0.007589303,0.007589303,0.007589303,0.0066111386,2,3
0.006971689,0.0074696597,0.0074696597,0.0074696597,0.0046085166,0.006971689,0.0074696597,0.0065069157,0.0074696597,0.0046085166,0.0074696597,0.0065069157,0.0046085166,0.0046085166,0.0046085166,0.0074696597,0.0060731275,0.005290379,0.0074696597,0.005668258,0.006971689,0.006971689,0.005290379,0.0049376916,0.0046085166,0.0074696597,0.005290379,0.0049376916,0.0049376916,0.0074696597,0.0074696597,0.005668258,0.0074696597,0.005668258,0.0046085166,0.0074696597,0.005668258,0.005668258,0.0046085166,0.0074696597,0.0074696597,0.006971689,0.0074696597,0.006971689,0.0046085166,0.0074696597,0.0065069157,0.0074696597,0.0074696597,0.0074696597,0.0074696597,0.0074696597,0.0060731275,0.0074696597,0.0065069157,0.0074696597,0.0065069157,0.0074696597,0.0074696597,0.0060731275,0.0074696597,0.0049376916,0.0046085166,0.0049376916,0.0074696597,0.0060731275,0.0060731275,0.0049376916,0.005668258,0.0060731275,0.0065069157,0.0074696597,0.0046085166,0.005290379,0.0046085166,0.0074696597,0.005290379,0.006971689,0.006971689,0.006971689,0.0074696597,0.0049376916,0.0046085166,0.0046085166,0.0046085166,0.0074696597,0.0065069157,0.0074696597,0.005290379,0.0074696597,0.0074696597,0.0065069157,0.0074696597,0.0046085166,0.0074696597,0.0074696597,0.0074696597,0.0046085166,0.005290379,0.0046085166,0.005290379,0.0060731275,0.0065069157,0.005668258,0.0065069157,0.0046085166,0.005290379,0.005290379,0.0046085166,0.006971689,0.006971689,0.0074696597,0.005290379,0.0074696597,0.0065069157,0.0060731275,0.006971689,0.006971689,0.0074696597,0.0046085166,0.006971689,0.0065069157,0.0074696597,0.0074696597,0.0060731275,0.006971689,0.0060731275,0.0049376916,0.0049376916,0.0060731275,0.0074696597,0.005290379,0.0065069157,0.006971689,0.006971689,0.0074696597,0.0049376916,0.0046085166,0.005668258,0.005290379,0.005668258,0.0065069157,0.0049376916,0.0046085166,0.005668258,0.0065069157,0.0074696597,0.0074696597,0.0074696597,0.0046085166,0.005668258,0.005290379,0.0074696597,0.0074696597,0.0065069157,0.0074696597,0.0049376916,0.005290379,0.005290379,0.005290379,1,0
0.0060905875,0.007491135,0.007491135,0.007491135,0.0046217665,0.006991733,0.007491135,0.006525623,0.007491135,0.0046217665,0.0060905875,0.0060905875,0.0046217665,0.0046217665,0.0046217665,0.007491135,0.0060905875,0.0053055887,0.007491135,0.005684554,0.007491135,0.006991733,0.0046217665,0.0049518878,0.0049518878,0.007491135,0.0053055887,0.0060905875,0.0049518878,0.007491135,0.007491135,0.005684554,0.007491135,0.005684554,0.0046217665,0.0060905875,0.0053055887,0.0060905875,0.0046217665,0.007491135,0.006991733,0.006525623,0.007491135,0.006991733,0.0046217665,0.007491135,0.006525623,0.007491135,0.007491135,0.007491135,0.007491135,0.007491135,0.0060905875,0.007491135,0.0060905875,0.007491135,0.006525623,0.007491135,0.007491135,0.005684554,0.007491135,0.005684554,0.0046217665,0.0046217665,0.007491135,0.0060905875,0.0060905875,0.0049518878,0.005684554,0.0060905875,0.006991733,0.007491135,0.0046217665,0.0049518878,0.0046217665,0.006991733,0.0053055887,0.006991733,0.007491135,0.006991733,0.007491135,0.0049518878,0.0046217665,0.0046217665,0.0046217665,0.007491135,0.006525623,0.007491135,0.0049518878,0.007491135,0.007491135,0.006525623,0.007491135,0.0046217665,0.007491135,0.007491135,0.007491135,0.0046217665,0.0060905875,0.0046217665,0.006525623,0.006525623,0.006525623,0.005684554,0.006525623,0.0046217665,0.005684554,0.0053055887,0.0046217665,0.0060905875,0.006991733,0.007491135,0.0053055887,0.0060905875,0.007491135,0.007491135,0.006525623,0.006525623,0.007491135,0.0046217665,0.007491135,0.006991733,0.007491135,0.007491135,0.007491135,0.0060905875,0.006525623,0.0053055887,0.0060905875,0.0060905875,0.006991733,0.0053055887,0.0049518878,0.0053055887,0.006991733,0.006991733,0.005684554,0.0049518878,0.0060905875,0.0053055887,0.006525623,0.005684554,0.0053055887,0.0049518878,0.0053055887,0.0060905875,0.007491135,0.007491135,0.007491135,0.0046217665,0.005684554,0.0053055887,0.006991733,0.006991733,0.005684554,0.005684554,0.005684554,0.006525623,0.006525623,0.0049518878,1,0
0.0062930314,0.007740131,0.007740131,0.007740131,0.0051164823,0.006742527,0.007740131,0.0062930314,0.006742527,0.0054819398,0.0054819398,0.0054819398,0.004775388,0.004775388,0.006742527,0.0051164823,0.0054819398,0.006742527,0.007740131,0.0058735018,0.007740131,0.0072241295,0.0051164823,0.0054819398,0.004775388,0.0058735018,0.0058735018,0.0062930314,0.004775388,0.007740131,0.0072241295,0.006742527,0.0062930314,0.0062930314,0.004775388,0.0054819398,0.004775388,0.007740131,0.004775388,0.0054819398,0.004775388,0.007740131,0.007740131,0.0058735018,0.007740131,0.0058735018,0.004775388,0.007740131,0.0051164823,0.0062930314,0.0054819398,0.006742527,0.007740131,0.004775388,0.004775388,0.004775388,0.004775388,0.007740131,0.0062930314,0.0054819398,0.0062930314,0.0051164823,0.0062930314,0.004775388,0.007740131,0.0054819398,0.0054819398,0.0062930314,0.0062930314,0.006742527,0.006742527,0.007740131,0.0054819398,0.0051164823,0.0051164823,0.0062930314,0.0058735018,0.007740131,0.0058735018,0.0054819398,0.006742527,0.004775388,0.007740131,0.007740131,0.0062930314,0.006742527,0.0058735018,0.007740131,0.007740131,0.0058735018,0.006742527,0.006742527,0.007740131,0.004775388,0.007740131,0.007740131,0.0062930314,0.007740131,0.0058735018,0.007740131,0.006742527,0.0062930314,0.006742527,0.0054819398,0.0058735018,0.0054819398,0.0058735018,0.007740131,0.004775388,0.0054819398,0.0054819398,0.004775388,0.0062930314,0.0058735018,0.0054819398,0.0058735018,0.006742527,0.007740131,0.0072241295,0.0058735018,0.0058735018,0.0051164823,0.007740131,0.007740131,0.0051164823,0.007740131,0.007740131,0.0054819398,0.0054819398,0.0072241295,0.004775388,0.0054819398,0.0072241295,0.0072241295,0.0062930314,0.006742527,0.0058735018,0.004775388,0.0072241295,0.0062930314,0.007740131,0.0062930314,0.0062930314,0.0054819398,0.0058735018,0.0051164823,0.007740131,0.007740131,0.007740131,0.004775388,0.0051164823,0.0054819398,0.0072241295,0.0072241295,0.004775388,0.0058735018,0.0062930314,0.0062930314,0.0058735018,0.0051164823,1,2
0.006176641,0.0070905187,0.007596977,0.007596977,0.004687067,0.0066178236,0.007596977,0.0066178236,0.007596977,0.005021853,0.0070905187,0.006176641,0.004687067,0.004687067,0.007596977,0.007596977,0.0070905187,0.005021853,0.007596977,0.006176641,0.007596977,0.0070905187,0.004687067,0.004687067,0.004687067,0.007596977,0.0053805513,0.004687067,0.004687067,0.007596977,0.0057648714,0.006176641,0.007596977,0.006176641,0.004687067,0.0057648714,0.0057648714,0.0066178236,0.0057648714,0.007596977,0.004687067,0.006176641,0.007596977,0.0066178236,0.007596977,0.006176641,0.0053805513,0.007596977,0.007596977,0.0070905187,0.0057648714,0.0070905187,0.0057648714,0.005021853,0.004687067,0.0057648714,0.004687067,0.007596977,0.006176641,0.005021853,0.007596977,0.0057648714,0.005021853,0.005021853,0.007596977,0.005021853,0.0057648714,0.0053805513,0.006176641,0.0070905187,0.007596977,0.007596977,0.0053805513,0.0053805513,0.004687067,0.007596977,0.0053805513,0.007596977,0.007596977,0.006176641,0.006176641,0.004687067,0.007596977,0.007596977,0.0070905187,0.004687067,0.005021853,0.007596977,0.0070905187,0.004687067,0.006176641,0.0066178236,0.007596977,0.004687067,0.007596977,0.004687067,0.0053805513,0.006176641,0.0066178236,0.0057648714,0.007596977,0.0066178236,0.004687067,0.004687067,0.0057648714,0.004687067,0.0053805513,0.005021853,0.004687067,0.007596977,0.0070905187,0.007596977,0.004687067,0.0070905187,0.0066178236,0.0057648714,0.0066178236,0.007596977,0.007596977,0.0066178236,0.0057648714,0.0057648714,0.007596977,0.007596977,0.0053805513,0.006176641,0.0066178236,0.006176641,0.007596977,0.006176641,0.007596977,0.0053805513,0.0066178236,0.0066178236,0.0066178236,0.0066178236,0.006176641,0.004687067,0.007596977,0.006176641,0.0053805513,0.006176641,0.006176641,0.005021853,0.0053805513,0.006176641,0.007596977,0.007596977,0.007596977,0.004687067,0.005021853,0.0053805513,0.0070905187,0.007596977,0.006176641,0.007596977,0.006176641,0.006176641,0.0053805513,0.004687067,2,2
0.0053606406,0.0050032693,0.0050032693,0.008109489,0.0061537847,0.0057435376,0.0050032693,0.0070642796,0.007568864,0.008109489,0.0057435376,0.0053606406,0.0050032693,0.008109489,0.008109489,0.0050032693,0.0053606406,0.0057435376,0.008109489,0.0053606406,0.0050032693,0.0061537847,0.0057435376,0.0061537847,0.0057435376,0.0053606406,0.0057435376,0.006593334,0.006593334,0.006593334,0.0070642796,0.0057435376,0.0057435376,0.007568864,0.007568864,0.0061537847,0.006593334,0.0050032693,0.008109489,0.0057435376,0.0050032693,0.0061537847,0.0070642796,0.0057435376,0.008109489,0.0050032693,0.0053606406,0.0057435376,0.008109489,0.0061537847,0.0070642796,0.0050032693,0.0061537847,0.007568864,0.006593334,0.0053606406,0.0057435376,0.0053606406,0.008109489,0.0057435376,0.006593334,0.0061537847,0.0053606406,0.0061537847,0.0053606406,0.0057435376,0.006593334,0.0050032693,0.008109489,0.0050032693,0.0050032693,0.0050032693,0.0057435376,0.0057435376,0.008109489,0.0050032693,0.0053606406,0.0053606406,0.008109489,0.0053606406,0.0050032693,0.0050032693,0.008109489,0.008109489,0.006593334,0.0050032693,0.0050032693,0.006593334,0.008109489,0.0057435376,0.0061537847,0.0050032693,0.0053606406,0.008109489,0.0050032693,0.0057435376,0.0050032693,0.0050032693,0.0070642796,0.0070642796,0.0057435376,0.006593334,0.0050032693,0.006593334,0.0061537847,0.0050032693,0.0057435376,0.0050032693,0.0070642796,0.0070642796,0.0050032693,0.0057435376,0.0053606406,0.008109489,0.0061537847,0.006593334,0.0061537847,0.0050032693,0.006593334,0.0050032693,0.0053606406,0.0057435376,0.0050032693,0.008109489,0.006593334,0.0050032693,0.008109489,0.0070642796,0.008109489,0.0070642796,0.0061537847,0.0057435376,0.007568864,0.007568864,0.006593334,0.0070642796,0.0050032693,0.0050032693,0.006593334,0.008109489,0.006593334,0.0070642796,0.006593334,0.0057435376,0.006593334,0.0057435376,0.006593334,0.008109489,0.008109489,0.008109489,0.006593334,0.0057435376,0.007568864,0.008109489,0.0057435376,0.0053606406,0.0053606406,0.0061537847,0.0070642796,0.0050032693,3,3
0.0061094332,0.0075143143,0.0075143143,0.0075143143,0.00496721,0.0075143143,0.0075143143,0.0057021435,0.006545815,0.004636067,0.0061094332,0.0061094332,0.004636067,0.004636067,0.004636067,0.006545815,0.0061094332,0.0061094332,0.0075143143,0.0057021435,0.0070133666,0.0070133666,0.0057021435,0.0057021435,0.004636067,0.0057021435,0.005322005,0.0061094332,0.0070133666,0.0070133666,0.006545815,0.0061094332,0.0075143143,0.0061094332,0.004636067,0.005322005,0.0057021435,0.006545815,0.005322005,0.0061094332,0.0075143143,0.006545815,0.006545815,0.0070133666,0.004636067,0.0075143143,0.006545815,0.0075143143,0.0075143143,0.0075143143,0.005322005,0.0075143143,0.0075143143,0.0075143143,0.004636067,0.0075143143,0.006545815,0.0075143143,0.0075143143,0.0057021435,0.0070133666,0.0061094332,0.004636067,0.004636067,0.0075143143,0.0061094332,0.0061094332,0.00496721,0.0057021435,0.0061094332,0.0061094332,0.0075143143,0.004636067,0.004636067,0.004636067,0.0075143143,0.0061094332,0.0075143143,0.0075143143,0.0075143143,0.0075143143,0.004636067,0.004636067,0.004636067,0.004636067,0.0075143143,0.0070133666,0.0075143143,0.00496721,0.0075143143,0.0075143143,0.006545815,0.0075143143,0.004636067,0.0075143143,0.0075143143,0.0075143143,0.004636067,0.0061094332,0.004636067,0.0057021435,0.0075143143,0.006545815,0.005322005,0.0061094332,0.004636067,0.0057021435,0.005322005,0.004636067,0.0057021435,0.0070133666,0.0075143143,0.005322005,0.0070133666,0.0075143143,0.0075143143,0.006545815,0.0070133666,0.0075143143,0.004636067,0.0057021435,0.0057021435,0.0075143143,0.0075143143,0.0057021435,0.0075143143,0.0070133666,0.005322005,0.005322005,0.006545815,0.0070133666,0.005322005,0.0061094332,0.006545815,0.006545815,0.006545815,0.0061094332,0.004636067,0.0061094332,0.0057021435,0.0057021435,0.0057021435,0.0057021435,0.004636067,0.006545815,0.0057021435,0.0075143143,0.0075143143,0.0075143143,0.004636067,0.005322005,0.005322005,0.006545815,0.0070133666,0.0075143143,0.0070133666,0.0061094332,0.0061094332,0.0057021435,0.004636067,1,0
0.0061821914,0.00662377,0.007603803,0.007603803,0.0046912786,0.00662377,0.007603803,0.0057700514,0.00662377,0.0057700514,0.0061821914,0.00662377,0.0046912786,0.0046912786,0.0046912786,0.0057700514,0.0061821914,0.00662377,0.007603803,0.0057700514,0.00709689,0.00709689,0.0057700514,0.0057700514,0.0046912786,0.005026365,0.005385386,0.0061821914,0.00709689,0.0057700514,0.00662377,0.0061821914,0.007603803,0.0061821914,0.0046912786,0.005385386,0.005385386,0.007603803,0.005385386,0.0057700514,0.0046912786,0.007603803,0.007603803,0.007603803,0.00662377,0.0061821914,0.005385386,0.007603803,0.007603803,0.00662377,0.005385386,0.007603803,0.007603803,0.007603803,0.0046912786,0.007603803,0.00662377,0.007603803,0.007603803,0.0057700514,0.0061821914,0.005385386,0.005026365,0.0046912786,0.007603803,0.005026365,0.0061821914,0.005385386,0.0061821914,0.00662377,0.0057700514,0.007603803,0.005026365,0.005026365,0.0046912786,0.007603803,0.0061821914,0.007603803,0.007603803,0.007603803,0.007603803,0.0046912786,0.0046912786,0.0046912786,0.0057700514,0.0061821914,0.0061821914,0.007603803,0.0057700514,0.00709689,0.007603803,0.00662377,0.007603803,0.0046912786,0.007603803,0.007603803,0.007603803,0.0046912786,0.0061821914,0.0046912786,0.005385386,0.0061821914,0.00709689,0.0061821914,0.00662377,0.0046912786,0.0057700514,0.0061821914,0.0046912786,0.0061821914,0.00709689,0.007603803,0.005385386,0.007603803,0.007603803,0.0046912786,0.00662377,0.007603803,0.007603803,0.0061821914,0.0046912786,0.005026365,0.007603803,0.007603803,0.005026365,0.00709689,0.0061821914,0.0046912786,0.005385386,0.0061821914,0.00709689,0.005385386,0.0061821914,0.00709689,0.005026365,0.007603803,0.0057700514,0.0046912786,0.0061821914,0.00662377,0.005026365,0.0057700514,0.0061821914,0.005026365,0.0061821914,0.005385386,0.007603803,0.007603803,0.007603803,0.0046912786,0.0046912786,0.005385386,0.007603803,0.007603803,0.00662377,0.0046912786,0.0061821914,0.00709689,0.00709689,0.005385386,2,3
0.0048462693,0.005192426,0.0068426062,0.007855018,0.0048462693,0.005563308,0.007331357,0.0068426062,0.0068426062,0.007855018,0.007855018,0.005960682,0.005192426,0.005192426,0.007855018,0.005192426,0.0063864384,0.0063864384,0.007855018,0.005563308,0.0068426062,0.007331357,0.005192426,0.0068426062,0.0048462693,0.005960682,0.005563308,0.005563308,0.005960682,0.0063864384,0.007855018,0.005960682,0.005960682,0.005192426,0.007855018,0.005192426,0.0048462693,0.0068426062,0.0048462693,0.005563308,0.0048462693,0.007855018,0.007331357,0.005563308,0.007855018,0.0048462693,0.005563308,0.007855018,0.0068426062,0.005960682,0.005563308,0.005192426,0.007331357,0.005960682,0.005563308,0.005192426,0.005960682,0.005960682,0.0063864384,0.0048462693,0.0063864384,0.005960682,0.0063864384,0.0048462693,0.0068426062,0.005563308,0.005960682,0.005192426,0.0068426062,0.005960682,0.005192426,0.007855018,0.005192426,0.0048462693,0.007855018,0.0048462693,0.005192426,0.0063864384,0.0068426062,0.0048462693,0.005563308,0.0063864384,0.007855018,0.007855018,0.007331357,0.0048462693,0.005960682,0.0063864384,0.0068426062,0.005960682,0.005960682,0.0068426062,0.005563308,0.0048462693,0.007855018,0.005563308,0.0048462693,0.007855018,0.005960682,0.0068426062,0.007855018,0.007855018,0.007331357,0.005960682,0.005563308,0.005563308,0.005563308,0.007331357,0.0063864384,0.007855018,0.005563308,0.0068426062,0.007331357,0.007855018,0.0068426062,0.005960682,0.0068426062,0.007855018,0.005960682,0.0048462693,0.0048462693,0.005192426,0.007855018,0.007855018,0.005192426,0.005960682,0.007331357,0.0063864384,0.007855018,0.0063864384,0.005563308,0.005563308,0.007331357,0.007331357,0.005960682,0.0063864384,0.005960682,0.005563308,0.0063864384,0.005563308,0.005960682,0.005960682,0.0063864384,0.005563308,0.005563308,0.005563308,0.007855018,0.007855018,0.007855018,0.005192426,0.0048462693,0.005563308,0.0063864384,0.0068426062,0.0048462693,0.007855018,0.005960682,0.0068426062,0.005960682,0.0048462693,3,2
0.006212178,0.0071313134,0.0076406854,0.0076406854,0.0047140336,0.0071313134,0.0076406854,0.0066558984,0.0071313134,0.0047140336,0.0071313134,0.006212178,0.0047140336,0.0047140336,0.0076406854,0.0076406854,0.0071313134,0.0057980386,0.0076406854,0.0057980386,0.0071313134,0.0071313134,0.0050507453,0.0054115076,0.0047140336,0.0076406854,0.006212178,0.0047140336,0.0050507453,0.0076406854,0.0057980386,0.0057980386,0.0076406854,0.0066558984,0.0047140336,0.0050507453,0.0054115076,0.0066558984,0.0054115076,0.006212178,0.0047140336,0.006212178,0.0076406854,0.0066558984,0.0076406854,0.0057980386,0.0054115076,0.0076406854,0.0076406854,0.0066558984,0.0054115076,0.0076406854,0.0071313134,0.0076406854,0.0047140336,0.0054115076,0.0047140336,0.0076406854,0.0071313134,0.0050507453,0.0076406854,0.0057980386,0.0050507453,0.0054115076,0.0076406854,0.0050507453,0.0057980386,0.0054115076,0.006212178,0.006212178,0.0076406854,0.0076406854,0.0054115076,0.0054115076,0.0047140336,0.0071313134,0.006212178,0.0076406854,0.0071313134,0.0066558984,0.006212178,0.0054115076,0.0076406854,0.0076406854,0.0076406854,0.0047140336,0.0054115076,0.0076406854,0.0071313134,0.0047140336,0.006212178,0.0066558984,0.0076406854,0.0047140336,0.0076406854,0.0050507453,0.0057980386,0.006212178,0.006212178,0.0054115076,0.0066558984,0.0066558984,0.0057980386,0.0050507453,0.0057980386,0.0047140336,0.0054115076,0.0054115076,0.0047140336,0.0076406854,0.0071313134,0.0076406854,0.0047140336,0.0057980386,0.0071313134,0.0057980386,0.0071313134,0.0076406854,0.006212178,0.0050507453,0.0054115076,0.0054115076,0.0076406854,0.0076406854,0.0050507453,0.006212178,0.0071313134,0.006212178,0.0066558984,0.006212178,0.006212178,0.0054115076,0.006212178,0.0071313134,0.006212178,0.0071313134,0.006212178,0.0047140336,0.0066558984,0.0066558984,0.0054115076,0.0066558984,0.006212178,0.0047140336,0.0054115076,0.0054115076,0.0076406854,0.0076406854,0.0076406854,0.0047140336,0.0050507453,0.0054115076,0.006212178,0.0066558984,0.006212178,0.0071313134,0.006212178,0.006212178,0.0054115076,0.0047140336,2,2
0.0076102787,0.0076102787,0.0076102787,0.0076102787,0.005774965,0.0076102787,0.0076102787,0.0071029337,0.0076102787,0.0076102787,0.0066294107,0.006187456,0.004695274,0.004695274,0.005389972,0.005774965,0.0071029337,0.005774965,0.006187456,0.004695274,0.005774965,0.0071029337,0.006187456,0.006187456,0.004695274,0.005774965,0.006187456,0.0050306455,0.005774965,0.004695274,0.004695274,0.006187456,0.0076102787,0.0066294107,0.004695274,0.0066294107,0.006187456,0.006187456,0.004695274,0.0066294107,0.004695274,0.0076102787,0.0076102787,0.0076102787,0.0071029337,0.0076102787,0.0066294107,0.0076102787,0.0076102787,0.0066294107,0.005774965,0.0076102787,0.0076102787,0.0076102787,0.0050306455,0.0076102787,0.0066294107,0.0076102787,0.0076102787,0.006187456,0.004695274,0.005774965,0.005389972,0.0050306455,0.004695274,0.005774965,0.006187456,0.004695274,0.005774965,0.0071029337,0.0050306455,0.0076102787,0.0050306455,0.005389972,0.004695274,0.0076102787,0.006187456,0.0076102787,0.0076102787,0.0066294107,0.0071029337,0.0066294107,0.004695274,0.004695274,0.0066294107,0.004695274,0.0076102787,0.0076102787,0.005774965,0.004695274,0.0076102787,0.0066294107,0.0076102787,0.004695274,0.0076102787,0.0076102787,0.0076102787,0.004695274,0.006187456,0.004695274,0.005389972,0.0076102787,0.0066294107,0.0050306455,0.004695274,0.004695274,0.005774965,0.006187456,0.004695274,0.0050306455,0.0076102787,0.0076102787,0.004695274,0.0076102787,0.005774965,0.004695274,0.0071029337,0.0076102787,0.0076102787,0.005389972,0.0076102787,0.0071029337,0.0076102787,0.0076102787,0.005774965,0.0076102787,0.0071029337,0.004695274,0.004695274,0.0066294107,0.006187456,0.005389972,0.0066294107,0.0071029337,0.004695274,0.005389972,0.004695274,0.004695274,0.006187456,0.005389972,0.005774965,0.0066294107,0.005774965,0.004695274,0.0071029337,0.0050306455,0.0076102787,0.0071029337,0.0066294107,0.004695274,0.004695274,0.005389972,0.0076102787,0.0076102787,0.006187456,0.004695274,0.006187456,0.0076102787,0.0076102787,0.0050306455,0,1
0.00566103,0.0049313954,0.0060653836,0.007992994,0.0049313954,0.0052836332,0.006498619,0.007460135,0.007992994,0.007992994,0.006962799,0.0052836332,0.0049313954,0.007992994,0.006498619,0.0052836332,0.006962799,0.00566103,0.007992994,0.0049313954,0.0060653836,0.007460135,0.006498619,0.006498619,0.00566103,0.0049313954,0.00566103,0.006498619,0.007460135,0.0049313954,0.006962799,0.006498619,0.00566103,0.007460135,0.007992994,0.0060653836,0.0060653836,0.0049313954,0.007992994,0.006498619,0.0049313954,0.006962799,0.006962799,0.0060653836,0.007992994,0.006498619,0.0052836332,0.006962799,0.007992994,0.006498619,0.006962799,0.0060653836,0.006962799,0.007992994,0.00566103,0.0049313954,0.00566103,0.0049313954,0.007992994,0.0049313954,0.0052836332,0.0060653836,0.0052836332,0.006962799,0.0049313954,0.0052836332,0.006498619,0.0052836332,0.007992994,0.0049313954,0.00566103,0.0049313954,0.00566103,0.0052836332,0.007992994,0.0049313954,0.0052836332,0.0049313954,0.007460135,0.0049313954,0.0049313954,0.0049313954,0.007992994,0.007992994,0.006962799,0.0049313954,0.0052836332,0.007992994,0.007992994,0.006498619,0.0060653836,0.0049313954,0.0049313954,0.007992994,0.006498619,0.0049313954,0.0049313954,0.006962799,0.007992994,0.007460135,0.006498619,0.006962799,0.0049313954,0.00566103,0.0060653836,0.0049313954,0.00566103,0.0049313954,0.007992994,0.006498619,0.0049313954,0.0049313954,0.006498619,0.007992994,0.0052836332,0.00566103,0.006498619,0.0049313954,0.0060653836,0.0049313954,0.006498619,0.0052836332,0.007460135,0.007992994,0.00566103,0.0049313954,0.006962799,0.006962799,0.007992994,0.006498619,0.00566103,0.0060653836,0.007460135,0.007460135,0.0052836332,0.00566103,0.0049313954,0.0049313954,0.006962799,0.0060653836,0.0052836332,0.0052836332,0.007460135,0.007460135,0.00566103,0.0052836332,0.007460135,0.007992994,0.007992994,0.007992994,0.006498619,0.00566103,0.006962799,0.007460135,0.0052836332,0.0060653836,0.0052836332,0.0052836332,0.006962799,0.0049313954,3,3
0.0062008235,0.0062008235,0.00762672,0.00762672,0.0047054174,0.0050415136,0.00762672,0.006643733,0.00762672,0.00762672,0.0062008235,0.005787441,0.0047054174,0.0047054174,0.00762672,0.005787441,0.0050415136,0.006643733,0.00762672,0.0047054174,0.0071182786,0.0071182786,0.0050415136,0.0050415136,0.0047054174,0.0071182786,0.0071182786,0.0054016165,0.005787441,0.0054016165,0.0050415136,0.0054016165,0.00762672,0.0071182786,0.006643733,0.005787441,0.0054016165,0.0062008235,0.0047054174,0.006643733,0.0054016165,0.0071182786,0.00762672,0.0054016165,0.00762672,0.00762672,0.0071182786,0.00762672,0.00762672,0.00762672,0.0054016165,0.006643733,0.0054016165,0.0047054174,0.0054016165,0.00762672,0.005787441,0.00762672,0.00762672,0.0071182786,0.0054016165,0.0050415136,0.0062008235,0.005787441,0.00762672,0.0062008235,0.0062008235,0.0047054174,0.0054016165,0.0062008235,0.0054016165,0.0062008235,0.0054016165,0.0050415136,0.00762672,0.00762672,0.0062008235,0.00762672,0.00762672,0.006643733,0.0047054174,0.0054016165,0.00762672,0.006643733,0.006643733,0.0062008235,0.00762672,0.00762672,0.0062008235,0.0071182786,0.006643733,0.006643733,0.00762672,0.0047054174,0.00762672,0.0047054174,0.006643733,0.0047054174,0.0062008235,0.0054016165,0.00762672,0.006643733,0.0062008235,0.0050415136,0.00762672,0.0047054174,0.005787441,0.0054016165,0.0047054174,0.0071182786,0.0062008235,0.00762672,0.0047054174,0.0047054174,0.0071182786,0.0050415136,0.006643733,0.005787441,0.0054016165,0.005787441,0.0062008235,0.0062008235,0.00762672,0.00762672,0.005787441,0.0054016165,0.0071182786,0.0062008235,0.00762672,0.0062008235,0.00762672,0.0054016165,0.0050415136,0.0054016165,0.00762672,0.005787441,0.0054016165,0.0050415136,0.0071182786,0.0054016165,0.006643733,0.006643733,0.0047054174,0.0047054174,0.005787441,0.0050415136,0.00762672,0.00762672,0.00762672,0.0062008235,0.006643733,0.0054016165,0.006643733,0.0071182786,0.0047054174,0.0062008235,0.005787441,0.006643733,0.006643733,0.0047054174,2,3
0.006980288,0.007478873,0.007478873,0.007478873,0.0056752493,0.0065149413,0.007478873,0.006080618,0.006980288,0.0056752493,0.006080618,0.006080618,0.004614201,0.004614201,0.006080618,0.006080618,0.006980288,0.0065149413,0.007478873,0.0056752493,0.006980288,0.006980288,0.0056752493,0.0056752493,0.004614201,0.006080618,0.005296904,0.006080618,0.006080618,0.006080618,0.006080618,0.0056752493,0.007478873,0.0065149413,0.004614201,0.006980288,0.006080618,0.0056752493,0.004614201,0.007478873,0.004614201,0.007478873,0.0065149413,0.007478873,0.007478873,0.006980288,0.0065149413,0.007478873,0.007478873,0.0065149413,0.005296904,0.007478873,0.007478873,0.007478873,0.004614201,0.007478873,0.0065149413,0.007478873,0.007478873,0.006080618,0.005296904,0.007478873,0.004614201,0.004614201,0.007478873,0.005296904,0.006080618,0.004614201,0.005296904,0.006080618,0.004943782,0.007478873,0.004614201,0.005296904,0.004614201,0.007478873,0.006080618,0.007478873,0.007478873,0.007478873,0.007478873,0.004943782,0.004614201,0.004614201,0.004614201,0.007478873,0.007478873,0.007478873,0.005296904,0.007478873,0.007478873,0.0065149413,0.007478873,0.004614201,0.007478873,0.007478873,0.007478873,0.004614201,0.006080618,0.004614201,0.0056752493,0.007478873,0.0056752493,0.004943782,0.0065149413,0.004614201,0.0056752493,0.0056752493,0.004614201,0.0056752493,0.007478873,0.007478873,0.004614201,0.0065149413,0.006080618,0.004614201,0.0065149413,0.007478873,0.007478873,0.005296904,0.007478873,0.0065149413,0.007478873,0.007478873,0.006980288,0.007478873,0.006980288,0.004614201,0.004614201,0.0065149413,0.006080618,0.005296904,0.0065149413,0.006980288,0.0056752493,0.006080618,0.004614201,0.004614201,0.006080618,0.005296904,0.0056752493,0.0065149413,0.0056752493,0.004614201,0.0065149413,0.005296904,0.007478873,0.007478873,0.007478873,0.004614201,0.004614201,0.005296904,0.007478873,0.007478873,0.0065149413,0.004614201,0.007478873,0.007478873,0.007478873,0.006980288,1,1
0.0066125686,0.0075909444,0.0075909444,0.0075909444,0.0053762784,0.0066125686,0.0075909444,0.0070848884,0.0075909444,0.0075909444,0.0075909444,0.0066125686,0.004683345,0.004683345,0.0057602935,0.0070848884,0.0070848884,0.0057602935,0.0070848884,0.004683345,0.0070848884,0.0070848884,0.0057602935,0.0061717364,0.005017865,0.004683345,0.0053762784,0.0061717364,0.0066125686,0.004683345,0.0053762784,0.0053762784,0.0075909444,0.0066125686,0.004683345,0.0070848884,0.0061717364,0.0057602935,0.004683345,0.0070848884,0.0053762784,0.0075909444,0.0075909444,0.0075909444,0.0061717364,0.0057602935,0.0053762784,0.0075909444,0.0075909444,0.0053762784,0.0061717364,0.0075909444,0.0075909444,0.0075909444,0.004683345,0.0075909444,0.0066125686,0.0075909444,0.0075909444,0.0061717364,0.004683345,0.0057602935,0.0053762784,0.0057602935,0.0057602935,0.0057602935,0.0061717364,0.0053762784,0.0057602935,0.0057602935,0.004683345,0.0075909444,0.004683345,0.004683345,0.004683345,0.0075909444,0.0061717364,0.0075909444,0.0075909444,0.0070848884,0.0075909444,0.004683345,0.004683345,0.004683345,0.004683345,0.0066125686,0.0070848884,0.0075909444,0.0057602935,0.0075909444,0.0075909444,0.0066125686,0.0075909444,0.004683345,0.0075909444,0.0075909444,0.0075909444,0.004683345,0.0061717364,0.004683345,0.005017865,0.0075909444,0.0061717364,0.005017865,0.0057602935,0.004683345,0.0057602935,0.0061717364,0.004683345,0.005017865,0.0070848884,0.0075909444,0.004683345,0.0075909444,0.0066125686,0.0057602935,0.0070848884,0.0075909444,0.0075909444,0.004683345,0.0075909444,0.0070848884,0.0075909444,0.0075909444,0.0057602935,0.0075909444,0.0066125686,0.004683345,0.004683345,0.0061717364,0.0070848884,0.0053762784,0.0066125686,0.0070848884,0.0075909444,0.0053762784,0.005017865,0.004683345,0.0061717364,0.0053762784,0.0057602935,0.0066125686,0.0053762784,0.004683345,0.0070848884,0.005017865,0.0075909444,0.0075909444,0.0075909444,0.004683345,0.004683345,0.0053762784,0.0070848884,0.0075909444,0.0066125686,0.0066125686,0.004683345,0.0053762784,0.0066125686,0.004683345,1,1
0.006316529,0.007251104,0.0077690324,0.0077690324,0.0047932193,0.005135587,0.0058954335,0.007251104,0.007251104,0.0077690324,0.0055024093,0.006316529,0.0077690324,0.0047932193,0.0077690324,0.0047932193,0.006316529,0.006316529,0.007251104,0.0047932193,0.006316529,0.007251104,0.0058954335,0.006316529,0.0047932193,0.0047932193,0.006316529,0.006316529,0.006316529,0.005135587,0.0058954335,0.006316529,0.0058954335,0.007251104,0.0077690324,0.0058954335,0.0055024093,0.0077690324,0.0047932193,0.006767703,0.0055024093,0.0077690324,0.007251104,0.0055024093,0.0077690324,0.0047932193,0.0047932193,0.0077690324,0.0055024093,0.006767703,0.0055024093,0.0077690324,0.006767703,0.0055024093,0.0055024093,0.0047932193,0.0047932193,0.0077690324,0.0058954335,0.006316529,0.006767703,0.005135587,0.006767703,0.0047932193,0.0077690324,0.0058954335,0.006316529,0.0047932193,0.0047932193,0.006767703,0.006316529,0.0055024093,0.0055024093,0.005135587,0.0077690324,0.0055024093,0.005135587,0.0077690324,0.0055024093,0.0047932193,0.0047932193,0.0047932193,0.0077690324,0.0077690324,0.0077690324,0.006767703,0.0058954335,0.0077690324,0.0077690324,0.006316529,0.006316529,0.006767703,0.0077690324,0.0047932193,0.0077690324,0.0047932193,0.0047932193,0.0077690324,0.0058954335,0.007251104,0.0077690324,0.0077690324,0.006767703,0.005135587,0.006316529,0.0047932193,0.0055024093,0.0077690324,0.0047932193,0.0077690324,0.0047932193,0.0047932193,0.007251104,0.007251104,0.006316529,0.0055024093,0.006316529,0.0077690324,0.0055024093,0.0047932193,0.006316529,0.006316529,0.0077690324,0.0077690324,0.005135587,0.005135587,0.007251104,0.006767703,0.007251104,0.007251104,0.0055024093,0.0055024093,0.007251104,0.007251104,0.0047932193,0.006767703,0.005135587,0.0047932193,0.006316529,0.006316529,0.005135587,0.0055024093,0.007251104,0.005135587,0.0055024093,0.005135587,0.0077690324,0.0077690324,0.0077690324,0.006767703,0.006316529,0.0055024093,0.006767703,0.007251104,0.0047932193,0.0047932193,0.005135587,0.006767703,0.006316529,0.005135587,2,2
0.004788193,0.0054966393,0.0077608856,0.0077608856,0.004788193,0.0067606065,0.0077608856,0.0067606065,0.0072435,0.0077608856,0.0058892514,0.0067606065,0.0054966393,0.004788193,0.0072435,0.0063099056,0.0058892514,0.0063099056,0.0077608856,0.0051302016,0.0077608856,0.0072435,0.0058892514,0.0051302016,0.004788193,0.0077608856,0.0054966393,0.004788193,0.004788193,0.0077608856,0.0077608856,0.0058892514,0.0077608856,0.0063099056,0.0072435,0.0051302016,0.0051302016,0.0077608856,0.004788193,0.0063099056,0.004788193,0.0058892514,0.0077608856,0.0058892514,0.0077608856,0.0058892514,0.004788193,0.0077608856,0.0058892514,0.0063099056,0.0054966393,0.0054966393,0.0077608856,0.004788193,0.0054966393,0.004788193,0.004788193,0.0077608856,0.0063099056,0.0063099056,0.0077608856,0.0054966393,0.0058892514,0.004788193,0.0077608856,0.0058892514,0.0054966393,0.0054966393,0.0063099056,0.0063099056,0.0072435,0.0077608856,0.0054966393,0.0054966393,0.004788193,0.0054966393,0.0051302016,0.0077608856,0.0058892514,0.0054966393,0.004788193,0.004788193,0.0077608856,0.0077608856,0.0072435,0.004788193,0.0051302016,0.0077608856,0.0072435,0.0058892514,0.0058892514,0.0067606065,0.0077608856,0.004788193,0.0077608856,0.0054966393,0.0051302016,0.0077608856,0.0058892514,0.0067606065,0.0058892514,0.0072435,0.0072435,0.0054966393,0.0072435,0.0051302016,0.0054966393,0.0072435,0.0051302016,0.0077608856,0.0063099056,0.0063099056,0.0058892514,0.0072435,0.0054966393,0.004788193,0.0063099056,0.0077608856,0.004788193,0.0072435,0.0054966393,0.0051302016,0.0067606065,0.0077608856,0.0054966393,0.0067606065,0.0072435,0.0063099056,0.0072435,0.0063099056,0.0067606065,0.0067606065,0.0072435,0.0072435,0.0058892514,0.0067606065,0.0051302016,0.004788193,0.0067606065,0.0054966393,0.0051302016,0.0051302016,0.0063099056,0.0051302016,0.0058892514,0.0054966393,0.0077608856,0.0077608856,0.0077608856,0.004788193,0.0051302016,0.0054966393,0.0067606065,0.0072435,0.004788193,0.0077608856,0.0063099056,0.0063099056,0.0063099056,0.004788193,2,3
0.0057004746,0.007011314,0.0075121154,0.004965756,0.0065438994,0.0065438994,0.008048687,0.004965756,0.0075121154,0.008048687,0.0075121154,0.007011314,0.005320448,0.005320448,0.0065438994,0.007011314,0.0075121154,0.004965756,0.004965756,0.0057004746,0.0061076456,0.007011314,0.005320448,0.004965756,0.0061076456,0.007011314,0.0057004746,0.0061076456,0.004965756,0.008048687,0.008048687,0.0057004746,0.004965756,0.007011314,0.008048687,0.004965756,0.0057004746,0.007011314,0.0061076456,0.0065438994,0.004965756,0.0061076456,0.008048687,0.0061076456,0.008048687,0.0057004746,0.0057004746,0.004965756,0.004965756,0.007011314,0.0065438994,0.005320448,0.005320448,0.004965756,0.008048687,0.004965756,0.007011314,0.004965756,0.004965756,0.007011314,0.008048687,0.0061076456,0.0065438994,0.004965756,0.008048687,0.005320448,0.0061076456,0.0061076456,0.005320448,0.0065438994,0.007011314,0.008048687,0.0057004746,0.0057004746,0.004965756,0.005320448,0.0065438994,0.004965756,0.004965756,0.004965756,0.004965756,0.005320448,0.0057004746,0.007011314,0.008048687,0.004965756,0.004965756,0.005320448,0.0075121154,0.0061076456,0.0061076456,0.007011314,0.004965756,0.008048687,0.008048687,0.007011314,0.004965756,0.0057004746,0.0061076456,0.008048687,0.007011314,0.0061076456,0.007011314,0.005320448,0.0075121154,0.008048687,0.0065438994,0.0065438994,0.004965756,0.0075121154,0.008048687,0.008048687,0.0065438994,0.0057004746,0.007011314,0.007011314,0.007011314,0.004965756,0.0057004746,0.004965756,0.004965756,0.005320448,0.004965756,0.0061076456,0.005320448,0.004965756,0.0075121154,0.004965756,0.004965756,0.007011314,0.0065438994,0.0057004746,0.0075121154,0.007011314,0.0075121154,0.007011314,0.0065438994,0.008048687,0.004965756,0.008048687,0.004965756,0.0061076456,0.007011314,0.0061076456,0.0061076456,0.005320448,0.008048687,0.0061076456,0.004965756,0.0061076456,0.004965756,0.0061076456,0.0065438994,0.004965756,0.008048687,0.008048687,0.0061076456,0.004965756,0.0057004746,0.004965756,6,4
0.0070303148,0.0075324727,0.0075324727,0.0075324727,0.005715923,0.0070303148,0.0075324727,0.006561633,0.0075324727,0.0046472703,0.006124197,0.005715923,0.0046472703,0.0046472703,0.0046472703,0.006124197,0.006124197,0.006124197,0.0075324727,0.005715923,0.0070303148,0.0070303148,0.006124197,0.006124197,0.0046472703,0.0046472703,0.0053348662,0.006124197,0.006561633,0.005715923,0.006124197,0.0053348662,0.0075324727,0.006561633,0.0046472703,0.006561633,0.0053348662,0.006124197,0.0049792132,0.006561633,0.0046472703,0.0075324727,0.0075324727,0.0075324727,0.0070303148,0.006561633,0.006124197,0.0075324727,0.0075324727,0.006561633,0.0053348662,0.0075324727,0.0075324727,0.0075324727,0.0046472703,0.0075324727,0.006561633,0.0075324727,0.0075324727,0.006124197,0.0046472703,0.0053348662,0.0049792132,0.0049792132,0.005715923,0.005715923,0.006124197,0.0046472703,0.0053348662,0.0053348662,0.0049792132,0.0075324727,0.0046472703,0.0053348662,0.0046472703,0.0075324727,0.006124197,0.0075324727,0.0075324727,0.0070303148,0.0075324727,0.0046472703,0.0046472703,0.0046472703,0.0046472703,0.0070303148,0.0075324727,0.0075324727,0.005715923,0.0075324727,0.0075324727,0.006561633,0.0075324727,0.0046472703,0.0075324727,0.0075324727,0.0075324727,0.0049792132,0.006124197,0.0046472703,0.0049792132,0.0075324727,0.006561633,0.0049792132,0.006561633,0.0046472703,0.005715923,0.006124197,0.0046472703,0.005715923,0.0070303148,0.0075324727,0.005715923,0.0075324727,0.006561633,0.0046472703,0.006561633,0.0075324727,0.0075324727,0.0053348662,0.0075324727,0.006561633,0.0075324727,0.0075324727,0.0070303148,0.0075324727,0.006124197,0.0046472703,0.0046472703,0.006561633,0.006561633,0.0053348662,0.006561633,0.0070303148,0.005715923,0.0070303148,0.0049792132,0.0046472703,0.006124197,0.005715923,0.0053348662,0.006561633,0.005715923,0.0046472703,0.0070303148,0.0053348662,0.0075324727,0.0075324727,0.0075324727,0.0046472703,0.0046472703,0.0053348662,0.0075324727,0.0075324727,0.006561633,0.0046472703,0.0075324727,0.0075324727,0.0075324727,0.0070303148,1,1
0.0060979845,0.0075002327,0.0075002327,0.0075002327,0.004627379,0.0070002237,0.0075002327,0.0065335482,0.0070002237,0.004957902,0.0075002327,0.0065335482,0.004627379,0.004627379,0.004627379,0.0075002327,0.0065335482,0.005312032,0.0075002327,0.005691458,0.0070002237,0.0070002237,0.004957902,0.004957902,0.004627379,0.0070002237,0.005312032,0.004627379,0.004627379,0.0075002327,0.0075002327,0.0065335482,0.0070002237,0.005691458,0.004627379,0.0065335482,0.0060979845,0.0060979845,0.004957902,0.0075002327,0.004627379,0.0065335482,0.0075002327,0.0070002237,0.0075002327,0.0070002237,0.0060979845,0.0075002327,0.0075002327,0.0075002327,0.005312032,0.0075002327,0.0075002327,0.0075002327,0.004627379,0.0075002327,0.0065335482,0.0075002327,0.0075002327,0.005691458,0.0075002327,0.005691458,0.004957902,0.005312032,0.0075002327,0.004957902,0.005691458,0.005312032,0.0060979845,0.0070002237,0.0070002237,0.0075002327,0.004957902,0.005312032,0.004627379,0.0075002327,0.005691458,0.0075002327,0.0075002327,0.0065335482,0.005691458,0.005312032,0.0075002327,0.005691458,0.0060979845,0.0060979845,0.0060979845,0.0075002327,0.0060979845,0.004627379,0.005691458,0.0065335482,0.0075002327,0.004627379,0.0075002327,0.0075002327,0.005691458,0.005691458,0.0065335482,0.004627379,0.0065335482,0.0070002237,0.0065335482,0.005691458,0.005691458,0.0060979845,0.005691458,0.004957902,0.004627379,0.0075002327,0.005312032,0.0075002327,0.004627379,0.0060979845,0.004957902,0.0070002237,0.0065335482,0.005691458,0.004627379,0.005691458,0.0070002237,0.0070002237,0.0075002327,0.0075002327,0.0075002327,0.0070002237,0.0070002237,0.0060979845,0.0065335482,0.0060979845,0.0070002237,0.005312032,0.0065335482,0.0070002237,0.0070002237,0.0075002327,0.005312032,0.004627379,0.005691458,0.0060979845,0.0060979845,0.0065335482,0.005312032,0.004957902,0.005312032,0.0075002327,0.0075002327,0.0075002327,0.0075002327,0.004627379,0.004627379,0.005312032,0.0070002237,0.0070002237,0.005312032,0.0070002237,0.0060979845,0.005691458,0.005312032,0.004627379,1,0
0.0049123783,0.0056391987,0.0049123783,0.00796217,0.0060419934,0.0064735576,0.0049123783,0.006935948,0.006935948,0.00796217,0.0064735576,0.0064735576,0.0049123783,0.0049123783,0.00796217,0.00796217,0.0064735576,0.0049123783,0.00796217,0.0052632573,0.0064735576,0.007431366,0.0049123783,0.0049123783,0.0052632573,0.00796217,0.0056391987,0.0064735576,0.0049123783,0.00796217,0.00796217,0.0056391987,0.0049123783,0.0049123783,0.00796217,0.0056391987,0.0064735576,0.0056391987,0.0064735576,0.0056391987,0.0056391987,0.0064735576,0.0060419934,0.0056391987,0.00796217,0.0060419934,0.0056391987,0.0049123783,0.0049123783,0.006935948,0.006935948,0.0060419934,0.0064735576,0.0049123783,0.00796217,0.0049123783,0.0060419934,0.0049123783,0.0052632573,0.0056391987,0.007431366,0.0060419934,0.0064735576,0.0049123783,0.00796217,0.0060419934,0.0060419934,0.0049123783,0.0060419934,0.0064735576,0.0049123783,0.0056391987,0.0049123783,0.0056391987,0.00796217,0.007431366,0.0060419934,0.0052632573,0.0049123783,0.0060419934,0.0052632573,0.0064735576,0.00796217,0.0056391987,0.007431366,0.0049123783,0.0049123783,0.0052632573,0.0060419934,0.007431366,0.0060419934,0.006935948,0.0064735576,0.0049123783,0.00796217,0.0064735576,0.0049123783,0.0060419934,0.0052632573,0.00796217,0.006935948,0.0064735576,0.0049123783,0.0049123783,0.0064735576,0.0052632573,0.0060419934,0.0049123783,0.0049123783,0.00796217,0.00796217,0.00796217,0.0049123783,0.00796217,0.006935948,0.0060419934,0.006935948,0.0049123783,0.0056391987,0.0049123783,0.0064735576,0.0060419934,0.0049123783,0.0049123783,0.006935948,0.0052632573,0.00796217,0.0060419934,0.00796217,0.00796217,0.00796217,0.0056391987,0.0060419934,0.0060419934,0.00796217,0.0060419934,0.0052632573,0.00796217,0.0056391987,0.006935948,0.007431366,0.006935948,0.0064735576,0.0049123783,0.007431366,0.0060419934,0.00796217,0.00796217,0.00796217,0.00796217,0.006935948,0.0056391987,0.0064735576,0.006935948,0.007431366,0.00796217,0.0052632573,0.0049123783,0.0049123783,0.0056391987,3,0
0.0069136675,0.0060225846,0.0048965984,0.005621084,0.0048965984,0.0069136675,0.005621084,0.0048965984,0.0048965984,0.007936593,0.007936593,0.0069136675,0.0048965984,0.00524635,0.0064527625,0.0069136675,0.007407494,0.0048965984,0.0048965984,0.00524635,0.0064527625,0.007407494,0.0048965984,0.0048965984,0.0060225846,0.007936593,0.0060225846,0.00524635,0.00524635,0.0060225846,0.007936593,0.0060225846,0.0048965984,0.005621084,0.007936593,0.0060225846,0.005621084,0.0060225846,0.005621084,0.0060225846,0.0048965984,0.0060225846,0.007936593,0.0069136675,0.007936593,0.007936593,0.007407494,0.0060225846,0.0048965984,0.0064527625,0.007936593,0.0060225846,0.007407494,0.0048965984,0.007936593,0.0048965984,0.0069136675,0.00524635,0.0048965984,0.005621084,0.007407494,0.007407494,0.0060225846,0.0048965984,0.0064527625,0.005621084,0.005621084,0.0060225846,0.007936593,0.0048965984,0.007936593,0.007936593,0.00524635,0.005621084,0.00524635,0.007407494,0.0060225846,0.0048965984,0.00524635,0.0048965984,0.00524635,0.0069136675,0.005621084,0.0048965984,0.0069136675,0.0048965984,0.0048965984,0.00524635,0.007407494,0.0060225846,0.0060225846,0.0069136675,0.0048965984,0.007936593,0.007936593,0.0069136675,0.0048965984,0.0069136675,0.0048965984,0.007936593,0.007936593,0.007407494,0.0064527625,0.005621084,0.0069136675,0.007936593,0.007936593,0.005621084,0.0048965984,0.007936593,0.007936593,0.007936593,0.0060225846,0.0048965984,0.0064527625,0.007407494,0.0064527625,0.0048965984,0.005621084,0.0048965984,0.0048965984,0.00524635,0.0048965984,0.0048965984,0.00524635,0.005621084,0.007936593,0.0069136675,0.007936593,0.0060225846,0.007936593,0.0064527625,0.0048965984,0.0048965984,0.0064527625,0.007407494,0.0064527625,0.0069136675,0.00524635,0.007407494,0.007407494,0.0069136675,0.005621084,0.007407494,0.005621084,0.0064527625,0.007936593,0.007936593,0.007936593,0.005621084,0.005621084,0.0060225846,0.0064527625,0.0048965984,0.007936593,0.007936593,0.0064527625,0.0048965984,0.005621084,0.0048965984,9,1
0.0071109394,0.007618856,0.007618856,0.007618856,0.0047005657,0.0071109394,0.007618856,0.00619443,0.0071109394,0.0047005657,0.00619443,0.0066368827,0.0047005657,0.0047005657,0.0047005657,0.005396047,0.0066368827,0.0066368827,0.007618856,0.005781474,0.0071109394,0.0071109394,0.0050363154,0.0050363154,0.0047005657,0.0050363154,0.0066368827,0.00619443,0.005781474,0.0047005657,0.0047005657,0.005781474,0.007618856,0.0066368827,0.0047005657,0.0071109394,0.00619443,0.005781474,0.0047005657,0.0071109394,0.007618856,0.0071109394,0.005781474,0.005781474,0.0047005657,0.007618856,0.0071109394,0.007618856,0.007618856,0.0071109394,0.005396047,0.007618856,0.0071109394,0.007618856,0.0047005657,0.007618856,0.0066368827,0.007618856,0.007618856,0.005781474,0.005396047,0.005781474,0.0047005657,0.0047005657,0.007618856,0.00619443,0.00619443,0.0050363154,0.005781474,0.00619443,0.00619443,0.007618856,0.0047005657,0.005396047,0.0047005657,0.007618856,0.00619443,0.007618856,0.007618856,0.007618856,0.007618856,0.0047005657,0.0047005657,0.0047005657,0.0047005657,0.005781474,0.007618856,0.007618856,0.005781474,0.0066368827,0.007618856,0.0066368827,0.007618856,0.0047005657,0.007618856,0.007618856,0.007618856,0.0050363154,0.00619443,0.0047005657,0.005396047,0.0071109394,0.0066368827,0.0050363154,0.0066368827,0.0047005657,0.00619443,0.00619443,0.0047005657,0.0047005657,0.0066368827,0.007618856,0.005396047,0.007618856,0.00619443,0.0050363154,0.0066368827,0.007618856,0.007618856,0.005396047,0.007618856,0.0071109394,0.007618856,0.007618856,0.007618856,0.007618856,0.007618856,0.0047005657,0.0050363154,0.0066368827,0.0050363154,0.005396047,0.0047005657,0.00619443,0.005396047,0.0066368827,0.005396047,0.0047005657,0.00619443,0.00619443,0.005781474,0.0066368827,0.0050363154,0.0047005657,0.005781474,0.0066368827,0.007618856,0.007618856,0.007618856,0.0047005657,0.005396047,0.005396047,0.007618856,0.007618856,0.00619443,0.0050363154,0.00619443,0.0066368827,0.0066368827,0.0050363154,1,0
0.0056679444,0.006072792,0.004937419,0.0056679444,0.008002757,0.008002757,0.004937419,0.0056679444,0.004937419,0.008002757,0.0065065566,0.0065065566,0.004937419,0.005290087,0.006971304,0.0056679444,0.0065065566,0.0065065566,0.004937419,0.0065065566,0.004937419,0.007469247,0.0056679444,0.0056679444,0.008002757,0.006971304,0.006072792,0.004937419,0.004937419,0.008002757,0.008002757,0.0056679444,0.005290087,0.006971304,0.008002757,0.006072792,0.006072792,0.006971304,0.006072792,0.007469247,0.005290087,0.0065065566,0.006072792,0.006072792,0.007469247,0.008002757,0.006072792,0.004937419,0.004937419,0.0065065566,0.007469247,0.0065065566,0.004937419,0.004937419,0.008002757,0.004937419,0.0065065566,0.005290087,0.004937419,0.005290087,0.008002757,0.005290087,0.006072792,0.005290087,0.008002757,0.005290087,0.006072792,0.0065065566,0.006072792,0.007469247,0.008002757,0.008002757,0.004937419,0.005290087,0.004937419,0.008002757,0.0065065566,0.004937419,0.004937419,0.004937419,0.004937419,0.0056679444,0.0056679444,0.008002757,0.008002757,0.004937419,0.004937419,0.005290087,0.007469247,0.006072792,0.006072792,0.006971304,0.004937419,0.008002757,0.008002757,0.006971304,0.004937419,0.0056679444,0.004937419,0.008002757,0.006971304,0.006971304,0.007469247,0.005290087,0.006971304,0.008002757,0.006971304,0.0065065566,0.004937419,0.008002757,0.008002757,0.008002757,0.0065065566,0.006072792,0.006971304,0.008002757,0.0065065566,0.004937419,0.0056679444,0.004937419,0.0056679444,0.0056679444,0.004937419,0.004937419,0.006072792,0.006072792,0.006072792,0.005290087,0.008002757,0.004937419,0.008002757,0.0056679444,0.006971304,0.0065065566,0.007469247,0.008002757,0.005290087,0.004937419,0.005290087,0.007469247,0.004937419,0.005290087,0.007469247,0.0056679444,0.0056679444,0.0065065566,0.004937419,0.006072792,0.0056679444,0.005290087,0.0056679444,0.0056679444,0.004937419,0.004937419,0.008002757,0.008002757,0.007469247,0.004937419,0.0056679444,0.008002757,4,4
0.0048571415,0.0048571415,0.005974055,0.00787264,0.0048571415,0.005204075,0.006857957,0.006857957,0.00787264,0.00787264,0.0064007663,0.0064007663,0.0048571415,0.00787264,0.0073478045,0.0073478045,0.0048571415,0.005204075,0.00787264,0.0048571415,0.0064007663,0.0073478045,0.005575789,0.005204075,0.005204075,0.006857957,0.005974055,0.005974055,0.005204075,0.005204075,0.0073478045,0.005974055,0.005974055,0.0064007663,0.00787264,0.005575789,0.005204075,0.005204075,0.005575789,0.005575789,0.0048571415,0.0073478045,0.00787264,0.005974055,0.00787264,0.005974055,0.005575789,0.00787264,0.00787264,0.005575789,0.0073478045,0.005974055,0.005204075,0.0073478045,0.005575789,0.005204075,0.005974055,0.005575789,0.006857957,0.005204075,0.0073478045,0.006857957,0.0048571415,0.0064007663,0.005575789,0.005974055,0.005974055,0.0048571415,0.00787264,0.005575789,0.0048571415,0.005575789,0.005204075,0.005575789,0.00787264,0.005204075,0.005204075,0.005974055,0.00787264,0.005575789,0.005575789,0.0073478045,0.00787264,0.00787264,0.00787264,0.0048571415,0.005204075,0.005974055,0.006857957,0.0064007663,0.005974055,0.006857957,0.0048571415,0.00787264,0.0064007663,0.0064007663,0.0048571415,0.006857957,0.0064007663,0.0073478045,0.005974055,0.0064007663,0.0048571415,0.0048571415,0.006857957,0.005575789,0.005575789,0.005575789,0.006857957,0.0073478045,0.006857957,0.0073478045,0.005974055,0.00787264,0.0064007663,0.005974055,0.006857957,0.0064007663,0.005974055,0.005204075,0.0048571415,0.005204075,0.006857957,0.00787264,0.005204075,0.005204075,0.0064007663,0.006857957,0.00787264,0.0064007663,0.006857957,0.005575789,0.006857957,0.0073478045,0.005974055,0.006857957,0.0048571415,0.0048571415,0.0064007663,0.0064007663,0.00787264,0.0064007663,0.0064007663,0.0064007663,0.005575789,0.005204075,0.00787264,0.00787264,0.00787264,0.0073478045,0.005575789,0.005575789,0.006857957,0.0073478045,0.005575789,0.005974055,0.005204075,0.006857957,0.005204075,0.0048571415,3,3
0.006298161,0.0077464404,0.0077464404,0.0077464404,0.0047792806,0.007230018,0.0077464404,0.0054864082,0.006748023,0.0047792806,0.0058782897,0.006298161,0.0047792806,0.0047792806,0.0047792806,0.0054864082,0.006298161,0.006298161,0.0077464404,0.0058782897,0.007230018,0.007230018,0.0054864082,0.0058782897,0.0047792806,0.006298161,0.006748023,0.0058782897,0.0058782897,0.0077464404,0.0077464404,0.0058782897,0.006748023,0.0054864082,0.0077464404,0.0047792806,0.0047792806,0.0077464404,0.0047792806,0.0054864082,0.0047792806,0.007230018,0.006748023,0.0058782897,0.006748023,0.005120653,0.0047792806,0.0077464404,0.006748023,0.0058782897,0.0054864082,0.0047792806,0.0077464404,0.005120653,0.0054864082,0.0047792806,0.0047792806,0.0077464404,0.006298161,0.005120653,0.0054864082,0.0058782897,0.006748023,0.005120653,0.0077464404,0.0054864082,0.0054864082,0.006298161,0.007230018,0.006748023,0.006298161,0.007230018,0.0054864082,0.0054864082,0.007230018,0.0047792806,0.0054864082,0.0077464404,0.006298161,0.0054864082,0.006298161,0.0047792806,0.0077464404,0.0077464404,0.0054864082,0.0047792806,0.0054864082,0.0077464404,0.0077464404,0.0058782897,0.0077464404,0.006298161,0.0077464404,0.0047792806,0.0077464404,0.0058782897,0.0047792806,0.0077464404,0.0058782897,0.006748023,0.007230018,0.007230018,0.007230018,0.0058782897,0.005120653,0.0047792806,0.0054864082,0.0077464404,0.0047792806,0.0077464404,0.006298161,0.006748023,0.0054864082,0.0077464404,0.0047792806,0.0058782897,0.006748023,0.0077464404,0.0058782897,0.0054864082,0.005120653,0.005120653,0.0077464404,0.0077464404,0.005120653,0.0077464404,0.0077464404,0.006298161,0.006748023,0.006748023,0.0047792806,0.0054864082,0.007230018,0.007230018,0.0058782897,0.006748023,0.0054864082,0.0047792806,0.006298161,0.006298161,0.005120653,0.005120653,0.006298161,0.0054864082,0.0058782897,0.005120653,0.0077464404,0.0077464404,0.0077464404,0.0047792806,0.0058782897,0.0054864082,0.007230018,0.0077464404,0.006298161,0.007230018,0.0077464404,0.007230018,0.006298161,0.0047792806,1,2
0.0056837993,0.0065247575,0.00608978,0.0049512307,0.008025143,0.006990805,0.008025143,0.0056837993,0.006990805,0.008025143,0.0065247575,0.0065247575,0.0053048846,0.0053048846,0.0065247575,0.00608978,0.006990805,0.0065247575,0.0056837993,0.0065247575,0.0056837993,0.006990805,0.00608978,0.0049512307,0.0053048846,0.006990805,0.0056837993,0.0049512307,0.0049512307,0.008025143,0.008025143,0.0056837993,0.0053048846,0.006990805,0.008025143,0.0056837993,0.0065247575,0.0065247575,0.00608978,0.008025143,0.0049512307,0.0065247575,0.008025143,0.006990805,0.008025143,0.008025143,0.007490141,0.0049512307,0.0049512307,0.008025143,0.006990805,0.0049512307,0.0056837993,0.0049512307,0.008025143,0.0049512307,0.006990805,0.0056837993,0.0049512307,0.0065247575,0.008025143,0.0053048846,0.00608978,0.0053048846,0.008025143,0.0053048846,0.00608978,0.00608978,0.00608978,0.007490141,0.0053048846,0.0065247575,0.0056837993,0.0053048846,0.008025143,0.0053048846,0.0056837993,0.0049512307,0.0056837993,0.0049512307,0.0049512307,0.0049512307,0.0049512307,0.007490141,0.008025143,0.0049512307,0.0049512307,0.0053048846,0.007490141,0.00608978,0.00608978,0.006990805,0.0049512307,0.008025143,0.008025143,0.00608978,0.0049512307,0.0065247575,0.0065247575,0.008025143,0.0065247575,0.006990805,0.006990805,0.0056837993,0.007490141,0.008025143,0.006990805,0.0065247575,0.0049512307,0.0065247575,0.008025143,0.006990805,0.00608978,0.0049512307,0.006990805,0.006990805,0.006990805,0.0049512307,0.00608978,0.0049512307,0.0056837993,0.0053048846,0.0053048846,0.0049512307,0.0053048846,0.0049512307,0.0049512307,0.0056837993,0.007490141,0.0053048846,0.006990805,0.0056837993,0.007490141,0.006990805,0.008025143,0.008025143,0.0053048846,0.0049512307,0.00608978,0.008025143,0.0049512307,0.0053048846,0.006990805,0.0056837993,0.006990805,0.0049512307,0.0049512307,0.0049512307,0.0053048846,0.006990805,0.0049512307,0.00608978,0.006990805,0.0049512307,0.007490141,0.0053048846,0.0065247575,0.0049512307,0.0056837993,0.008025143,4,4
0.0064560534,0.0052490258,0.007940641,0.007940641,0.0048990953,0.007940641,0.0048990953,0.0048990953,0.0048990953,0.0048990953,0.007411272,0.006025656,0.0048990953,0.0052490258,0.007940641,0.0056239506,0.0064560534,0.0064560534,0.0048990953,0.0069171935,0.007940641,0.0048990953,0.006025656,0.006025656,0.0048990953,0.007940641,0.0064560534,0.0048990953,0.0048990953,0.007940641,0.007940641,0.0056239506,0.0048990953,0.0064560534,0.007940641,0.006025656,0.006025656,0.007411272,0.006025656,0.007411272,0.0048990953,0.006025656,0.007940641,0.0064560534,0.007940641,0.007940641,0.0069171935,0.0048990953,0.0048990953,0.0064560534,0.0069171935,0.006025656,0.0048990953,0.0052490258,0.007940641,0.0048990953,0.0064560534,0.0052490258,0.0048990953,0.0048990953,0.007940641,0.0052490258,0.006025656,0.0056239506,0.007940641,0.0052490258,0.0069171935,0.006025656,0.0064560534,0.007411272,0.007940641,0.007940641,0.0048990953,0.0052490258,0.0048990953,0.007411272,0.0064560534,0.0048990953,0.0048990953,0.0052490258,0.0048990953,0.0056239506,0.0056239506,0.007940641,0.007411272,0.0048990953,0.0048990953,0.0052490258,0.0064560534,0.006025656,0.006025656,0.0069171935,0.0048990953,0.007940641,0.007940641,0.0069171935,0.0048990953,0.0056239506,0.0048990953,0.007940641,0.007940641,0.007411272,0.0056239506,0.0048990953,0.007411272,0.007940641,0.007940641,0.0052490258,0.0048990953,0.007940641,0.007940641,0.007411272,0.006025656,0.006025656,0.0069171935,0.007940641,0.0064560534,0.0048990953,0.0052490258,0.0048990953,0.0069171935,0.0064560534,0.0048990953,0.0048990953,0.0048990953,0.0056239506,0.0056239506,0.006025656,0.007940641,0.0048990953,0.007411272,0.0064560534,0.006025656,0.0064560534,0.007411272,0.0069171935,0.0052490258,0.0064560534,0.006025656,0.007940641,0.0069171935,0.0056239506,0.0052490258,0.0056239506,0.0069171935,0.0069171935,0.0056239506,0.007940641,0.007940641,0.0048990953,0.0069171935,0.0056239506,0.0048990953,0.006025656,0.007940641,0.007940641,0.0056239506,0.0048990953,0.0048990953,0.0069171935,2,4
0.004754816,0.005094441,0.0067134807,0.0077067874,0.004754816,0.005094441,0.0077067874,0.0067134807,0.0071930084,0.0077067874,0.005458324,0.005458324,0.0071930084,0.004754816,0.0077067874,0.0058481996,0.0071930084,0.0062659215,0.0077067874,0.005458324,0.0058481996,0.0071930084,0.0058481996,0.0067134807,0.004754816,0.0077067874,0.0067134807,0.005458324,0.0062659215,0.0077067874,0.005458324,0.0058481996,0.004754816,0.005458324,0.0077067874,0.004754816,0.005458324,0.0067134807,0.004754816,0.005458324,0.004754816,0.0071930084,0.0077067874,0.0058481996,0.0077067874,0.0077067874,0.0062659215,0.004754816,0.004754816,0.0067134807,0.005458324,0.005094441,0.0062659215,0.004754816,0.0058481996,0.0077067874,0.0062659215,0.004754816,0.004754816,0.0077067874,0.0067134807,0.0058481996,0.0058481996,0.005094441,0.0077067874,0.005094441,0.0058481996,0.005094441,0.005458324,0.0067134807,0.005458324,0.0062659215,0.005458324,0.005094441,0.0077067874,0.0062659215,0.005458324,0.0077067874,0.0067134807,0.0071930084,0.0067134807,0.0071930084,0.004754816,0.004754816,0.0077067874,0.0077067874,0.0062659215,0.004754816,0.005094441,0.005094441,0.0071930084,0.0067134807,0.0077067874,0.004754816,0.0077067874,0.0077067874,0.0071930084,0.004754816,0.004754816,0.0077067874,0.0071930084,0.0071930084,0.0071930084,0.0058481996,0.0077067874,0.0077067874,0.0071930084,0.004754816,0.004754816,0.0058481996,0.0067134807,0.0077067874,0.004754816,0.0077067874,0.0067134807,0.0058481996,0.0067134807,0.0077067874,0.0058481996,0.004754816,0.005094441,0.005094441,0.0077067874,0.0077067874,0.004754816,0.005094441,0.0071930084,0.0067134807,0.0077067874,0.0062659215,0.0067134807,0.0077067874,0.0062659215,0.0067134807,0.0058481996,0.005458324,0.0058481996,0.0058481996,0.0071930084,0.005458324,0.0058481996,0.0067134807,0.005094441,0.004754816,0.0071930084,0.005094441,0.0077067874,0.0077067874,0.0077067874,0.0067134807,0.005094441,0.005458324,0.0071930084,0.0077067874,0.0067134807,0.0067134807,0.0058481996,0.0058481996,0.0058481996,0.004754816,3,0
0.0048411638,0.0051869564,0.0048411638,0.007846743,0.0051869564,0.0048411638,0.006379711,0.006835398,0.007846743,0.007846743,0.006379711,0.005954403,0.0055574477,0.0048411638,0.007846743,0.007323634,0.005954403,0.0048411638,0.007323634,0.006835398,0.007323634,0.007323634,0.0051869564,0.005954403,0.005954403,0.006835398,0.0055574477,0.005954403,0.005954403,0.007846743,0.006379711,0.0055574477,0.0048411638,0.0051869564,0.007846743,0.0055574477,0.0051869564,0.005954403,0.0048411638,0.0055574477,0.0051869564,0.006835398,0.007846743,0.005954403,0.007846743,0.007323634,0.0055574477,0.005954403,0.0048411638,0.006379711,0.006379711,0.006835398,0.005954403,0.0055574477,0.006379711,0.007846743,0.0055574477,0.0048411638,0.0048411638,0.007323634,0.007323634,0.0051869564,0.0055574477,0.0048411638,0.007846743,0.0051869564,0.005954403,0.0048411638,0.0055574477,0.006835398,0.0048411638,0.006379711,0.0048411638,0.0055574477,0.007846743,0.007323634,0.006379711,0.007323634,0.0048411638,0.006835398,0.0048411638,0.007323634,0.007846743,0.007846743,0.007846743,0.0048411638,0.0051869564,0.0048411638,0.0048411638,0.006379711,0.006379711,0.006379711,0.0055574477,0.0048411638,0.007846743,0.006379711,0.0048411638,0.0048411638,0.0048411638,0.007846743,0.007323634,0.007323634,0.006379711,0.0051869564,0.007846743,0.006379711,0.0055574477,0.0048411638,0.0048411638,0.007846743,0.006835398,0.007846743,0.0048411638,0.007846743,0.006835398,0.005954403,0.006835398,0.006835398,0.0051869564,0.0051869564,0.006379711,0.0055574477,0.006835398,0.007846743,0.0055574477,0.0055574477,0.007846743,0.005954403,0.007846743,0.006835398,0.007846743,0.0055574477,0.006379711,0.007323634,0.007846743,0.006835398,0.005954403,0.0048411638,0.006379711,0.006379711,0.005954403,0.006379711,0.005954403,0.0055574477,0.006835398,0.0051869564,0.007846743,0.007846743,0.007846743,0.007846743,0.0051869564,0.0055574477,0.006379711,0.006835398,0.0055574477,0.007846743,0.006379711,0.0055574477,0.0055574477,0.0051869564,3,4
0.0060886317,0.0074887294,0.0074887294,0.0074887294,0.0049502975,0.0069894874,0.0074887294,0.0065235277,0.0069894874,0.0049502975,0.0069894874,0.0060886317,0.004620282,0.004620282,0.004620282,0.0074887294,0.0060886317,0.005303885,0.0074887294,0.0056827287,0.0074887294,0.0069894874,0.004620282,0.004620282,0.0049502975,0.0074887294,0.005303885,0.0049502975,0.004620282,0.0074887294,0.0074887294,0.0060886317,0.0074887294,0.0056827287,0.004620282,0.0065235277,0.0056827287,0.0060886317,0.004620282,0.0074887294,0.004620282,0.0074887294,0.0074887294,0.0074887294,0.005303885,0.0074887294,0.0069894874,0.0074887294,0.0074887294,0.0074887294,0.0065235277,0.0074887294,0.0074887294,0.0074887294,0.0056827287,0.0074887294,0.0065235277,0.0074887294,0.0074887294,0.0056827287,0.0074887294,0.0049502975,0.004620282,0.004620282,0.0074887294,0.0060886317,0.0060886317,0.0049502975,0.0056827287,0.0060886317,0.0065235277,0.0074887294,0.004620282,0.005303885,0.004620282,0.0074887294,0.0060886317,0.0060886317,0.0065235277,0.0074887294,0.0074887294,0.004620282,0.004620282,0.004620282,0.004620282,0.0069894874,0.0069894874,0.0074887294,0.005303885,0.0074887294,0.0074887294,0.0065235277,0.0074887294,0.004620282,0.0074887294,0.0074887294,0.0074887294,0.004620282,0.0049502975,0.004620282,0.005303885,0.0065235277,0.0069894874,0.0060886317,0.0065235277,0.004620282,0.005303885,0.005303885,0.004620282,0.0069894874,0.0069894874,0.0074887294,0.004620282,0.0069894874,0.0065235277,0.0049502975,0.0069894874,0.0074887294,0.0074887294,0.005303885,0.0074887294,0.0069894874,0.0074887294,0.0074887294,0.0069894874,0.0069894874,0.0065235277,0.0049502975,0.005303885,0.0060886317,0.0074887294,0.005303885,0.005303885,0.0060886317,0.0074887294,0.0069894874,0.0049502975,0.004620282,0.0060886317,0.005303885,0.0060886317,0.0065235277,0.005303885,0.004620282,0.005303885,0.0065235277,0.0074887294,0.0074887294,0.0074887294,0.004620282,0.0056827287,0.005303885,0.0074887294,0.0074887294,0.0069894874,0.005303885,0.0056827287,0.0060886317,0.0056827287,0.0060886317,1,0
0.0069863945,0.0074854153,0.0074854153,0.0074854153,0.006520641,0.0069863945,0.0074854153,0.0069863945,0.0074854153,0.0074854153,0.0060859374,0.005680214,0.0046182373,0.0046182373,0.005680214,0.0060859374,0.0060859374,0.0060859374,0.0074854153,0.0049481066,0.0069863945,0.0069863945,0.005301538,0.005301538,0.0049481066,0.0069863945,0.005301538,0.0060859374,0.0060859374,0.0074854153,0.006520641,0.005680214,0.0069863945,0.006520641,0.0046182373,0.0060859374,0.005301538,0.006520641,0.005301538,0.0060859374,0.0046182373,0.0074854153,0.0069863945,0.0074854153,0.0069863945,0.0060859374,0.005301538,0.0074854153,0.0074854153,0.0069863945,0.005680214,0.0074854153,0.0074854153,0.0074854153,0.005301538,0.0074854153,0.006520641,0.0074854153,0.0074854153,0.006520641,0.006520641,0.0049481066,0.0049481066,0.005680214,0.0074854153,0.0060859374,0.005680214,0.0046182373,0.005301538,0.006520641,0.005680214,0.0074854153,0.0046182373,0.005301538,0.0046182373,0.0074854153,0.0060859374,0.0074854153,0.0074854153,0.005680214,0.0074854153,0.0046182373,0.0046182373,0.0046182373,0.0046182373,0.0074854153,0.0074854153,0.0074854153,0.005680214,0.0074854153,0.0074854153,0.006520641,0.0074854153,0.0046182373,0.0074854153,0.0074854153,0.0074854153,0.0046182373,0.005301538,0.0046182373,0.005680214,0.0060859374,0.005680214,0.005301538,0.0069863945,0.0046182373,0.005680214,0.005301538,0.0046182373,0.0060859374,0.0069863945,0.0074854153,0.0049481066,0.0074854153,0.006520641,0.0046182373,0.0069863945,0.006520641,0.0074854153,0.005680214,0.0069863945,0.005680214,0.0074854153,0.0074854153,0.0049481066,0.0074854153,0.005680214,0.0046182373,0.0049481066,0.006520641,0.0069863945,0.005301538,0.0060859374,0.0060859374,0.0060859374,0.0069863945,0.0046182373,0.0046182373,0.0060859374,0.005680214,0.005680214,0.006520641,0.005680214,0.005301538,0.005680214,0.005301538,0.0074854153,0.0074854153,0.0074854153,0.0046182373,0.005680214,0.005301538,0.0074854153,0.0074854153,0.0074854153,0.0046182373,0.006520641,0.0074854153,0.0074854153,0.0069863945,1,1
0.0061493143,0.0070591485,0.007563366,0.007563366,0.0046663303,0.0070591485,0.007563366,0.0065885447,0.0070591485,0.0046663303,0.0070591485,0.0061493143,0.0046663303,0.0046663303,0.0061493143,0.007563366,0.0061493143,0.0053567463,0.007563366,0.005739366,0.007563366,0.0070591485,0.0046663303,0.004999635,0.0046663303,0.007563366,0.0053567463,0.0053567463,0.0046663303,0.007563366,0.007563366,0.005739366,0.007563366,0.0061493143,0.0046663303,0.0065885447,0.005739366,0.0061493143,0.0053567463,0.0070591485,0.0046663303,0.0061493143,0.007563366,0.007563366,0.0061493143,0.0061493143,0.0061493143,0.007563366,0.007563366,0.0070591485,0.005739366,0.007563366,0.0061493143,0.007563366,0.0046663303,0.007563366,0.0065885447,0.007563366,0.007563366,0.005739366,0.007563366,0.005739366,0.0046663303,0.0046663303,0.007563366,0.004999635,0.005739366,0.004999635,0.005739366,0.0065885447,0.007563366,0.007563366,0.0046663303,0.004999635,0.0065885447,0.007563366,0.0053567463,0.0070591485,0.007563366,0.0061493143,0.0065885447,0.0046663303,0.004999635,0.0046663303,0.0046663303,0.0061493143,0.005739366,0.007563366,0.0053567463,0.0046663303,0.007563366,0.0065885447,0.007563366,0.0046663303,0.007563366,0.007563366,0.007563366,0.0046663303,0.0061493143,0.0046663303,0.005739366,0.0061493143,0.007563366,0.0061493143,0.0070591485,0.0046663303,0.0053567463,0.0053567463,0.0046663303,0.0070591485,0.007563366,0.007563366,0.0046663303,0.0065885447,0.007563366,0.0046663303,0.0065885447,0.0065885447,0.005739366,0.0046663303,0.007563366,0.0065885447,0.007563366,0.007563366,0.007563366,0.0061493143,0.0065885447,0.005739366,0.0061493143,0.0061493143,0.007563366,0.0053567463,0.0053567463,0.0065885447,0.0070591485,0.007563366,0.0061493143,0.0046663303,0.005739366,0.0061493143,0.005739366,0.005739366,0.0053567463,0.0046663303,0.0061493143,0.0061493143,0.007563366,0.007563366,0.007563366,0.0046663303,0.0046663303,0.0061493143,0.007563366,0.0070591485,0.0053567463,0.007563366,0.0061493143,0.0061493143,0.0061493143,0.004999635,2,0
0.007501118,0.007501118,0.007501118,0.007501118,0.005312659,0.007501118,0.007501118,0.0070010503,0.007501118,0.007501118,0.006098704,0.0065343194,0.0046279253,0.0046279253,0.006098704,0.0046279253,0.0070010503,0.005312659,0.007501118,0.0046279253,0.006098704,0.0070010503,0.0056921295,0.0065343194,0.0056921295,0.007501118,0.005312659,0.0056921295,0.005312659,0.0065343194,0.006098704,0.0056921295,0.007501118,0.0065343194,0.0046279253,0.0065343194,0.006098704,0.006098704,0.0046279253,0.0065343194,0.0046279253,0.0070010503,0.007501118,0.007501118,0.0070010503,0.007501118,0.0065343194,0.0070010503,0.007501118,0.0056921295,0.006098704,0.007501118,0.007501118,0.007501118,0.005312659,0.007501118,0.0065343194,0.007501118,0.007501118,0.0065343194,0.0049584867,0.0065343194,0.0056921295,0.0056921295,0.0065343194,0.006098704,0.006098704,0.0046279253,0.0056921295,0.0070010503,0.0049584867,0.007501118,0.0049584867,0.005312659,0.0046279253,0.007501118,0.006098704,0.007501118,0.007501118,0.0070010503,0.0070010503,0.005312659,0.0046279253,0.0046279253,0.0056921295,0.0070010503,0.007501118,0.007501118,0.0056921295,0.007501118,0.0065343194,0.0065343194,0.007501118,0.0046279253,0.007501118,0.007501118,0.007501118,0.0046279253,0.006098704,0.0046279253,0.005312659,0.007501118,0.006098704,0.0049584867,0.0070010503,0.0046279253,0.006098704,0.0056921295,0.0046279253,0.005312659,0.007501118,0.007501118,0.0046279253,0.0070010503,0.0056921295,0.0046279253,0.0065343194,0.007501118,0.007501118,0.0049584867,0.007501118,0.0070010503,0.007501118,0.007501118,0.006098704,0.007501118,0.0070010503,0.0046279253,0.0046279253,0.0065343194,0.0065343194,0.005312659,0.0065343194,0.0070010503,0.005312659,0.005312659,0.0046279253,0.0046279253,0.006098704,0.005312659,0.0056921295,0.0065343194,0.0056921295,0.0046279253,0.0065343194,0.0049584867,0.007501118,0.007501118,0.007501118,0.0046279253,0.0046279253,0.005312659,0.007501118,0.007501118,0.007501118,0.0046279253,0.0049584867,0.0065343194,0.0065343194,0.0046279253,0,3
0.006346831,0.0072858892,0.0078063025,0.0078063025,0.0048162136,0.0068001696,0.0078063025,0.0068001696,0.0078063025,0.0051602237,0.0059237154,0.005528806,0.0048162136,0.0048162136,0.0048162136,0.0051602237,0.006346831,0.0068001696,0.0078063025,0.005528806,0.0059237154,0.0072858892,0.0059237154,0.0059237154,0.0048162136,0.0078063025,0.006346831,0.0059237154,0.0048162136,0.0059237154,0.0072858892,0.0059237154,0.0078063025,0.006346831,0.0048162136,0.0051602237,0.005528806,0.0078063025,0.005528806,0.006346831,0.005528806,0.0072858892,0.0078063025,0.005528806,0.0051602237,0.006346831,0.0059237154,0.0078063025,0.0078063025,0.0068001696,0.005528806,0.0078063025,0.0051602237,0.006346831,0.0048162136,0.0078063025,0.0059237154,0.0078063025,0.0072858892,0.0068001696,0.0072858892,0.0059237154,0.0051602237,0.0051602237,0.0078063025,0.0051602237,0.0059237154,0.0048162136,0.005528806,0.0078063025,0.006346831,0.0078063025,0.0048162136,0.005528806,0.0048162136,0.0072858892,0.006346831,0.0078063025,0.0078063025,0.005528806,0.0051602237,0.0051602237,0.0051602237,0.0051602237,0.0068001696,0.0048162136,0.006346831,0.0078063025,0.0072858892,0.0048162136,0.0072858892,0.0068001696,0.0078063025,0.0048162136,0.0078063025,0.005528806,0.0078063025,0.0048162136,0.006346831,0.0051602237,0.0068001696,0.0068001696,0.006346831,0.005528806,0.0068001696,0.0048162136,0.006346831,0.005528806,0.0048162136,0.005528806,0.006346831,0.0078063025,0.005528806,0.005528806,0.0072858892,0.0048162136,0.0072858892,0.006346831,0.0059237154,0.005528806,0.006346831,0.0068001696,0.0078063025,0.0078063025,0.0059237154,0.006346831,0.0068001696,0.006346831,0.0072858892,0.006346831,0.0072858892,0.0059237154,0.0048162136,0.0059237154,0.0051602237,0.0068001696,0.0059237154,0.0051602237,0.006346831,0.005528806,0.0059237154,0.0068001696,0.0051602237,0.0048162136,0.0072858892,0.0051602237,0.0078063025,0.0078063025,0.0078063025,0.0048162136,0.0048162136,0.006346831,0.0072858892,0.0072858892,0.0048162136,0.006346831,0.005528806,0.0068001696,0.006346831,0.0048162136,2,0
0.004992726,0.005349344,0.004992726,0.004992726,0.008092401,0.0061408174,0.00657944,0.004992726,0.004992726,0.008092401,0.0070493934,0.005349344,0.004992726,0.008092401,0.008092401,0.0057314346,0.00657944,0.00657944,0.004992726,0.00657944,0.0057314346,0.0070493934,0.0061408174,0.005349344,0.00657944,0.0075529143,0.0061408174,0.005349344,0.004992726,0.008092401,0.0070493934,0.004992726,0.004992726,0.0070493934,0.008092401,0.004992726,0.0061408174,0.00657944,0.00657944,0.0070493934,0.004992726,0.0061408174,0.008092401,0.0061408174,0.008092401,0.008092401,0.00657944,0.0061408174,0.004992726,0.008092401,0.0057314346,0.004992726,0.0070493934,0.004992726,0.0070493934,0.004992726,0.0070493934,0.004992726,0.004992726,0.0075529143,0.008092401,0.0061408174,0.00657944,0.004992726,0.008092401,0.005349344,0.0061408174,0.0061408174,0.005349344,0.0061408174,0.004992726,0.005349344,0.004992726,0.005349344,0.0075529143,0.005349344,0.00657944,0.004992726,0.004992726,0.004992726,0.004992726,0.005349344,0.008092401,0.0075529143,0.008092401,0.004992726,0.004992726,0.005349344,0.0070493934,0.0061408174,0.0061408174,0.0070493934,0.004992726,0.008092401,0.008092401,0.0057314346,0.004992726,0.00657944,0.00657944,0.008092401,0.00657944,0.00657944,0.0075529143,0.00657944,0.0075529143,0.008092401,0.0075529143,0.004992726,0.004992726,0.008092401,0.0070493934,0.0057314346,0.0061408174,0.0057314346,0.0070493934,0.0061408174,0.0070493934,0.004992726,0.00657944,0.004992726,0.004992726,0.005349344,0.004992726,0.004992726,0.0057314346,0.004992726,0.005349344,0.0070493934,0.008092401,0.004992726,0.0070493934,0.00657944,0.0075529143,0.0075529143,0.00657944,0.0070493934,0.0061408174,0.0070493934,0.004992726,0.008092401,0.004992726,0.005349344,0.0075529143,0.0061408174,0.0070493934,0.004992726,0.004992726,0.004992726,0.004992726,0.008092401,0.005349344,0.0057314346,0.0070493934,0.00657944,0.008092401,0.004992726,0.00657944,0.0057314346,0.005349344,0.00657944,4,4
0.0056919656,0.007500902,0.007500902,0.007500902,0.0056919656,0.007500902,0.007500902,0.0065341312,0.007500902,0.004627792,0.0056919656,0.005312506,0.004627792,0.004627792,0.004627792,0.0060985284,0.0060985284,0.0060985284,0.007500902,0.0056919656,0.0070008487,0.0070008487,0.0060985284,0.0056919656,0.004627792,0.004627792,0.005312506,0.0060985284,0.0060985284,0.0049583437,0.0056919656,0.0056919656,0.007500902,0.0065341312,0.004627792,0.0070008487,0.005312506,0.0065341312,0.005312506,0.007500902,0.004627792,0.007500902,0.007500902,0.007500902,0.0065341312,0.007500902,0.0060985284,0.007500902,0.007500902,0.0065341312,0.005312506,0.007500902,0.007500902,0.007500902,0.004627792,0.007500902,0.0065341312,0.007500902,0.007500902,0.0060985284,0.005312506,0.0049583437,0.004627792,0.0049583437,0.007500902,0.005312506,0.0060985284,0.005312506,0.0056919656,0.0070008487,0.0056919656,0.007500902,0.004627792,0.005312506,0.004627792,0.0070008487,0.0060985284,0.007500902,0.007500902,0.007500902,0.007500902,0.004627792,0.004627792,0.004627792,0.004627792,0.007500902,0.007500902,0.007500902,0.0056919656,0.007500902,0.007500902,0.0065341312,0.007500902,0.004627792,0.007500902,0.007500902,0.007500902,0.005312506,0.0060985284,0.004627792,0.005312506,0.007500902,0.0065341312,0.0049583437,0.0056919656,0.004627792,0.0056919656,0.0060985284,0.004627792,0.0056919656,0.0070008487,0.007500902,0.005312506,0.007500902,0.0065341312,0.004627792,0.0065341312,0.007500902,0.007500902,0.0060985284,0.007500902,0.0060985284,0.007500902,0.007500902,0.0065341312,0.007500902,0.0060985284,0.004627792,0.004627792,0.0065341312,0.0060985284,0.005312506,0.0065341312,0.0070008487,0.0065341312,0.0065341312,0.0049583437,0.004627792,0.0060985284,0.005312506,0.005312506,0.0060985284,0.0056919656,0.004627792,0.0065341312,0.0065341312,0.007500902,0.007500902,0.007500902,0.004627792,0.004627792,0.005312506,0.007500902,0.007500902,0.0065341312,0.004627792,0.007500902,0.007500902,0.007500902,0.0070008487,1,3
0.006082958,0.0069829742,0.007481751,0.007481751,0.004615977,0.0069829742,0.007481751,0.006517449,0.0069829742,0.004615977,0.006082958,0.006082958,0.004615977,0.004615977,0.0049456847,0.005677433,0.006082958,0.006517449,0.007481751,0.005677433,0.0069829742,0.0069829742,0.0049456847,0.005677433,0.004615977,0.007481751,0.0052989423,0.006082958,0.006517449,0.007481751,0.006517449,0.006082958,0.007481751,0.006082958,0.004615977,0.0052989423,0.006082958,0.006082958,0.004615977,0.006517449,0.004615977,0.0069829742,0.006517449,0.007481751,0.007481751,0.007481751,0.006517449,0.007481751,0.007481751,0.0069829742,0.0052989423,0.007481751,0.007481751,0.007481751,0.004615977,0.007481751,0.006517449,0.007481751,0.007481751,0.005677433,0.007481751,0.005677433,0.004615977,0.004615977,0.007481751,0.005677433,0.006082958,0.0049456847,0.0052989423,0.006517449,0.007481751,0.007481751,0.004615977,0.0049456847,0.005677433,0.007481751,0.006082958,0.007481751,0.007481751,0.007481751,0.006517449,0.004615977,0.004615977,0.004615977,0.004615977,0.006517449,0.0069829742,0.007481751,0.005677433,0.007481751,0.007481751,0.006517449,0.007481751,0.004615977,0.007481751,0.007481751,0.007481751,0.004615977,0.006082958,0.004615977,0.006082958,0.0069829742,0.0069829742,0.0052989423,0.0069829742,0.004615977,0.005677433,0.006082958,0.004615977,0.006517449,0.006517449,0.007481751,0.0052989423,0.006517449,0.007481751,0.004615977,0.006517449,0.007481751,0.007481751,0.006517449,0.0069829742,0.006517449,0.007481751,0.007481751,0.007481751,0.006082958,0.006517449,0.0052989423,0.006082958,0.006082958,0.007481751,0.0052989423,0.005677433,0.006082958,0.0069829742,0.006517449,0.006082958,0.004615977,0.006517449,0.005677433,0.005677433,0.005677433,0.0049456847,0.004615977,0.006517449,0.005677433,0.007481751,0.007481751,0.007481751,0.004615977,0.004615977,0.0052989423,0.007481751,0.0069829742,0.0052989423,0.006082958,0.006082958,0.006517449,0.006082958,0.004615977,2,0
0.0048897713,0.0064437664,0.0048897713,0.007925528,0.0048897713,0.005613247,0.007925528,0.006904029,0.007925528,0.007925528,0.005613247,0.005613247,0.0048897713,0.007925528,0.006904029,0.005613247,0.0064437664,0.005613247,0.007925528,0.005239036,0.0060141883,0.0073971665,0.0064437664,0.0060141883,0.0048897713,0.0073971665,0.005613247,0.0064437664,0.005239036,0.007925528,0.006904029,0.005613247,0.005239036,0.0073971665,0.007925528,0.0048897713,0.0064437664,0.0048897713,0.007925528,0.005613247,0.0048897713,0.0064437664,0.007925528,0.0060141883,0.007925528,0.0064437664,0.0060141883,0.0060141883,0.007925528,0.005613247,0.0064437664,0.005613247,0.0048897713,0.0073971665,0.007925528,0.0048897713,0.005613247,0.0048897713,0.007925528,0.0048897713,0.0073971665,0.0073971665,0.0048897713,0.006904029,0.0060141883,0.005613247,0.0064437664,0.0048897713,0.007925528,0.0048897713,0.005239036,0.005613247,0.005613247,0.005613247,0.0064437664,0.0048897713,0.0060141883,0.0048897713,0.006904029,0.005613247,0.0048897713,0.0073971665,0.007925528,0.0073971665,0.007925528,0.0048897713,0.005239036,0.0048897713,0.0064437664,0.0064437664,0.0060141883,0.006904029,0.0048897713,0.007925528,0.0064437664,0.005613247,0.0048897713,0.005613247,0.006904029,0.007925528,0.005613247,0.0064437664,0.0048897713,0.0048897713,0.0060141883,0.0048897713,0.005613247,0.005239036,0.007925528,0.005613247,0.0064437664,0.0073971665,0.0064437664,0.0073971665,0.0060141883,0.0060141883,0.006904029,0.0060141883,0.005613247,0.0048897713,0.005613247,0.005239036,0.0048897713,0.007925528,0.005239036,0.005613247,0.006904029,0.006904029,0.007925528,0.0064437664,0.006904029,0.0060141883,0.0073971665,0.0073971665,0.005613247,0.006904029,0.005239036,0.005239036,0.007925528,0.0064437664,0.005613247,0.0064437664,0.0060141883,0.0073971665,0.005613247,0.005239036,0.007925528,0.007925528,0.007925528,0.0060141883,0.0060141883,0.005613247,0.006904029,0.0073971665,0.005613247,0.0073971665,0.0060141883,0.005613247,0.005613247,0.0048897713,3,3
0.0062046857,0.0076314704,0.0076314704,0.0076314704,0.0047083483,0.0071227127,0.0076314704,0.005791046,0.0066478713,0.0047083483,0.005791046,0.0062046857,0.0047083483,0.0047083483,0.0047083483,0.005791046,0.0062046857,0.0066478713,0.0076314704,0.0062046857,0.0071227127,0.0071227127,0.005044654,0.0047083483,0.0047083483,0.0047083483,0.0054049813,0.0062046857,0.0071227127,0.0047083483,0.0047083483,0.005791046,0.0076314704,0.0066478713,0.0047083483,0.0062046857,0.0054049813,0.005791046,0.0047083483,0.0066478713,0.0047083483,0.0076314704,0.0076314704,0.0076314704,0.0062046857,0.0066478713,0.0062046857,0.0076314704,0.0076314704,0.0066478713,0.0054049813,0.0076314704,0.0076314704,0.0076314704,0.0047083483,0.0076314704,0.0066478713,0.0076314704,0.0076314704,0.005791046,0.005044654,0.0062046857,0.0047083483,0.0047083483,0.0076314704,0.0062046857,0.0062046857,0.0054049813,0.0062046857,0.0062046857,0.005791046,0.0076314704,0.0047083483,0.005044654,0.0047083483,0.0076314704,0.0062046857,0.0076314704,0.0076314704,0.0076314704,0.0076314704,0.005044654,0.0047083483,0.0047083483,0.0047083483,0.005791046,0.0076314704,0.0076314704,0.005791046,0.0076314704,0.0076314704,0.0066478713,0.0076314704,0.0047083483,0.0076314704,0.0076314704,0.0076314704,0.0047083483,0.0062046857,0.0047083483,0.005044654,0.0066478713,0.0062046857,0.005044654,0.0054049813,0.0047083483,0.0062046857,0.0062046857,0.0047083483,0.0047083483,0.0071227127,0.0076314704,0.0054049813,0.0076314704,0.0076314704,0.0047083483,0.0066478713,0.0076314704,0.0076314704,0.0062046857,0.0071227127,0.0071227127,0.0076314704,0.0076314704,0.0076314704,0.0076314704,0.0076314704,0.0047083483,0.005044654,0.0071227127,0.005044654,0.0054049813,0.0047083483,0.0066478713,0.005044654,0.0066478713,0.0062046857,0.0047083483,0.0062046857,0.0062046857,0.005044654,0.0066478713,0.005791046,0.0047083483,0.0071227127,0.005791046,0.0076314704,0.0076314704,0.0076314704,0.0047083483,0.0047083483,0.0054049813,0.0076314704,0.0076314704,0.0066478713,0.0047083483,0.0066478713,0.0071227127,0.0066478713,0.005044654,1,1
0.0049918783,0.0065783234,0.0049918783,0.006139775,0.005348436,0.005348436,0.0057304613,0.0049918783,0.008091027,0.008091027,0.0075516324,0.006139775,0.0049918783,0.008091027,0.008091027,0.005348436,0.0075516324,0.0057304613,0.008091027,0.0049918783,0.0057304613,0.0065783234,0.006139775,0.0065783234,0.005348436,0.005348436,0.0057304613,0.0065783234,0.0070481966,0.0049918783,0.006139775,0.006139775,0.006139775,0.0070481966,0.008091027,0.0065783234,0.0065783234,0.0049918783,0.0057304613,0.0065783234,0.0049918783,0.0070481966,0.0070481966,0.0057304613,0.008091027,0.008091027,0.0070481966,0.006139775,0.008091027,0.0065783234,0.0065783234,0.005348436,0.0065783234,0.008091027,0.0065783234,0.0049918783,0.0065783234,0.0049918783,0.008091027,0.005348436,0.005348436,0.0065783234,0.005348436,0.0070481966,0.0049918783,0.005348436,0.0065783234,0.0049918783,0.008091027,0.0049918783,0.0057304613,0.006139775,0.0057304613,0.005348436,0.008091027,0.0049918783,0.006139775,0.0049918783,0.0049918783,0.0049918783,0.0049918783,0.0065783234,0.0065783234,0.008091027,0.0065783234,0.0049918783,0.0049918783,0.0070481966,0.008091027,0.0049918783,0.006139775,0.0065783234,0.0049918783,0.0049918783,0.008091027,0.0049918783,0.0049918783,0.0057304613,0.0070481966,0.008091027,0.0057304613,0.0075516324,0.0049918783,0.006139775,0.0049918783,0.0049918783,0.0057304613,0.0049918783,0.008091027,0.006139775,0.006139775,0.0049918783,0.0049918783,0.0070481966,0.006139775,0.006139775,0.0070481966,0.0065783234,0.0065783234,0.0049918783,0.006139775,0.0057304613,0.0057304613,0.0065783234,0.0065783234,0.0049918783,0.008091027,0.0065783234,0.008091027,0.0075516324,0.0049918783,0.006139775,0.0075516324,0.0075516324,0.005348436,0.0057304613,0.0049918783,0.0049918783,0.0065783234,0.006139775,0.0057304613,0.0070481966,0.0065783234,0.008091027,0.0070481966,0.0057304613,0.0065783234,0.008091027,0.008091027,0.0057304613,0.0065783234,0.0057304613,0.0070481966,0.0075516324,0.0049918783,0.006139775,0.005348436,0.0057304613,0.0070481966,0.0049918783,8,3
0.005138674,0.0058989767,0.007773702,0.007773702,0.0047961003,0.0047961003,0.0067717712,0.007255462,0.007773702,0.007773702,0.0063203257,0.0067717712,0.005138674,0.0047961003,0.007773702,0.0063203257,0.0058989767,0.0058989767,0.007773702,0.0047961003,0.0058989767,0.007255462,0.005138674,0.0063203257,0.0058989767,0.007773702,0.0055057164,0.0047961003,0.0055057164,0.005138674,0.0063203257,0.005138674,0.0047961003,0.0055057164,0.007773702,0.0067717712,0.0058989767,0.007773702,0.0055057164,0.0067717712,0.005138674,0.0063203257,0.0063203257,0.005138674,0.007773702,0.0058989767,0.0047961003,0.007773702,0.007773702,0.0058989767,0.0055057164,0.005138674,0.007773702,0.0047961003,0.0055057164,0.0055057164,0.0058989767,0.007773702,0.0055057164,0.005138674,0.0063203257,0.005138674,0.0055057164,0.0047961003,0.0067717712,0.0055057164,0.0058989767,0.005138674,0.0055057164,0.007255462,0.0058989767,0.0058989767,0.0055057164,0.005138674,0.007773702,0.0055057164,0.0055057164,0.007773702,0.0063203257,0.0047961003,0.007773702,0.0067717712,0.007773702,0.007773702,0.007773702,0.0047961003,0.0058989767,0.007255462,0.007255462,0.0058989767,0.0058989767,0.0067717712,0.007773702,0.0047961003,0.007773702,0.0058989767,0.0047961003,0.0067717712,0.0067717712,0.0063203257,0.007773702,0.007773702,0.0063203257,0.005138674,0.0055057164,0.0047961003,0.0058989767,0.007773702,0.0047961003,0.007773702,0.007773702,0.0055057164,0.0055057164,0.007255462,0.0055057164,0.0058989767,0.0067717712,0.007255462,0.0058989767,0.005138674,0.0058989767,0.0055057164,0.007773702,0.007773702,0.0058989767,0.007255462,0.0067717712,0.0063203257,0.007773702,0.0067717712,0.0067717712,0.0055057164,0.0067717712,0.007255462,0.0055057164,0.0063203257,0.005138674,0.0047961003,0.0067717712,0.0055057164,0.0063203257,0.0058989767,0.0063203257,0.0055057164,0.0058989767,0.005138674,0.007773702,0.007773702,0.007773702,0.007255462,0.0047961003,0.0055057164,0.0063203257,0.0067717712,0.0055057164,0.007773702,0.0058989767,0.0058989767,0.0063203257,0.0047961003,2,2
0.006802929,0.005162318,0.00780947,0.00780947,0.0048181675,0.005531049,0.00780947,0.0072888457,0.00780947,0.0072888457,0.0059261187,0.005531049,0.0063494067,0.005162318,0.0072888457,0.0048181675,0.006802929,0.0063494067,0.00780947,0.005162318,0.006802929,0.0072888457,0.005531049,0.0072888457,0.0048181675,0.005162318,0.005531049,0.005531049,0.0063494067,0.005162318,0.005162318,0.005531049,0.0072888457,0.0072888457,0.00780947,0.006802929,0.005531049,0.00780947,0.0048181675,0.005531049,0.0048181675,0.0072888457,0.0072888457,0.005531049,0.00780947,0.0048181675,0.0048181675,0.00780947,0.005162318,0.0059261187,0.005531049,0.005162318,0.00780947,0.0048181675,0.005531049,0.005162318,0.0048181675,0.00780947,0.0059261187,0.005162318,0.005162318,0.0059261187,0.0072888457,0.005531049,0.006802929,0.005531049,0.0063494067,0.0048181675,0.005531049,0.006802929,0.0059261187,0.00780947,0.005162318,0.0048181675,0.0048181675,0.0048181675,0.005162318,0.00780947,0.0072888457,0.0048181675,0.0072888457,0.0059261187,0.00780947,0.00780947,0.0072888457,0.0063494067,0.005531049,0.00780947,0.00780947,0.0048181675,0.006802929,0.0063494067,0.00780947,0.0048181675,0.00780947,0.006802929,0.0048181675,0.00780947,0.0059261187,0.0063494067,0.00780947,0.00780947,0.0072888457,0.0059261187,0.0059261187,0.0048181675,0.0059261187,0.006802929,0.0048181675,0.00780947,0.0048181675,0.0048181675,0.0072888457,0.00780947,0.006802929,0.0059261187,0.0063494067,0.00780947,0.0072888457,0.005531049,0.0048181675,0.005162318,0.00780947,0.00780947,0.005162318,0.006802929,0.0072888457,0.005162318,0.0063494067,0.0072888457,0.005162318,0.005531049,0.0072888457,0.0072888457,0.0048181675,0.0059261187,0.005531049,0.005162318,0.006802929,0.0063494067,0.0059261187,0.0063494067,0.0063494067,0.0059261187,0.005531049,0.005162318,0.00780947,0.00780947,0.00780947,0.005162318,0.0048181675,0.0059261187,0.0063494067,0.006802929,0.0048181675,0.0072888457,0.005531049,0.0072888457,0.0063494067,0.0048181675,2,2
0.0053368527,0.0065640765,0.0049810675,0.008073504,0.0049810675,0.006126478,0.008073504,0.0070329322,0.008073504,0.008073504,0.006126478,0.0053368527,0.0049810675,0.008073504,0.0065640765,0.0049810675,0.0065640765,0.0065640765,0.008073504,0.0053368527,0.0049810675,0.0070329322,0.006126478,0.0065640765,0.0049810675,0.005718051,0.005718051,0.0065640765,0.006126478,0.0053368527,0.0065640765,0.006126478,0.005718051,0.007535278,0.008073504,0.0053368527,0.0065640765,0.0049810675,0.008073504,0.005718051,0.0049810675,0.0070329322,0.008073504,0.006126478,0.008073504,0.006126478,0.006126478,0.005718051,0.008073504,0.0065640765,0.005718051,0.0053368527,0.0049810675,0.008073504,0.005718051,0.0049810675,0.006126478,0.0049810675,0.008073504,0.0049810675,0.005718051,0.0053368527,0.0049810675,0.007535278,0.0049810675,0.0053368527,0.0065640765,0.0053368527,0.008073504,0.0049810675,0.0053368527,0.006126478,0.005718051,0.005718051,0.007535278,0.0053368527,0.0053368527,0.0049810675,0.008073504,0.0049810675,0.0049810675,0.0049810675,0.008073504,0.008073504,0.0070329322,0.0049810675,0.0049810675,0.0065640765,0.008073504,0.0049810675,0.006126478,0.0049810675,0.0049810675,0.008073504,0.0049810675,0.0049810675,0.0049810675,0.0049810675,0.0065640765,0.0070329322,0.0053368527,0.0065640765,0.005718051,0.006126478,0.007535278,0.0049810675,0.005718051,0.005718051,0.008073504,0.0065640765,0.0070329322,0.0053368527,0.0049810675,0.007535278,0.007535278,0.006126478,0.0065640765,0.0049810675,0.006126478,0.0049810675,0.0049810675,0.0053368527,0.0053368527,0.008073504,0.0065640765,0.006126478,0.008073504,0.006126478,0.008073504,0.007535278,0.0053368527,0.0065640765,0.007535278,0.007535278,0.005718051,0.005718051,0.0049810675,0.0053368527,0.007535278,0.005718051,0.005718051,0.0070329322,0.0065640765,0.008073504,0.005718051,0.0053368527,0.008073504,0.008073504,0.008073504,0.0070329322,0.0049810675,0.005718051,0.007535278,0.008073504,0.0049810675,0.0053368527,0.0049810675,0.0070329322,0.0065640765,0.0053368527,3,3
0.0048735715,0.0055946503,0.0048735715,0.00789927,0.0048735715,0.0064224177,0.00789927,0.006881155,0.0073726596,0.0064224177,0.0064224177,0.0064224177,0.0064224177,0.0073726596,0.0064224177,0.0055946503,0.0064224177,0.0064224177,0.00789927,0.0055946503,0.0073726596,0.0064224177,0.0064224177,0.0059942626,0.0048735715,0.00789927,0.0055946503,0.0059942626,0.0048735715,0.00789927,0.00789927,0.0055946503,0.005221679,0.006881155,0.00789927,0.0048735715,0.005221679,0.005221679,0.0073726596,0.0059942626,0.0048735715,0.006881155,0.00789927,0.0064224177,0.00789927,0.0048735715,0.0059942626,0.0048735715,0.00789927,0.0064224177,0.0055946503,0.005221679,0.0048735715,0.00789927,0.0048735715,0.005221679,0.0059942626,0.005221679,0.0073726596,0.005221679,0.00789927,0.0059942626,0.005221679,0.005221679,0.006881155,0.0059942626,0.0064224177,0.0048735715,0.00789927,0.006881155,0.00789927,0.00789927,0.005221679,0.0055946503,0.0055946503,0.0048735715,0.005221679,0.0048735715,0.00789927,0.005221679,0.0048735715,0.0048735715,0.00789927,0.00789927,0.0064224177,0.0048735715,0.0048735715,0.005221679,0.006881155,0.0059942626,0.006881155,0.006881155,0.005221679,0.0073726596,0.00789927,0.0048735715,0.0048735715,0.006881155,0.0064224177,0.0073726596,0.006881155,0.0064224177,0.0064224177,0.0059942626,0.0073726596,0.0048735715,0.0055946503,0.0048735715,0.00789927,0.0064224177,0.005221679,0.0064224177,0.0064224177,0.006881155,0.0048735715,0.0059942626,0.0064224177,0.0048735715,0.0064224177,0.005221679,0.0048735715,0.005221679,0.0048735715,0.00789927,0.0048735715,0.0064224177,0.006881155,0.0064224177,0.00789927,0.0064224177,0.0064224177,0.0055946503,0.006881155,0.0073726596,0.00789927,0.0059942626,0.005221679,0.0055946503,0.00789927,0.0055946503,0.005221679,0.006881155,0.0064224177,0.0073726596,0.0055946503,0.0059942626,0.00789927,0.00789927,0.00789927,0.0048735715,0.0048735715,0.0055946503,0.0073726596,0.00789927,0.0059942626,0.00789927,0.0059942626,0.0059942626,0.0064224177,0.0048735715,3,3
0.006200492,0.0076263123,0.0076263123,0.0076263123,0.0054013277,0.007117898,0.0076263123,0.006643378,0.0076263123,0.006200492,0.007117898,0.006643378,0.004705166,0.004705166,0.004705166,0.005787132,0.006200492,0.006200492,0.0076263123,0.0054013277,0.007117898,0.007117898,0.0050412444,0.005787132,0.004705166,0.0076263123,0.0054013277,0.006200492,0.006200492,0.006200492,0.0050412444,0.006643378,0.0076263123,0.006643378,0.004705166,0.005787132,0.0054013277,0.005787132,0.004705166,0.006643378,0.004705166,0.007117898,0.0076263123,0.005787132,0.0076263123,0.007117898,0.007117898,0.0076263123,0.0076263123,0.0076263123,0.0054013277,0.0076263123,0.006200492,0.0076263123,0.004705166,0.0076263123,0.006643378,0.0076263123,0.0076263123,0.006200492,0.0076263123,0.007117898,0.0050412444,0.0050412444,0.0076263123,0.006200492,0.005787132,0.004705166,0.0054013277,0.006643378,0.007117898,0.006643378,0.0050412444,0.0050412444,0.0050412444,0.0076263123,0.006200492,0.0076263123,0.007117898,0.006643378,0.0054013277,0.0050412444,0.004705166,0.0054013277,0.004705166,0.004705166,0.005787132,0.0076263123,0.006643378,0.006643378,0.007117898,0.006643378,0.0076263123,0.004705166,0.0076263123,0.005787132,0.0076263123,0.004705166,0.006200492,0.005787132,0.006643378,0.006200492,0.007117898,0.006200492,0.006643378,0.004705166,0.005787132,0.006200492,0.004705166,0.0050412444,0.006643378,0.007117898,0.004705166,0.007117898,0.006643378,0.006643378,0.006643378,0.007117898,0.006643378,0.0054013277,0.006643378,0.006643378,0.0076263123,0.0076263123,0.0050412444,0.0054013277,0.0076263123,0.005787132,0.007117898,0.007117898,0.006643378,0.005787132,0.006200492,0.006200492,0.0050412444,0.0054013277,0.005787132,0.004705166,0.006200492,0.0054013277,0.005787132,0.006643378,0.004705166,0.0050412444,0.006643378,0.0054013277,0.0076263123,0.0076263123,0.0076263123,0.0050412444,0.0076263123,0.005787132,0.004705166,0.004705166,0.006200492,0.006200492,0.006200492,0.006200492,0.0054013277,0.004705166,1,1
0.0069789016,0.0065136477,0.005674122,0.008011479,0.0074773873,0.0049428004,0.0049428004,0.0049428004,0.0049428004,0.008011479,0.0069789016,0.005674122,0.0049428004,0.0074773873,0.008011479,0.008011479,0.0060794107,0.0060794107,0.0049428004,0.0065136477,0.005674122,0.005674122,0.0060794107,0.005295852,0.005295852,0.0069789016,0.0060794107,0.0065136477,0.0049428004,0.0074773873,0.008011479,0.005674122,0.0049428004,0.005295852,0.008011479,0.0069789016,0.0065136477,0.005674122,0.0065136477,0.0069789016,0.005674122,0.0069789016,0.008011479,0.0060794107,0.008011479,0.0069789016,0.0065136477,0.0049428004,0.0049428004,0.0060794107,0.008011479,0.0060794107,0.0069789016,0.0049428004,0.008011479,0.0049428004,0.0065136477,0.0049428004,0.0049428004,0.0049428004,0.008011479,0.0065136477,0.0049428004,0.0049428004,0.008011479,0.008011479,0.008011479,0.0049428004,0.0049428004,0.0049428004,0.0049428004,0.0069789016,0.0049428004,0.005295852,0.008011479,0.0065136477,0.0065136477,0.0049428004,0.0060794107,0.0049428004,0.0049428004,0.008011479,0.0060794107,0.0049428004,0.0069789016,0.0049428004,0.0049428004,0.0049428004,0.0065136477,0.0065136477,0.0060794107,0.0069789016,0.0049428004,0.008011479,0.008011479,0.0065136477,0.0049428004,0.0069789016,0.0049428004,0.008011479,0.0074773873,0.0069789016,0.0049428004,0.0049428004,0.0065136477,0.008011479,0.008011479,0.0049428004,0.0049428004,0.008011479,0.008011479,0.0074773873,0.0060794107,0.0049428004,0.0069789016,0.0060794107,0.0069789016,0.0065136477,0.005674122,0.0049428004,0.0060794107,0.005674122,0.0065136477,0.0049428004,0.0049428004,0.005674122,0.008011479,0.0065136477,0.008011479,0.0049428004,0.008011479,0.0065136477,0.0049428004,0.0049428004,0.005674122,0.008011479,0.0060794107,0.008011479,0.005674122,0.0069789016,0.005674122,0.0065136477,0.0065136477,0.0065136477,0.0065136477,0.005295852,0.0074773873,0.0049428004,0.0049428004,0.008011479,0.0060794107,0.005674122,0.0049428004,0.0049428004,0.008011479,0.008011479,0.0060794107,0.0049428004,0.005295852,0.0060794107,3,4
0.0066755167,0.007663206,0.007663206,0.007663206,0.004727928,0.0066755167,0.007663206,0.0066755167,0.0066755167,0.004727928,0.0058151283,0.0058151283,0.004727928,0.004727928,0.004727928,0.0062304884,0.0071523325,0.0058151283,0.007663206,0.0062304884,0.0071523325,0.0071523325,0.0058151283,0.0058151283,0.004727928,0.0050656325,0.0062304884,0.0058151283,0.0071523325,0.0050656325,0.005427458,0.0062304884,0.007663206,0.0066755167,0.004727928,0.0062304884,0.0062304884,0.0062304884,0.004727928,0.0066755167,0.0050656325,0.007663206,0.0062304884,0.0066755167,0.004727928,0.0062304884,0.0062304884,0.007663206,0.007663206,0.0058151283,0.005427458,0.0071523325,0.007663206,0.007663206,0.004727928,0.007663206,0.0066755167,0.007663206,0.007663206,0.0058151283,0.0066755167,0.0062304884,0.005427458,0.0050656325,0.0062304884,0.005427458,0.0062304884,0.005427458,0.005427458,0.0066755167,0.0058151283,0.007663206,0.004727928,0.004727928,0.004727928,0.007663206,0.0062304884,0.007663206,0.007663206,0.007663206,0.0062304884,0.005427458,0.004727928,0.004727928,0.005427458,0.0058151283,0.007663206,0.007663206,0.0058151283,0.007663206,0.007663206,0.0066755167,0.007663206,0.004727928,0.007663206,0.0062304884,0.0071523325,0.0050656325,0.0062304884,0.004727928,0.0066755167,0.007663206,0.0066755167,0.0050656325,0.0058151283,0.004727928,0.0058151283,0.0062304884,0.004727928,0.0050656325,0.0058151283,0.007663206,0.005427458,0.0066755167,0.0071523325,0.004727928,0.0066755167,0.007663206,0.007663206,0.005427458,0.0071523325,0.0066755167,0.007663206,0.007663206,0.0058151283,0.007663206,0.0058151283,0.005427458,0.0062304884,0.0066755167,0.0050656325,0.005427458,0.0062304884,0.0071523325,0.004727928,0.0066755167,0.005427458,0.004727928,0.0062304884,0.0062304884,0.0050656325,0.0071523325,0.005427458,0.004727928,0.0071523325,0.0050656325,0.007663206,0.007663206,0.007663206,0.004727928,0.004727928,0.0062304884,0.007663206,0.007663206,0.005427458,0.0062304884,0.0071523325,0.0066755167,0.0062304884,0.004727928,1,1
0.006193189,0.0071095144,0.0076173297,0.0076173297,0.005035307,0.006193189,0.0076173297,0.006635553,0.0076173297,0.0076173297,0.006635553,0.006635553,0.005394966,0.005035307,0.006193189,0.0071095144,0.005394966,0.0057803155,0.0076173297,0.005394966,0.0076173297,0.0071095144,0.005035307,0.005394966,0.004699624,0.0076173297,0.005394966,0.005035307,0.004699624,0.0076173297,0.0076173297,0.0057803155,0.0057803155,0.006193189,0.006635553,0.0071095144,0.005035307,0.0076173297,0.0057803155,0.006635553,0.004699624,0.005394966,0.0076173297,0.006193189,0.0076173297,0.0071095144,0.004699624,0.006193189,0.0076173297,0.0057803155,0.006193189,0.0057803155,0.0057803155,0.004699624,0.005394966,0.006193189,0.004699624,0.0057803155,0.006635553,0.005035307,0.0076173297,0.0057803155,0.0057803155,0.005035307,0.0076173297,0.005035307,0.005394966,0.0057803155,0.006193189,0.006193189,0.0076173297,0.0076173297,0.005035307,0.005035307,0.006635553,0.0071095144,0.005394966,0.005035307,0.004699624,0.0057803155,0.0076173297,0.006193189,0.0076173297,0.006193189,0.0076173297,0.006635553,0.005394966,0.0076173297,0.0076173297,0.0057803155,0.006635553,0.006635553,0.0076173297,0.004699624,0.0076173297,0.0076173297,0.004699624,0.005035307,0.0057803155,0.0076173297,0.0076173297,0.006635553,0.005035307,0.005035307,0.0057803155,0.006193189,0.005394966,0.0057803155,0.004699624,0.0076173297,0.0071095144,0.0076173297,0.006193189,0.0057803155,0.0057803155,0.0076173297,0.006193189,0.005394966,0.004699624,0.005035307,0.005394966,0.005394966,0.005035307,0.0071095144,0.005035307,0.0071095144,0.0071095144,0.0057803155,0.0076173297,0.006193189,0.0076173297,0.005394966,0.006635553,0.0071095144,0.0057803155,0.0071095144,0.006193189,0.004699624,0.0071095144,0.006193189,0.0076173297,0.006193189,0.006193189,0.005394966,0.006193189,0.006635553,0.0076173297,0.0076173297,0.0076173297,0.004699624,0.006635553,0.005394966,0.006635553,0.006635553,0.005394966,0.0076173297,0.006193189,0.006193189,0.005394966,0.004699624,2,1
0.0060106157,0.00792082,0.004886867,0.0064399387,0.005609913,0.005235924,0.00792082,0.0068999277,0.00792082,0.00792082,0.0064399387,0.005235924,0.004886867,0.00792082,0.00792082,0.004886867,0.0064399387,0.0064399387,0.00792082,0.005609913,0.005235924,0.0073927725,0.0064399387,0.005235924,0.004886867,0.005235924,0.005609913,0.0064399387,0.0068999277,0.005609913,0.0068999277,0.005609913,0.004886867,0.0073927725,0.00792082,0.005609913,0.0064399387,0.004886867,0.00792082,0.005609913,0.005235924,0.0073927725,0.00792082,0.0060106157,0.00792082,0.00792082,0.0064399387,0.005609913,0.00792082,0.0060106157,0.0064399387,0.004886867,0.0060106157,0.0073927725,0.005609913,0.004886867,0.0064399387,0.004886867,0.004886867,0.004886867,0.005235924,0.0064399387,0.005609913,0.0068999277,0.0064399387,0.005609913,0.0064399387,0.004886867,0.00792082,0.005235924,0.005235924,0.0060106157,0.005609913,0.005609913,0.0073927725,0.004886867,0.005609913,0.004886867,0.00792082,0.004886867,0.004886867,0.005609913,0.00792082,0.00792082,0.00792082,0.004886867,0.005235924,0.0068999277,0.0073927725,0.0060106157,0.0060106157,0.005609913,0.004886867,0.00792082,0.004886867,0.005235924,0.004886867,0.0064399387,0.0064399387,0.00792082,0.0068999277,0.0060106157,0.005235924,0.0060106157,0.0064399387,0.0073927725,0.0060106157,0.004886867,0.00792082,0.0073927725,0.0060106157,0.0068999277,0.0064399387,0.0064399387,0.0060106157,0.0060106157,0.0060106157,0.005609913,0.0060106157,0.004886867,0.005609913,0.005235924,0.0064399387,0.00792082,0.004886867,0.005609913,0.0073927725,0.0068999277,0.00792082,0.0064399387,0.004886867,0.005609913,0.0073927725,0.0073927725,0.004886867,0.005609913,0.005609913,0.005609913,0.00792082,0.005609913,0.0068999277,0.0064399387,0.0060106157,0.0073927725,0.005609913,0.005235924,0.00792082,0.00792082,0.00792082,0.0064399387,0.004886867,0.005609913,0.0073927725,0.00792082,0.004886867,0.0060106157,0.0068999277,0.0060106157,0.0068999277,0.005235924,1,3
0.006255638,0.0067024627,0.007694139,0.007694139,0.0047470126,0.0058386014,0.007694139,0.0067024627,0.007694139,0.007694139,0.0054493663,0.0054493663,0.0067024627,0.0047470126,0.007694139,0.00508608,0.0058386014,0.0067024627,0.007694139,0.0054493663,0.006255638,0.0067024627,0.0054493663,0.006255638,0.0047470126,0.007694139,0.0071812035,0.00508608,0.0054493663,0.0054493663,0.0058386014,0.0058386014,0.007694139,0.0071812035,0.007694139,0.0047470126,0.0054493663,0.007694139,0.0058386014,0.0054493663,0.00508608,0.006255638,0.007694139,0.0058386014,0.007694139,0.0054493663,0.00508608,0.007694139,0.0058386014,0.0067024627,0.0058386014,0.0071812035,0.007694139,0.0047470126,0.0054493663,0.0047470126,0.0047470126,0.007694139,0.006255638,0.0058386014,0.006255638,0.0058386014,0.0067024627,0.0047470126,0.007694139,0.00508608,0.0058386014,0.0047470126,0.0058386014,0.007694139,0.007694139,0.007694139,0.0054493663,0.00508608,0.0071812035,0.006255638,0.00508608,0.007694139,0.006255638,0.00508608,0.0047470126,0.0058386014,0.007694139,0.007694139,0.007694139,0.006255638,0.0054493663,0.007694139,0.007694139,0.0058386014,0.0067024627,0.0067024627,0.007694139,0.0047470126,0.007694139,0.0047470126,0.0047470126,0.007694139,0.0058386014,0.0067024627,0.0067024627,0.0058386014,0.0071812035,0.0054493663,0.0054493663,0.0054493663,0.0054493663,0.006255638,0.0047470126,0.007694139,0.0058386014,0.0067024627,0.0067024627,0.00508608,0.006255638,0.0058386014,0.0058386014,0.007694139,0.0047470126,0.006255638,0.0058386014,0.00508608,0.007694139,0.007694139,0.0054493663,0.0058386014,0.0067024627,0.0067024627,0.007694139,0.006255638,0.006255638,0.0054493663,0.0071812035,0.0071812035,0.0067024627,0.0058386014,0.006255638,0.0047470126,0.007694139,0.0058386014,0.0054493663,0.0054493663,0.006255638,0.00508608,0.0054493663,0.00508608,0.007694139,0.007694139,0.007694139,0.00508608,0.0047470126,0.0054493663,0.0071812035,0.007694139,0.0047470126,0.006255638,0.0054493663,0.0067024627,0.006255638,0.0047470126,2,2
0.006166121,0.006166121,0.0075840373,0.0075840373,0.004679084,0.0053713867,0.0075840373,0.005755052,0.006606552,0.0075840373,0.006166121,0.006166121,0.004679084,0.004679084,0.0075840373,0.006606552,0.006166121,0.006166121,0.007078442,0.005013299,0.006606552,0.007078442,0.005755052,0.006606552,0.004679084,0.005755052,0.007078442,0.004679084,0.006166121,0.0053713867,0.005755052,0.006606552,0.005755052,0.006166121,0.004679084,0.0075840373,0.005013299,0.0075840373,0.004679084,0.007078442,0.004679084,0.0075840373,0.0075840373,0.005755052,0.007078442,0.007078442,0.006166121,0.0075840373,0.0075840373,0.006606552,0.0053713867,0.007078442,0.006606552,0.004679084,0.0053713867,0.0075840373,0.006166121,0.0075840373,0.0075840373,0.007078442,0.0075840373,0.006166121,0.0053713867,0.004679084,0.0075840373,0.005755052,0.006166121,0.004679084,0.0053713867,0.007078442,0.004679084,0.0075840373,0.0053713867,0.004679084,0.0075840373,0.0075840373,0.006166121,0.0075840373,0.006606552,0.007078442,0.005013299,0.0053713867,0.0075840373,0.007078442,0.005755052,0.005755052,0.007078442,0.0075840373,0.007078442,0.006606552,0.006606552,0.006606552,0.0075840373,0.004679084,0.0075840373,0.005013299,0.006166121,0.005755052,0.006166121,0.0053713867,0.0075840373,0.0075840373,0.006606552,0.0053713867,0.005013299,0.004679084,0.005755052,0.0053713867,0.004679084,0.0075840373,0.005755052,0.0075840373,0.005013299,0.007078442,0.006606552,0.006166121,0.006606552,0.0075840373,0.006606552,0.005013299,0.006166121,0.007078442,0.0075840373,0.0075840373,0.005755052,0.006166121,0.007078442,0.005755052,0.006606552,0.007078442,0.006606552,0.0053713867,0.006166121,0.006606552,0.0053713867,0.005755052,0.005755052,0.004679084,0.006166121,0.0053713867,0.007078442,0.006606552,0.0053713867,0.004679084,0.005755052,0.005013299,0.0075840373,0.0075840373,0.0075840373,0.004679084,0.005755052,0.0053713867,0.006166121,0.006606552,0.004679084,0.0075840373,0.005755052,0.006166121,0.0053713867,0.005013299,2,1
0.0048824064,0.005231145,0.00791359,0.00791359,0.0048824064,0.0056047924,0.00791359,0.0068936297,0.00791359,0.00791359,0.0056047924,0.005231145,0.0056047924,0.005231145,0.00791359,0.005231145,0.0064340606,0.0068936297,0.00791359,0.0048824064,0.0048824064,0.005231145,0.0064340606,0.005231145,0.0048824064,0.00791359,0.0056047924,0.0060051293,0.005231145,0.0064340606,0.00791359,0.0064340606,0.005231145,0.0064340606,0.00791359,0.005231145,0.0056047924,0.0064340606,0.0048824064,0.0056047924,0.0048824064,0.0068936297,0.00791359,0.0060051293,0.00791359,0.0048824064,0.0048824064,0.0068936297,0.0060051293,0.0060051293,0.0056047924,0.0056047924,0.00791359,0.005231145,0.0056047924,0.005231145,0.0048824064,0.0068936297,0.0060051293,0.0060051293,0.0064340606,0.0060051293,0.007386025,0.0060051293,0.00791359,0.005231145,0.0056047924,0.0056047924,0.005231145,0.0064340606,0.0056047924,0.0060051293,0.0056047924,0.0056047924,0.007386025,0.005231145,0.005231145,0.0068936297,0.0056047924,0.005231145,0.0064340606,0.0064340606,0.00791359,0.00791359,0.00791359,0.0048824064,0.0056047924,0.0068936297,0.00791359,0.0060051293,0.0068936297,0.0068936297,0.0068936297,0.0056047924,0.00791359,0.0048824064,0.0048824064,0.00791359,0.0056047924,0.007386025,0.007386025,0.0064340606,0.0064340606,0.0048824064,0.007386025,0.0056047924,0.0056047924,0.0064340606,0.005231145,0.00791359,0.0064340606,0.0068936297,0.0060051293,0.0068936297,0.0064340606,0.0060051293,0.0056047924,0.00791359,0.0048824064,0.005231145,0.0048824064,0.005231145,0.00791359,0.00791359,0.0056047924,0.0056047924,0.00791359,0.0068936297,0.00791359,0.0068936297,0.0060051293,0.0056047924,0.007386025,0.007386025,0.005231145,0.0056047924,0.005231145,0.005231145,0.007386025,0.0056047924,0.0048824064,0.0060051293,0.007386025,0.0056047924,0.0068936297,0.005231145,0.00791359,0.00791359,0.00791359,0.0068936297,0.005231145,0.0056047924,0.0068936297,0.007386025,0.0048824064,0.0056047924,0.0060051293,0.0064340606,0.005231145,0.005231145,2,2
0.0052372064,0.005611287,0.0048880638,0.0048880638,0.00792276,0.0073945834,0.0060120877,0.0048880638,0.0069016176,0.00792276,0.0073945834,0.006441516,0.0048880638,0.0052372064,0.0069016176,0.005611287,0.006441516,0.0060120877,0.0048880638,0.006441516,0.006441516,0.0073945834,0.005611287,0.0048880638,0.0069016176,0.0073945834,0.005611287,0.005611287,0.0048880638,0.00792276,0.00792276,0.005611287,0.0052372064,0.0069016176,0.00792276,0.0060120877,0.005611287,0.0069016176,0.0060120877,0.0073945834,0.0048880638,0.0048880638,0.00792276,0.006441516,0.00792276,0.00792276,0.0060120877,0.0048880638,0.0048880638,0.006441516,0.00792276,0.0069016176,0.005611287,0.0048880638,0.00792276,0.0048880638,0.0069016176,0.0048880638,0.0048880638,0.006441516,0.00792276,0.0060120877,0.005611287,0.0048880638,0.00792276,0.0052372064,0.006441516,0.0060120877,0.0052372064,0.0060120877,0.0073945834,0.00792276,0.005611287,0.0052372064,0.006441516,0.00792276,0.006441516,0.0048880638,0.0048880638,0.0048880638,0.0052372064,0.0069016176,0.005611287,0.006441516,0.00792276,0.0048880638,0.0048880638,0.0052372064,0.0069016176,0.0060120877,0.0060120877,0.0069016176,0.0048880638,0.00792276,0.00792276,0.0069016176,0.0048880638,0.0069016176,0.0048880638,0.00792276,0.0073945834,0.006441516,0.0073945834,0.006441516,0.0069016176,0.00792276,0.00792276,0.005611287,0.0048880638,0.00792276,0.00792276,0.00792276,0.006441516,0.0048880638,0.0069016176,0.00792276,0.006441516,0.0048880638,0.0052372064,0.0048880638,0.005611287,0.0052372064,0.0048880638,0.0048880638,0.005611287,0.0052372064,0.006441516,0.0048880638,0.0048880638,0.005611287,0.00792276,0.005611287,0.0069016176,0.006441516,0.0073945834,0.0069016176,0.005611287,0.006441516,0.0060120877,0.00792276,0.0048880638,0.0060120877,0.0073945834,0.005611287,0.005611287,0.0073945834,0.00792276,0.0048880638,0.0048880638,0.00792276,0.006441516,0.005611287,0.0048880638,0.0048880638,0.00792276,0.00792276,0.0069016176,0.0048880638,0.005611287,0.00792276,4,0
0.0062137726,0.0062137726,0.007642647,0.007642647,0.004715244,0.007133144,0.007642647,0.0066576074,0.007642647,0.0057995273,0.007133144,0.0066576074,0.004715244,0.004715244,0.004715244,0.007642647,0.007133144,0.0057995273,0.007642647,0.0057995273,0.007642647,0.007133144,0.004715244,0.004715244,0.004715244,0.007642647,0.0054128966,0.004715244,0.004715244,0.0062137726,0.0057995273,0.0057995273,0.007642647,0.0062137726,0.004715244,0.0066576074,0.0062137726,0.0062137726,0.004715244,0.007642647,0.004715244,0.0062137726,0.007642647,0.0066576074,0.007642647,0.007133144,0.0057995273,0.0066576074,0.007642647,0.007642647,0.0062137726,0.0062137726,0.004715244,0.004715244,0.0054128966,0.0057995273,0.004715244,0.007642647,0.0062137726,0.005052042,0.007133144,0.0057995273,0.005052042,0.0054128966,0.007642647,0.005052042,0.0057995273,0.0057995273,0.0062137726,0.0066576074,0.007642647,0.007642647,0.0054128966,0.0054128966,0.004715244,0.007642647,0.0057995273,0.007642647,0.007642647,0.0057995273,0.0054128966,0.0054128966,0.007642647,0.007642647,0.0066576074,0.004715244,0.0054128966,0.007642647,0.007133144,0.005052042,0.0062137726,0.0066576074,0.007642647,0.004715244,0.007642647,0.005052042,0.0057995273,0.0062137726,0.0066576074,0.0066576074,0.007642647,0.0066576074,0.004715244,0.005052042,0.005052042,0.004715244,0.0054128966,0.004715244,0.004715244,0.007642647,0.007133144,0.007642647,0.004715244,0.0066576074,0.0066576074,0.007642647,0.0066576074,0.0066576074,0.0062137726,0.005052042,0.0066576074,0.0062137726,0.007642647,0.007642647,0.0054128966,0.007133144,0.007133144,0.0057995273,0.007133144,0.0062137726,0.007642647,0.0054128966,0.0066576074,0.0066576074,0.005052042,0.007642647,0.0062137726,0.004715244,0.0066576074,0.0066576074,0.0057995273,0.0057995273,0.0062137726,0.005052042,0.0054128966,0.0062137726,0.007642647,0.007642647,0.007642647,0.005052042,0.0054128966,0.0054128966,0.0066576074,0.007133144,0.0066576074,0.007642647,0.0062137726,0.0057995273,0.0054128966,0.004715244,2,4
0.006133858,0.007544356,0.007544356,0.007544356,0.0049870685,0.007544356,0.007544356,0.0057249404,0.006571985,0.0046546017,0.0057249404,0.0057249404,0.0046546017,0.0046546017,0.0046546017,0.0057249404,0.006571985,0.006571985,0.007544356,0.006133858,0.0070414054,0.0070414054,0.006133858,0.0057249404,0.0046546017,0.0046546017,0.005343282,0.006133858,0.0070414054,0.0046546017,0.0049870685,0.006133858,0.007544356,0.006571985,0.0046546017,0.0070414054,0.006133858,0.0057249404,0.0046546017,0.0070414054,0.0046546017,0.007544356,0.007544356,0.007544356,0.005343282,0.007544356,0.006571985,0.007544356,0.007544356,0.006571985,0.005343282,0.007544356,0.007544356,0.007544356,0.0046546017,0.007544356,0.006571985,0.007544356,0.007544356,0.0057249404,0.005343282,0.006133858,0.0046546017,0.0046546017,0.007544356,0.006133858,0.006133858,0.005343282,0.0057249404,0.006133858,0.0057249404,0.007544356,0.0046546017,0.0049870685,0.0046546017,0.007544356,0.006133858,0.007544356,0.007544356,0.007544356,0.007544356,0.0046546017,0.0046546017,0.0046546017,0.0046546017,0.0070414054,0.007544356,0.007544356,0.005343282,0.007544356,0.007544356,0.006571985,0.007544356,0.0046546017,0.007544356,0.007544356,0.007544356,0.0049870685,0.006133858,0.0046546017,0.005343282,0.007544356,0.006571985,0.0049870685,0.0049870685,0.0046546017,0.006133858,0.005343282,0.0046546017,0.0049870685,0.0070414054,0.007544356,0.005343282,0.0070414054,0.007544356,0.0046546017,0.006571985,0.007544356,0.007544356,0.0049870685,0.007544356,0.0070414054,0.007544356,0.007544356,0.007544356,0.007544356,0.007544356,0.0046546017,0.0049870685,0.0070414054,0.0057249404,0.005343282,0.0057249404,0.0070414054,0.006571985,0.006571985,0.0049870685,0.0046546017,0.006571985,0.0057249404,0.005343282,0.006571985,0.0057249404,0.0046546017,0.006571985,0.006133858,0.007544356,0.007544356,0.007544356,0.0046546017,0.0046546017,0.005343282,0.007544356,0.007544356,0.006571985,0.005343282,0.006133858,0.0070414054,0.0070414054,0.005343282,1,2
0.006227059,0.0071483958,0.0076589882,0.0076589882,0.005062844,0.0071483958,0.0076589882,0.006227059,0.0076589882,0.004725326,0.006227059,0.0054244706,0.004725326,0.004725326,0.004725326,0.006227059,0.006227059,0.006227059,0.0076589882,0.005811928,0.0071483958,0.0071483958,0.004725326,0.0054244706,0.004725326,0.0076589882,0.0054244706,0.006227059,0.005811928,0.0054244706,0.0076589882,0.005811928,0.0076589882,0.005811928,0.004725326,0.005811928,0.0054244706,0.005811928,0.004725326,0.0076589882,0.004725326,0.0076589882,0.0076589882,0.006671842,0.0054244706,0.0071483958,0.006671842,0.0076589882,0.0076589882,0.0071483958,0.0054244706,0.0076589882,0.006227059,0.005811928,0.004725326,0.0076589882,0.006671842,0.0076589882,0.0076589882,0.005811928,0.0076589882,0.005811928,0.004725326,0.005062844,0.0076589882,0.006227059,0.006227059,0.005062844,0.0054244706,0.006227059,0.0071483958,0.0076589882,0.004725326,0.0054244706,0.004725326,0.0076589882,0.0054244706,0.0076589882,0.0076589882,0.005062844,0.006227059,0.005062844,0.004725326,0.004725326,0.006671842,0.0054244706,0.006227059,0.0076589882,0.005811928,0.0076589882,0.0076589882,0.006671842,0.0076589882,0.004725326,0.0076589882,0.0071483958,0.0076589882,0.004725326,0.006227059,0.004725326,0.0071483958,0.0071483958,0.005811928,0.0054244706,0.006671842,0.004725326,0.006227059,0.006227059,0.004725326,0.004725326,0.005811928,0.0076589882,0.0054244706,0.006671842,0.0076589882,0.004725326,0.0076589882,0.0054244706,0.0054244706,0.0071483958,0.0076589882,0.0071483958,0.0076589882,0.0076589882,0.0071483958,0.006671842,0.0071483958,0.005062844,0.006227059,0.006227059,0.0071483958,0.0054244706,0.004725326,0.0054244706,0.0071483958,0.005811928,0.005062844,0.005062844,0.006671842,0.0054244706,0.0054244706,0.006671842,0.005062844,0.005062844,0.005811928,0.0054244706,0.0076589882,0.0076589882,0.0076589882,0.004725326,0.004725326,0.006671842,0.0076589882,0.0076589882,0.004725326,0.006671842,0.006671842,0.006227059,0.005811928,0.005062844,2,3
0.0049463827,0.0049463827,0.0049463827,0.0049463827,0.008017286,0.0052996906,0.0049463827,0.0049463827,0.0052996906,0.008017286,0.006518369,0.005678234,0.0049463827,0.00698396,0.008017286,0.005678234,0.0052996906,0.0049463827,0.0049463827,0.008017286,0.006083817,0.007482807,0.0052996906,0.0049463827,0.008017286,0.008017286,0.005678234,0.006083817,0.0049463827,0.007482807,0.008017286,0.0052996906,0.0049463827,0.0052996906,0.008017286,0.00698396,0.006518369,0.005678234,0.006518369,0.008017286,0.006083817,0.00698396,0.006518369,0.005678234,0.008017286,0.006518369,0.006083817,0.005678234,0.0049463827,0.006518369,0.008017286,0.006083817,0.00698396,0.0049463827,0.008017286,0.0049463827,0.006518369,0.0049463827,0.0049463827,0.0049463827,0.008017286,0.00698396,0.0049463827,0.0052996906,0.008017286,0.00698396,0.008017286,0.0049463827,0.0049463827,0.0049463827,0.005678234,0.005678234,0.0049463827,0.0052996906,0.008017286,0.005678234,0.006518369,0.0049463827,0.005678234,0.0049463827,0.005678234,0.00698396,0.0049463827,0.0049463827,0.008017286,0.0049463827,0.0049463827,0.0049463827,0.006518369,0.006083817,0.006083817,0.00698396,0.0049463827,0.008017286,0.008017286,0.006518369,0.0049463827,0.005678234,0.0049463827,0.008017286,0.007482807,0.006518369,0.0049463827,0.0049463827,0.006518369,0.008017286,0.008017286,0.0049463827,0.0049463827,0.008017286,0.008017286,0.008017286,0.005678234,0.0049463827,0.006518369,0.005678234,0.00698396,0.006518369,0.005678234,0.0052996906,0.005678234,0.0052996906,0.0049463827,0.0049463827,0.006518369,0.0052996906,0.008017286,0.0049463827,0.0049463827,0.008017286,0.008017286,0.00698396,0.005678234,0.0052996906,0.007482807,0.007482807,0.0052996906,0.008017286,0.006083817,0.008017286,0.008017286,0.006083817,0.005678234,0.008017286,0.006518369,0.005678234,0.008017286,0.008017286,0.008017286,0.008017286,0.00698396,0.005678234,0.0049463827,0.0049463827,0.008017286,0.008017286,0.005678234,0.0052996906,0.005678234,0.0052996906,4,4
0.0049515977,0.0065252413,0.0049515977,0.0049515977,0.008025738,0.0065252413,0.0049515977,0.005684221,0.0049515977,0.008025738,0.0065252413,0.0065252413,0.0049515977,0.005305278,0.006991323,0.0060902312,0.006991323,0.0065252413,0.005305278,0.0065252413,0.0049515977,0.0074906964,0.005684221,0.005305278,0.008025738,0.0065252413,0.005684221,0.0049515977,0.0049515977,0.008025738,0.008025738,0.005684221,0.0049515977,0.006991323,0.008025738,0.0060902312,0.0065252413,0.006991323,0.0060902312,0.0074906964,0.0049515977,0.0060902312,0.005684221,0.005684221,0.008025738,0.008025738,0.0060902312,0.0049515977,0.0049515977,0.0065252413,0.0074906964,0.0060902312,0.0049515977,0.0049515977,0.008025738,0.005684221,0.006991323,0.005305278,0.0049515977,0.0060902312,0.008025738,0.005305278,0.0060902312,0.005305278,0.008025738,0.005305278,0.0060902312,0.0065252413,0.0060902312,0.0074906964,0.0060902312,0.006991323,0.0049515977,0.005305278,0.008025738,0.008025738,0.0065252413,0.0049515977,0.0049515977,0.0049515977,0.0049515977,0.005305278,0.005684221,0.008025738,0.008025738,0.0049515977,0.0049515977,0.005305278,0.0074906964,0.0060902312,0.0060902312,0.006991323,0.0049515977,0.008025738,0.008025738,0.006991323,0.0049515977,0.005684221,0.0049515977,0.008025738,0.006991323,0.006991323,0.0065252413,0.0049515977,0.006991323,0.008025738,0.006991323,0.0065252413,0.0049515977,0.008025738,0.008025738,0.008025738,0.0065252413,0.0060902312,0.006991323,0.008025738,0.006991323,0.0049515977,0.005305278,0.0049515977,0.005305278,0.005684221,0.0049515977,0.0049515977,0.006991323,0.005684221,0.0060902312,0.005305278,0.008025738,0.0049515977,0.008025738,0.005684221,0.006991323,0.0065252413,0.0074906964,0.008025738,0.0049515977,0.0049515977,0.005684221,0.008025738,0.0049515977,0.005305278,0.0065252413,0.0060902312,0.006991323,0.0049515977,0.0049515977,0.0049515977,0.0049515977,0.0074906964,0.0065252413,0.005684221,0.0049515977,0.0049515977,0.008025738,0.008025738,0.0074906964,0.0049515977,0.005305278,0.008025738,4,4
0.007569169,0.007569169,0.007569169,0.007569169,0.0046699108,0.0070645646,0.007569169,0.0061540324,0.007569169,0.0046699108,0.0061540324,0.0057437695,0.0046699108,0.0046699108,0.0046699108,0.0057437695,0.0061540324,0.0061540324,0.007569169,0.0057437695,0.007569169,0.0070645646,0.0046699108,0.005003471,0.0046699108,0.0065936,0.0061540324,0.0061540324,0.0057437695,0.0057437695,0.0065936,0.0057437695,0.007569169,0.0061540324,0.0046699108,0.0061540324,0.0061540324,0.0057437695,0.0046699108,0.0065936,0.007569169,0.0070645646,0.0061540324,0.0061540324,0.0046699108,0.007569169,0.0070645646,0.007569169,0.007569169,0.007569169,0.005360856,0.007569169,0.007569169,0.007569169,0.0046699108,0.007569169,0.0065936,0.007569169,0.007569169,0.0057437695,0.0061540324,0.005003471,0.0046699108,0.0046699108,0.007569169,0.0061540324,0.0061540324,0.005003471,0.0057437695,0.0061540324,0.0061540324,0.007569169,0.0046699108,0.005003471,0.0046699108,0.007569169,0.0061540324,0.007569169,0.007569169,0.007569169,0.007569169,0.0046699108,0.0046699108,0.0046699108,0.0046699108,0.0065936,0.007569169,0.007569169,0.0057437695,0.007569169,0.0070645646,0.0065936,0.007569169,0.0046699108,0.007569169,0.007569169,0.007569169,0.005003471,0.0061540324,0.0046699108,0.005360856,0.0070645646,0.0065936,0.0057437695,0.0061540324,0.0046699108,0.0057437695,0.005360856,0.0046699108,0.0057437695,0.0061540324,0.007569169,0.005360856,0.007569169,0.0057437695,0.005003471,0.0065936,0.007569169,0.007569169,0.005360856,0.007569169,0.0065936,0.007569169,0.007569169,0.0065936,0.007569169,0.007569169,0.0046699108,0.005003471,0.0065936,0.007569169,0.005360856,0.005360856,0.0061540324,0.0061540324,0.0065936,0.005003471,0.0046699108,0.0061540324,0.005360856,0.0057437695,0.0065936,0.0057437695,0.005003471,0.0057437695,0.0065936,0.007569169,0.007569169,0.007569169,0.0046699108,0.005360856,0.005360856,0.007569169,0.007569169,0.0061540324,0.005003471,0.0061540324,0.0065936,0.0065936,0.0046699108,0,3
0.007396986,0.007396986,0.007396986,0.007396986,0.0056131105,0.007396986,0.007396986,0.0064436086,0.007396986,0.004889652,0.007396986,0.0064436086,0.0045636795,0.0045636795,0.0045636795,0.007396986,0.0060140407,0.0052389074,0.007396986,0.0056131105,0.0069038603,0.0069038603,0.0052389074,0.004889652,0.0045636795,0.0064436086,0.0052389074,0.0060140407,0.0056131105,0.007396986,0.007396986,0.0056131105,0.007396986,0.0056131105,0.0045636795,0.0069038603,0.0056131105,0.0069038603,0.0052389074,0.007396986,0.0052389074,0.007396986,0.007396986,0.007396986,0.0056131105,0.0069038603,0.0060140407,0.007396986,0.007396986,0.007396986,0.0069038603,0.007396986,0.007396986,0.007396986,0.0056131105,0.0069038603,0.0064436086,0.007396986,0.007396986,0.0056131105,0.007396986,0.004889652,0.004889652,0.0052389074,0.007396986,0.0060140407,0.0060140407,0.004889652,0.0056131105,0.0060140407,0.0060140407,0.007396986,0.0045636795,0.0052389074,0.0045636795,0.007396986,0.0056131105,0.0056131105,0.0056131105,0.007396986,0.007396986,0.0045636795,0.0045636795,0.0045636795,0.0045636795,0.007396986,0.0069038603,0.007396986,0.004889652,0.007396986,0.007396986,0.0064436086,0.007396986,0.0045636795,0.007396986,0.007396986,0.007396986,0.0045636795,0.0056131105,0.0045636795,0.0060140407,0.0060140407,0.0056131105,0.0052389074,0.0069038603,0.0045636795,0.0052389074,0.0052389074,0.0045636795,0.0069038603,0.007396986,0.007396986,0.0045636795,0.0069038603,0.0069038603,0.0052389074,0.0069038603,0.0069038603,0.007396986,0.004889652,0.007396986,0.0064436086,0.007396986,0.007396986,0.007396986,0.007396986,0.0060140407,0.0045636795,0.0045636795,0.0064436086,0.007396986,0.0052389074,0.0060140407,0.0069038603,0.0064436086,0.0064436086,0.0056131105,0.0045636795,0.0064436086,0.0069038603,0.0060140407,0.0064436086,0.0056131105,0.0045636795,0.0056131105,0.0064436086,0.007396986,0.007396986,0.007396986,0.0045636795,0.0056131105,0.0052389074,0.0064436086,0.0069038603,0.007396986,0.0045636795,0.0069038603,0.0069038603,0.007396986,0.0069038603,0,0
0.0074484483,0.0074484483,0.0074484483,0.0074484483,0.00459543,0.006951892,0.0074484483,0.006488438,0.0074484483,0.00459543,0.0074484483,0.006488438,0.00459543,0.00459543,0.00459543,0.006488438,0.0060558817,0.0060558817,0.0074484483,0.0056521622,0.006951892,0.006951892,0.0052753557,0.0056521622,0.0049236706,0.0074484483,0.0052753557,0.0052753557,0.0049236706,0.0074484483,0.0074484483,0.0056521622,0.0074484483,0.0056521622,0.00459543,0.006951892,0.0052753557,0.0056521622,0.00459543,0.006951892,0.006488438,0.0074484483,0.0074484483,0.0074484483,0.00459543,0.006951892,0.0060558817,0.0074484483,0.0074484483,0.0074484483,0.0060558817,0.0074484483,0.0074484483,0.0074484483,0.0056521622,0.0074484483,0.006488438,0.0074484483,0.0074484483,0.0056521622,0.0074484483,0.0049236706,0.00459543,0.00459543,0.0074484483,0.0060558817,0.0060558817,0.0049236706,0.0056521622,0.0060558817,0.006488438,0.0074484483,0.00459543,0.0052753557,0.00459543,0.0074484483,0.0056521622,0.0074484483,0.0074484483,0.0074484483,0.0074484483,0.00459543,0.00459543,0.00459543,0.00459543,0.0074484483,0.006951892,0.0074484483,0.0056521622,0.0074484483,0.0074484483,0.006488438,0.0074484483,0.00459543,0.0074484483,0.0074484483,0.0074484483,0.0049236706,0.0060558817,0.0049236706,0.0052753557,0.0060558817,0.0056521622,0.0060558817,0.006951892,0.00459543,0.0056521622,0.0052753557,0.00459543,0.006951892,0.006951892,0.0074484483,0.0052753557,0.0074484483,0.006951892,0.0052753557,0.006488438,0.0074484483,0.0074484483,0.0052753557,0.0074484483,0.006951892,0.0074484483,0.0074484483,0.0074484483,0.006951892,0.0056521622,0.00459543,0.0049236706,0.006488438,0.006951892,0.0052753557,0.006488438,0.006951892,0.006951892,0.006488438,0.00459543,0.00459543,0.0060558817,0.0052753557,0.0056521622,0.006488438,0.0056521622,0.0049236706,0.0056521622,0.006488438,0.0074484483,0.0074484483,0.0074484483,0.00459543,0.0052753557,0.0052753557,0.0074484483,0.0074484483,0.0060558817,0.0056521622,0.0056521622,0.0056521622,0.0060558817,0.00459543,0,0
0.007583637,0.007583637,0.007583637,0.007583637,0.0057547484,0.007078068,0.007583637,0.005371103,0.0066062026,0.0046788366,0.005371103,0.006165795,0.0046788366,0.0046788366,0.0046788366,0.006165795,0.007078068,0.0066062026,0.007583637,0.006165795,0.007078068,0.007078068,0.006165795,0.006165795,0.0046788366,0.0046788366,0.005371103,0.006165795,0.006165795,0.0046788366,0.0046788366,0.006165795,0.007583637,0.0066062026,0.0046788366,0.007078068,0.006165795,0.0057547484,0.0046788366,0.007583637,0.0046788366,0.007583637,0.007583637,0.007583637,0.0066062026,0.007583637,0.0066062026,0.007583637,0.007583637,0.0066062026,0.005371103,0.007583637,0.007583637,0.007583637,0.0046788366,0.007583637,0.0066062026,0.007583637,0.007583637,0.0057547484,0.0046788366,0.007078068,0.0046788366,0.0046788366,0.006165795,0.0057547484,0.006165795,0.0057547484,0.006165795,0.0066062026,0.0046788366,0.007583637,0.0046788366,0.005371103,0.0046788366,0.0066062026,0.006165795,0.007583637,0.007583637,0.007583637,0.007583637,0.0057547484,0.0046788366,0.0046788366,0.0046788366,0.0046788366,0.007583637,0.007583637,0.005013034,0.0046788366,0.007583637,0.0066062026,0.007583637,0.0046788366,0.007583637,0.007583637,0.007583637,0.0046788366,0.006165795,0.0046788366,0.005371103,0.007583637,0.0066062026,0.005013034,0.0046788366,0.0046788366,0.006165795,0.006165795,0.0046788366,0.0046788366,0.007078068,0.007583637,0.005371103,0.007583637,0.0066062026,0.0046788366,0.0066062026,0.007583637,0.007583637,0.005371103,0.007583637,0.007078068,0.007583637,0.007583637,0.007583637,0.007583637,0.007078068,0.0046788366,0.0046788366,0.0066062026,0.005371103,0.005371103,0.0057547484,0.007078068,0.0057547484,0.0057547484,0.005013034,0.0046788366,0.006165795,0.005371103,0.005371103,0.0066062026,0.0057547484,0.0046788366,0.0066062026,0.0066062026,0.007583637,0.007583637,0.007583637,0.0046788366,0.0046788366,0.005371103,0.007583637,0.007583637,0.0066062026,0.0046788366,0.007078068,0.007583637,0.007583637,0.0066062026,0,1
0.00518969,0.005560376,0.007850878,0.007850878,0.004843715,0.00518969,0.004843715,0.0073274933,0.0073274933,0.007850878,0.005560376,0.0063830726,0.006839,0.004843715,0.007850878,0.005560376,0.0063830726,0.006839,0.007850878,0.004843715,0.0059575406,0.0063830726,0.0059575406,0.0063830726,0.00518969,0.0059575406,0.005560376,0.0063830726,0.006839,0.00518969,0.0059575406,0.006839,0.0063830726,0.0063830726,0.007850878,0.006839,0.00518969,0.007850878,0.004843715,0.0063830726,0.004843715,0.0063830726,0.006839,0.0059575406,0.007850878,0.00518969,0.004843715,0.007850878,0.004843715,0.0073274933,0.006839,0.0059575406,0.0073274933,0.005560376,0.005560376,0.004843715,0.004843715,0.007850878,0.0059575406,0.006839,0.007850878,0.00518969,0.0063830726,0.004843715,0.007850878,0.0059575406,0.0063830726,0.004843715,0.00518969,0.0073274933,0.005560376,0.004843715,0.005560376,0.00518969,0.007850878,0.00518969,0.00518969,0.007850878,0.004843715,0.00518969,0.005560376,0.004843715,0.007850878,0.007850878,0.007850878,0.004843715,0.0059575406,0.007850878,0.0063830726,0.0063830726,0.006839,0.006839,0.007850878,0.004843715,0.007850878,0.004843715,0.004843715,0.007850878,0.0059575406,0.0073274933,0.0073274933,0.007850878,0.006839,0.00518969,0.007850878,0.004843715,0.005560376,0.007850878,0.004843715,0.007850878,0.004843715,0.004843715,0.0073274933,0.0063830726,0.0063830726,0.005560376,0.0063830726,0.007850878,0.005560376,0.004843715,0.00518969,0.00518969,0.007850878,0.007850878,0.0059575406,0.00518969,0.007850878,0.006839,0.007850878,0.0073274933,0.0059575406,0.005560376,0.0073274933,0.0073274933,0.005560376,0.0059575406,0.004843715,0.004843715,0.0063830726,0.005560376,0.00518969,0.00518969,0.006839,0.005560376,0.005560376,0.005560376,0.006839,0.007850878,0.007850878,0.007850878,0.00518969,0.005560376,0.006839,0.0073274933,0.004843715,0.004843715,0.004843715,0.0073274933,0.006839,0.005560376,2,2
0.007485447,0.006085963,0.007485447,0.007485447,0.004618257,0.007485447,0.007485447,0.006986424,0.007485447,0.007485447,0.006986424,0.0053015603,0.004618257,0.004618257,0.0053015603,0.0065206685,0.006986424,0.005680238,0.007485447,0.005680238,0.006986424,0.006986424,0.005680238,0.0053015603,0.0053015603,0.0065206685,0.005680238,0.006085963,0.005680238,0.007485447,0.006085963,0.005680238,0.007485447,0.0065206685,0.004618257,0.006986424,0.006085963,0.005680238,0.004618257,0.007485447,0.004618257,0.007485447,0.007485447,0.007485447,0.006986424,0.006986424,0.005680238,0.007485447,0.007485447,0.006085963,0.0053015603,0.007485447,0.007485447,0.007485447,0.004618257,0.007485447,0.0065206685,0.007485447,0.007485447,0.006085963,0.0065206685,0.0053015603,0.0053015603,0.006085963,0.007485447,0.006085963,0.006085963,0.0049481275,0.005680238,0.005680238,0.006085963,0.007485447,0.0049481275,0.0053015603,0.004618257,0.007485447,0.006085963,0.007485447,0.007485447,0.007485447,0.007485447,0.004618257,0.004618257,0.004618257,0.004618257,0.007485447,0.007485447,0.007485447,0.004618257,0.007485447,0.007485447,0.0065206685,0.007485447,0.004618257,0.007485447,0.007485447,0.007485447,0.004618257,0.006085963,0.004618257,0.0053015603,0.007485447,0.005680238,0.004618257,0.006986424,0.004618257,0.006085963,0.005680238,0.004618257,0.0049481275,0.007485447,0.007485447,0.004618257,0.007485447,0.0065206685,0.0049481275,0.0065206685,0.006986424,0.0065206685,0.004618257,0.007485447,0.0065206685,0.007485447,0.007485447,0.0049481275,0.007485447,0.006085963,0.004618257,0.004618257,0.0065206685,0.006986424,0.0053015603,0.0065206685,0.006986424,0.006085963,0.0065206685,0.0049481275,0.004618257,0.006085963,0.005680238,0.006986424,0.0065206685,0.0049481275,0.004618257,0.0053015603,0.0053015603,0.007485447,0.007485447,0.007485447,0.004618257,0.0053015603,0.0053015603,0.006986424,0.007485447,0.007485447,0.006085963,0.005680238,0.006085963,0.0065206685,0.004618257,0,0
0.0061234473,0.0075315507,0.0075315507,0.0075315507,0.0049786037,0.007029454,0.0075315507,0.0061234473,0.00656083,0.0046467013,0.0061234473,0.0061234473,0.0046467013,0.0046467013,0.0049786037,0.0061234473,0.0061234473,0.0061234473,0.0075315507,0.0057152235,0.007029454,0.007029454,0.005334213,0.005334213,0.0046467013,0.00656083,0.005334213,0.0061234473,0.00656083,0.0075315507,0.0075315507,0.0061234473,0.0075315507,0.0057152235,0.0046467013,0.005334213,0.0057152235,0.00656083,0.005334213,0.007029454,0.0075315507,0.007029454,0.007029454,0.00656083,0.0046467013,0.007029454,0.0061234473,0.0075315507,0.0075315507,0.0075315507,0.005334213,0.007029454,0.0075315507,0.0075315507,0.0046467013,0.0075315507,0.00656083,0.0075315507,0.0075315507,0.0057152235,0.0075315507,0.0057152235,0.0046467013,0.0046467013,0.0075315507,0.0061234473,0.0061234473,0.0049786037,0.0057152235,0.0057152235,0.0061234473,0.0075315507,0.0046467013,0.0046467013,0.005334213,0.0075315507,0.0061234473,0.0075315507,0.0075315507,0.0075315507,0.0075315507,0.0046467013,0.0046467013,0.0046467013,0.0046467013,0.007029454,0.007029454,0.0075315507,0.005334213,0.0075315507,0.0075315507,0.00656083,0.0075315507,0.0046467013,0.0075315507,0.0075315507,0.0075315507,0.0046467013,0.0061234473,0.0046467013,0.0049786037,0.0057152235,0.007029454,0.0057152235,0.007029454,0.0046467013,0.0057152235,0.005334213,0.0046467013,0.007029454,0.0075315507,0.0075315507,0.0046467013,0.00656083,0.0075315507,0.0046467013,0.00656083,0.0075315507,0.0075315507,0.0061234473,0.0046467013,0.0049786037,0.0075315507,0.0075315507,0.0049786037,0.007029454,0.007029454,0.0049786037,0.005334213,0.00656083,0.0075315507,0.005334213,0.00656083,0.007029454,0.007029454,0.00656083,0.0061234473,0.0046467013,0.00656083,0.005334213,0.0057152235,0.0057152235,0.0057152235,0.0046467013,0.0057152235,0.0049786037,0.0075315507,0.0075315507,0.0075315507,0.0046467013,0.0046467013,0.005334213,0.0075315507,0.0075315507,0.00656083,0.007029454,0.0057152235,0.007029454,0.00656083,0.0046467013,1,1
0.0056282063,0.006460939,0.004902803,0.00794665,0.0056282063,0.0056282063,0.00794665,0.004902803,0.004902803,0.00794665,0.00794665,0.006030216,0.004902803,0.00794665,0.00794665,0.0056282063,0.00741688,0.006030216,0.004902803,0.006030216,0.0056282063,0.00741688,0.004902803,0.005252998,0.006460939,0.00794665,0.0056282063,0.004902803,0.005252998,0.0056282063,0.00741688,0.006030216,0.004902803,0.004902803,0.00794665,0.00741688,0.006460939,0.0056282063,0.004902803,0.006922428,0.005252998,0.00741688,0.00794665,0.006030216,0.00794665,0.00794665,0.006922428,0.00741688,0.004902803,0.006460939,0.006030216,0.006030216,0.00794665,0.004902803,0.0056282063,0.005252998,0.006922428,0.0056282063,0.004902803,0.0056282063,0.0056282063,0.006460939,0.006030216,0.005252998,0.00794665,0.00794665,0.00741688,0.004902803,0.006922428,0.004902803,0.004902803,0.006460939,0.004902803,0.005252998,0.00794665,0.005252998,0.006460939,0.004902803,0.004902803,0.004902803,0.004902803,0.006922428,0.006460939,0.005252998,0.006030216,0.005252998,0.006030216,0.0056282063,0.00794665,0.006460939,0.006030216,0.006922428,0.004902803,0.00794665,0.00794665,0.006030216,0.004902803,0.006922428,0.006030216,0.00741688,0.00741688,0.00794665,0.004902803,0.006460939,0.006030216,0.00794665,0.00794665,0.004902803,0.004902803,0.00794665,0.00741688,0.006460939,0.006030216,0.0056282063,0.006922428,0.006030216,0.006922428,0.006922428,0.005252998,0.005252998,0.004902803,0.005252998,0.006460939,0.004902803,0.004902803,0.006460939,0.006460939,0.004902803,0.005252998,0.006460939,0.00741688,0.00741688,0.0056282063,0.0056282063,0.006460939,0.006922428,0.005252998,0.005252998,0.006460939,0.00794665,0.00741688,0.006030216,0.006030216,0.00794665,0.0056282063,0.005252998,0.00741688,0.00794665,0.00794665,0.00794665,0.006460939,0.0056282063,0.0056282063,0.0056282063,0.0056282063,0.00794665,0.006460939,0.0056282063,0.0056282063,0.0056282063,3,0
0.0066403197,0.0076228017,0.0076228017,0.0076228017,0.004703,0.0076228017,0.0076228017,0.007114622,0.0076228017,0.005784468,0.005784468,0.0050389236,0.004703,0.004703,0.004703,0.006197638,0.007114622,0.006197638,0.0076228017,0.0066403197,0.007114622,0.007114622,0.005784468,0.006197638,0.0053988416,0.004703,0.0053988416,0.006197638,0.0066403197,0.004703,0.004703,0.0053988416,0.0076228017,0.0066403197,0.004703,0.0066403197,0.006197638,0.005784468,0.004703,0.0076228017,0.004703,0.0076228017,0.0076228017,0.0076228017,0.007114622,0.006197638,0.0053988416,0.0076228017,0.0076228017,0.006197638,0.0053988416,0.0076228017,0.0076228017,0.0076228017,0.004703,0.0076228017,0.0066403197,0.0076228017,0.0076228017,0.005784468,0.004703,0.0053988416,0.0053988416,0.0050389236,0.005784468,0.0050389236,0.006197638,0.004703,0.0053988416,0.0053988416,0.0050389236,0.0076228017,0.004703,0.0050389236,0.004703,0.0076228017,0.006197638,0.0076228017,0.0076228017,0.0076228017,0.0076228017,0.005784468,0.004703,0.004703,0.005784468,0.004703,0.0076228017,0.0076228017,0.005784468,0.004703,0.0076228017,0.0066403197,0.0076228017,0.004703,0.0076228017,0.0076228017,0.0076228017,0.004703,0.006197638,0.004703,0.0050389236,0.0076228017,0.0066403197,0.0053988416,0.004703,0.004703,0.006197638,0.006197638,0.004703,0.004703,0.007114622,0.0076228017,0.0050389236,0.0076228017,0.005784468,0.004703,0.0066403197,0.0076228017,0.0076228017,0.006197638,0.0076228017,0.007114622,0.0076228017,0.0076228017,0.0066403197,0.0076228017,0.007114622,0.004703,0.004703,0.006197638,0.005784468,0.0053988416,0.0066403197,0.007114622,0.005784468,0.005784468,0.0050389236,0.004703,0.006197638,0.0053988416,0.005784468,0.0066403197,0.0053988416,0.004703,0.007114622,0.0050389236,0.0076228017,0.0076228017,0.0076228017,0.004703,0.004703,0.0053988416,0.0076228017,0.0076228017,0.0066403197,0.004703,0.0076228017,0.007114622,0.007114622,0.0076228017,1,1
0.007550567,0.007550567,0.007550567,0.007550567,0.0057296534,0.0065773954,0.007550567,0.0070472024,0.007550567,0.007550567,0.006138908,0.0057296534,0.0046584336,0.0046584336,0.0046584336,0.0057296534,0.0065773954,0.0065773954,0.007550567,0.0046584336,0.006138908,0.0070472024,0.006138908,0.006138908,0.004991174,0.006138908,0.005347681,0.006138908,0.0065773954,0.0065773954,0.0057296534,0.005347681,0.007550567,0.0065773954,0.0046584336,0.0065773954,0.006138908,0.0057296534,0.0046584336,0.0065773954,0.0046584336,0.007550567,0.007550567,0.007550567,0.0070472024,0.0070472024,0.006138908,0.007550567,0.007550567,0.0070472024,0.005347681,0.007550567,0.007550567,0.007550567,0.0046584336,0.007550567,0.0065773954,0.007550567,0.007550567,0.006138908,0.0046584336,0.0057296534,0.005347681,0.0057296534,0.0065773954,0.005347681,0.006138908,0.0046584336,0.005347681,0.0057296534,0.0046584336,0.007550567,0.004991174,0.005347681,0.0046584336,0.007550567,0.006138908,0.007550567,0.007550567,0.0070472024,0.0070472024,0.0046584336,0.0046584336,0.0046584336,0.0046584336,0.0065773954,0.007550567,0.007550567,0.0057296534,0.007550567,0.007550567,0.0065773954,0.007550567,0.0046584336,0.007550567,0.007550567,0.007550567,0.0046584336,0.006138908,0.0046584336,0.005347681,0.007550567,0.006138908,0.004991174,0.0065773954,0.0046584336,0.0057296534,0.006138908,0.0046584336,0.005347681,0.007550567,0.007550567,0.004991174,0.0070472024,0.006138908,0.0046584336,0.0065773954,0.007550567,0.0070472024,0.004991174,0.007550567,0.0065773954,0.007550567,0.007550567,0.0065773954,0.007550567,0.006138908,0.0046584336,0.0046584336,0.0065773954,0.0065773954,0.005347681,0.0065773954,0.0070472024,0.006138908,0.006138908,0.004991174,0.0046584336,0.006138908,0.005347681,0.006138908,0.0065773954,0.005347681,0.0046584336,0.0057296534,0.005347681,0.007550567,0.007550567,0.007550567,0.0046584336,0.0046584336,0.005347681,0.007550567,0.007550567,0.0065773954,0.004991174,0.006138908,0.0070472024,0.0070472024,0.005347681,0,1
0.0074251904,0.0074251904,0.0074251904,0.0074251904,0.0052588833,0.0069301846,0.0074251904,0.0069301846,0.0074251904,0.0049082963,0.0064681782,0.005634513,0.0045810807,0.0045810807,0.0052588833,0.0074251904,0.006036972,0.0052588833,0.0074251904,0.0052588833,0.0074251904,0.0069301846,0.0045810807,0.0049082963,0.0045810807,0.0064681782,0.0052588833,0.006036972,0.006036972,0.0074251904,0.0074251904,0.005634513,0.0074251904,0.005634513,0.0045810807,0.0069301846,0.006036972,0.005634513,0.0045810807,0.0074251904,0.0049082963,0.0074251904,0.0074251904,0.0074251904,0.006036972,0.0074251904,0.0069301846,0.0074251904,0.0074251904,0.0074251904,0.0064681782,0.0074251904,0.0074251904,0.0074251904,0.0052588833,0.0074251904,0.006036972,0.0074251904,0.0074251904,0.0069301846,0.0074251904,0.0049082963,0.0045810807,0.0049082963,0.0074251904,0.006036972,0.006036972,0.0052588833,0.005634513,0.005634513,0.005634513,0.0074251904,0.0045810807,0.0052588833,0.0045810807,0.0074251904,0.005634513,0.005634513,0.0052588833,0.0069301846,0.0074251904,0.0045810807,0.0045810807,0.0045810807,0.0045810807,0.0074251904,0.0074251904,0.0074251904,0.005634513,0.0074251904,0.0074251904,0.0064681782,0.0074251904,0.0045810807,0.0074251904,0.0074251904,0.0074251904,0.0045810807,0.0049082963,0.0045810807,0.0069301846,0.0069301846,0.0064681782,0.0049082963,0.0069301846,0.0045810807,0.005634513,0.0052588833,0.0045810807,0.0064681782,0.0074251904,0.0074251904,0.0045810807,0.0064681782,0.0069301846,0.0045810807,0.0064681782,0.0074251904,0.0074251904,0.0052588833,0.0074251904,0.006036972,0.0074251904,0.0074251904,0.0069301846,0.0074251904,0.005634513,0.0045810807,0.0045810807,0.0064681782,0.0074251904,0.0052588833,0.006036972,0.005634513,0.0074251904,0.0069301846,0.0052588833,0.0045810807,0.005634513,0.005634513,0.005634513,0.0064681782,0.005634513,0.0045810807,0.0069301846,0.0064681782,0.0074251904,0.0074251904,0.0074251904,0.0045810807,0.0064681782,0.0052588833,0.0064681782,0.0069301846,0.0074251904,0.0045810807,0.0074251904,0.0064681782,0.0069301846,0.0069301846,0,0
0.0062979776,0.006747827,0.007746215,0.007746215,0.004779142,0.005120504,0.007746215,0.0062979776,0.006747827,0.007746215,0.005878119,0.005120504,0.004779142,0.007229808,0.007746215,0.004779142,0.004779142,0.006747827,0.007746215,0.005878119,0.007229808,0.007229808,0.004779142,0.0062979776,0.004779142,0.0062979776,0.005486249,0.005486249,0.007229808,0.0062979776,0.005878119,0.005878119,0.005486249,0.0062979776,0.0062979776,0.004779142,0.004779142,0.007746215,0.005120504,0.005486249,0.004779142,0.006747827,0.007746215,0.005486249,0.007746215,0.005878119,0.004779142,0.006747827,0.007746215,0.005486249,0.005486249,0.004779142,0.007229808,0.007746215,0.005486249,0.005120504,0.004779142,0.007229808,0.007746215,0.004779142,0.005120504,0.0062979776,0.006747827,0.0062979776,0.005878119,0.005120504,0.005878119,0.004779142,0.006747827,0.005486249,0.005120504,0.007746215,0.005486249,0.005120504,0.007746215,0.0062979776,0.0062979776,0.005878119,0.004779142,0.005878119,0.006747827,0.005486249,0.007746215,0.007746215,0.006747827,0.005486249,0.005120504,0.007746215,0.007746215,0.005878119,0.006747827,0.004779142,0.005120504,0.0062979776,0.005486249,0.005878119,0.004779142,0.006747827,0.0062979776,0.006747827,0.007746215,0.007746215,0.007746215,0.0062979776,0.0062979776,0.006747827,0.005486249,0.006747827,0.006747827,0.007746215,0.005878119,0.007229808,0.0062979776,0.007746215,0.005878119,0.005878119,0.006747827,0.007746215,0.0062979776,0.0062979776,0.005486249,0.005120504,0.006747827,0.007746215,0.004779142,0.0062979776,0.007746215,0.0062979776,0.006747827,0.006747827,0.005120504,0.005486249,0.007229808,0.007229808,0.005486249,0.005878119,0.005878119,0.0062979776,0.007229808,0.005486249,0.007746215,0.006747827,0.0062979776,0.005878119,0.005486249,0.005120504,0.007746215,0.007746215,0.007746215,0.005120504,0.004779142,0.005486249,0.0062979776,0.006747827,0.004779142,0.007229808,0.0062979776,0.007229808,0.0062979776,0.004779142,2,3
0.0048189876,0.005163196,0.007810799,0.007810799,0.0048189876,0.0055319904,0.007810799,0.0068040867,0.007810799,0.007810799,0.0055319904,0.005163196,0.0072900862,0.0048189876,0.007810799,0.006350487,0.0048189876,0.0068040867,0.007810799,0.0072900862,0.0059271273,0.0072900862,0.005163196,0.0048189876,0.0048189876,0.006350487,0.0068040867,0.0059271273,0.0059271273,0.0055319904,0.007810799,0.0059271273,0.0068040867,0.0068040867,0.007810799,0.005163196,0.005163196,0.007810799,0.0048189876,0.0055319904,0.0055319904,0.006350487,0.007810799,0.0059271273,0.007810799,0.0048189876,0.0055319904,0.007810799,0.0055319904,0.0068040867,0.0055319904,0.0055319904,0.007810799,0.0048189876,0.0059271273,0.0048189876,0.0048189876,0.007810799,0.006350487,0.006350487,0.006350487,0.0055319904,0.0072900862,0.0048189876,0.007810799,0.005163196,0.0055319904,0.0055319904,0.0055319904,0.0068040867,0.0068040867,0.006350487,0.0055319904,0.0055319904,0.007810799,0.0048189876,0.005163196,0.006350487,0.0059271273,0.0048189876,0.005163196,0.0055319904,0.007810799,0.007810799,0.007810799,0.0048189876,0.0055319904,0.007810799,0.0072900862,0.0059271273,0.0072900862,0.0068040867,0.007810799,0.0048189876,0.007810799,0.0048189876,0.0048189876,0.007810799,0.006350487,0.0072900862,0.0068040867,0.006350487,0.0072900862,0.0048189876,0.0068040867,0.0055319904,0.0055319904,0.007810799,0.005163196,0.007810799,0.0048189876,0.005163196,0.006350487,0.0055319904,0.0072900862,0.0059271273,0.0059271273,0.007810799,0.0048189876,0.005163196,0.005163196,0.005163196,0.007810799,0.007810799,0.005163196,0.0059271273,0.007810799,0.006350487,0.007810799,0.006350487,0.006350487,0.0055319904,0.0072900862,0.0072900862,0.0055319904,0.0055319904,0.0059271273,0.0068040867,0.007810799,0.0055319904,0.0059271273,0.0059271273,0.006350487,0.0055319904,0.0055319904,0.005163196,0.007810799,0.007810799,0.007810799,0.005163196,0.005163196,0.0055319904,0.0068040867,0.0072900862,0.0048189876,0.0059271273,0.0059271273,0.006350487,0.0059271273,0.005163196,2,2
0.0072280453,0.0077443267,0.0072280453,0.0054849116,0.0054849116,0.0062964424,0.0072280453,0.0067461818,0.0077443267,0.0072280453,0.0072280453,0.0058766855,0.004777977,0.0072280453,0.0077443267,0.0077443267,0.0062964424,0.0054849116,0.0062964424,0.0058766855,0.0067461818,0.0072280453,0.004777977,0.0054849116,0.004777977,0.0077443267,0.0067461818,0.0051192557,0.0058766855,0.0072280453,0.0077443267,0.0051192557,0.004777977,0.0072280453,0.0077443267,0.0058766855,0.0062964424,0.0058766855,0.0058766855,0.0072280453,0.004777977,0.0062964424,0.0067461818,0.0058766855,0.0077443267,0.0072280453,0.0058766855,0.004777977,0.0054849116,0.0062964424,0.0072280453,0.0058766855,0.0054849116,0.004777977,0.0077443267,0.0051192557,0.0062964424,0.0067461818,0.004777977,0.004777977,0.0077443267,0.0051192557,0.0062964424,0.004777977,0.0077443267,0.0051192557,0.0054849116,0.0058766855,0.0054849116,0.0062964424,0.0072280453,0.0077443267,0.0054849116,0.0054849116,0.0058766855,0.0067461818,0.0062964424,0.004777977,0.0054849116,0.004777977,0.0067461818,0.0062964424,0.0077443267,0.0054849116,0.0067461818,0.004777977,0.004777977,0.0051192557,0.0067461818,0.0058766855,0.0058766855,0.0067461818,0.004777977,0.0077443267,0.0077443267,0.0067461818,0.004777977,0.0067461818,0.004777977,0.0077443267,0.0077443267,0.0072280453,0.0054849116,0.004777977,0.0072280453,0.0077443267,0.0054849116,0.004777977,0.0077443267,0.0062964424,0.0077443267,0.0062964424,0.0058766855,0.0051192557,0.0067461818,0.0067461818,0.0067461818,0.004777977,0.0054849116,0.004777977,0.0077443267,0.0051192557,0.0062964424,0.0062964424,0.0051192557,0.0077443267,0.0058766855,0.004777977,0.0051192557,0.0067461818,0.0062964424,0.0054849116,0.0072280453,0.0072280453,0.0062964424,0.0072280453,0.0058766855,0.0072280453,0.0062964424,0.0067461818,0.0067461818,0.0067461818,0.0058766855,0.0058766855,0.0054849116,0.0062964424,0.0077443267,0.0077443267,0.0077443267,0.0051192557,0.0058766855,0.0054849116,0.0067461818,0.0072280453,0.0067461818,0.0077443267,0.0062964424,0.004777977,0.0051192557,0.004777977,1,0
0.0062091174,0.0071278,0.007636921,0.007636921,0.0047117113,0.0062091174,0.007636921,0.006652619,0.007636921,0.0054088417,0.007636921,0.006652619,0.0047117113,0.0047117113,0.005795182,0.007636921,0.006652619,0.0054088417,0.007636921,0.0062091174,0.0071278,0.0071278,0.0062091174,0.005795182,0.0047117113,0.0071278,0.0054088417,0.0047117113,0.0047117113,0.007636921,0.006652619,0.0062091174,0.007636921,0.005795182,0.0047117113,0.0054088417,0.0054088417,0.0071278,0.0054088417,0.007636921,0.0047117113,0.0062091174,0.007636921,0.005795182,0.007636921,0.0062091174,0.0062091174,0.0071278,0.007636921,0.006652619,0.0054088417,0.006652619,0.0054088417,0.0047117113,0.0054088417,0.005795182,0.0047117113,0.007636921,0.0071278,0.0047117113,0.007636921,0.005795182,0.0047117113,0.0050482573,0.007636921,0.0050482573,0.005795182,0.005795182,0.0062091174,0.0071278,0.007636921,0.007636921,0.0054088417,0.0054088417,0.0047117113,0.007636921,0.005795182,0.007636921,0.007636921,0.0062091174,0.0062091174,0.0047117113,0.007636921,0.007636921,0.006652619,0.0047117113,0.005795182,0.007636921,0.0071278,0.0050482573,0.005795182,0.006652619,0.007636921,0.0047117113,0.007636921,0.0054088417,0.0062091174,0.0062091174,0.0062091174,0.006652619,0.007636921,0.0071278,0.005795182,0.0054088417,0.005795182,0.0047117113,0.0054088417,0.0050482573,0.0047117113,0.007636921,0.005795182,0.007636921,0.0050482573,0.005795182,0.005795182,0.0054088417,0.006652619,0.007636921,0.007636921,0.0054088417,0.0047117113,0.0054088417,0.007636921,0.007636921,0.0054088417,0.0062091174,0.006652619,0.005795182,0.0062091174,0.0062091174,0.007636921,0.0054088417,0.006652619,0.0071278,0.0071278,0.005795182,0.0050482573,0.0050482573,0.007636921,0.005795182,0.0062091174,0.006652619,0.0062091174,0.0050482573,0.0054088417,0.007636921,0.007636921,0.007636921,0.007636921,0.0047117113,0.0047117113,0.0054088417,0.0071278,0.0071278,0.0047117113,0.007636921,0.0062091174,0.0062091174,0.0054088417,0.0047117113,2,3
0.004772643,0.005113541,0.0058701257,0.0077356817,0.004772643,0.0062894137,0.0077356817,0.006738651,0.0077356817,0.0072199767,0.0062894137,0.006738651,0.004772643,0.0077356817,0.004772643,0.0072199767,0.0062894137,0.0058701257,0.0077356817,0.005113541,0.0072199767,0.0072199767,0.005113541,0.0054787886,0.005113541,0.0077356817,0.0062894137,0.005113541,0.005113541,0.0077356817,0.0072199767,0.0054787886,0.0058701257,0.006738651,0.0072199767,0.005113541,0.005113541,0.005113541,0.0077356817,0.0054787886,0.004772643,0.0058701257,0.0077356817,0.006738651,0.0077356817,0.0058701257,0.005113541,0.0072199767,0.0077356817,0.0054787886,0.0058701257,0.0058701257,0.0054787886,0.006738651,0.0062894137,0.005113541,0.0058701257,0.0054787886,0.006738651,0.004772643,0.0077356817,0.0072199767,0.0062894137,0.0062894137,0.006738651,0.005113541,0.0062894137,0.005113541,0.0077356817,0.0062894137,0.0077356817,0.0077356817,0.0054787886,0.0054787886,0.004772643,0.0054787886,0.0058701257,0.0062894137,0.0062894137,0.004772643,0.005113541,0.0062894137,0.0077356817,0.0077356817,0.0072199767,0.004772643,0.004772643,0.005113541,0.0072199767,0.0058701257,0.0058701257,0.006738651,0.0054787886,0.0077356817,0.0077356817,0.005113541,0.004772643,0.0062894137,0.006738651,0.0072199767,0.006738651,0.0058701257,0.006738651,0.0062894137,0.006738651,0.006738651,0.0054787886,0.004772643,0.0077356817,0.0077356817,0.0062894137,0.006738651,0.0058701257,0.0077356817,0.0058701257,0.0058701257,0.006738651,0.0058701257,0.0062894137,0.004772643,0.004772643,0.005113541,0.0062894137,0.0077356817,0.004772643,0.006738651,0.006738651,0.0058701257,0.0077356817,0.0062894137,0.0062894137,0.0058701257,0.0072199767,0.0072199767,0.0062894137,0.0072199767,0.0062894137,0.0054787886,0.0072199767,0.0062894137,0.0062894137,0.006738651,0.0062894137,0.0054787886,0.0054787886,0.0054787886,0.0077356817,0.0077356817,0.0077356817,0.004772643,0.004772643,0.0054787886,0.006738651,0.006738651,0.0062894137,0.0077356817,0.0062894137,0.004772643,0.0058701257,0.004772643,3,3
0.007433315,0.0056406776,0.007964258,0.007964258,0.0049136668,0.007964258,0.0049136668,0.0049136668,0.0049136668,0.006043578,0.007433315,0.006937767,0.0052646375,0.0052646375,0.006043578,0.0056406776,0.0064752554,0.006043578,0.0049136668,0.0064752554,0.007964258,0.0049136668,0.006043578,0.0064752554,0.0049136668,0.007433315,0.006043578,0.0052646375,0.0049136668,0.007964258,0.007964258,0.0056406776,0.0052646375,0.006937767,0.007964258,0.006043578,0.0056406776,0.006937767,0.006043578,0.007433315,0.0056406776,0.0049136668,0.0056406776,0.0052646375,0.0064752554,0.007964258,0.006043578,0.0049136668,0.0049136668,0.0064752554,0.007964258,0.006043578,0.0049136668,0.0049136668,0.007964258,0.0049136668,0.0064752554,0.0052646375,0.0049136668,0.0049136668,0.007964258,0.006043578,0.0056406776,0.0049136668,0.007964258,0.0052646375,0.0064752554,0.0056406776,0.0052646375,0.007433315,0.007964258,0.007964258,0.0049136668,0.0052646375,0.0049136668,0.007964258,0.0064752554,0.0049136668,0.0049136668,0.0049136668,0.0049136668,0.006043578,0.0056406776,0.007964258,0.007964258,0.0049136668,0.0049136668,0.0052646375,0.007433315,0.006043578,0.006043578,0.006937767,0.0049136668,0.007964258,0.007964258,0.006937767,0.0049136668,0.0056406776,0.0049136668,0.007964258,0.007433315,0.0064752554,0.007433315,0.0056406776,0.006937767,0.007964258,0.007433315,0.006043578,0.0049136668,0.007964258,0.007964258,0.007964258,0.0064752554,0.006043578,0.006937767,0.007964258,0.0064752554,0.0049136668,0.0052646375,0.0049136668,0.006937767,0.006043578,0.006937767,0.0049136668,0.0052646375,0.0064752554,0.0056406776,0.0052646375,0.007964258,0.0049136668,0.007964258,0.0056406776,0.006937767,0.0064752554,0.007433315,0.006937767,0.0056406776,0.006937767,0.006043578,0.007964258,0.0064752554,0.0056406776,0.0052646375,0.0056406776,0.0064752554,0.007964258,0.0049136668,0.006043578,0.007964258,0.0049136668,0.006937767,0.0056406776,0.0049136668,0.0049136668,0.007964258,0.007964258,0.006043578,0.0049136668,0.0049136668,0.007433315,2,4
0.0049642497,0.007009187,0.0049642497,0.0049642497,0.008046245,0.0061057927,0.005318834,0.0049642497,0.0049642497,0.008046245,0.006541914,0.005318834,0.0049642497,0.008046245,0.008046245,0.0056987447,0.005318834,0.007009187,0.0049642497,0.007009187,0.005318834,0.007509836,0.0056987447,0.0049642497,0.008046245,0.007509836,0.006541914,0.0049642497,0.0056987447,0.008046245,0.007509836,0.005318834,0.0049642497,0.007509836,0.008046245,0.0056987447,0.006541914,0.007509836,0.006541914,0.007009187,0.0049642497,0.0061057927,0.008046245,0.006541914,0.008046245,0.008046245,0.007009187,0.0061057927,0.0049642497,0.006541914,0.0056987447,0.0049642497,0.005318834,0.0049642497,0.007009187,0.0049642497,0.006541914,0.0049642497,0.0049642497,0.005318834,0.008046245,0.0061057927,0.0056987447,0.0056987447,0.008046245,0.007509836,0.007509836,0.0061057927,0.0049642497,0.0049642497,0.0049642497,0.0049642497,0.0049642497,0.005318834,0.008046245,0.0056987447,0.006541914,0.0049642497,0.0056987447,0.0061057927,0.005318834,0.007009187,0.008046245,0.008046245,0.008046245,0.0049642497,0.0049642497,0.005318834,0.0056987447,0.0061057927,0.0061057927,0.007009187,0.0049642497,0.008046245,0.008046245,0.007009187,0.0049642497,0.007009187,0.0049642497,0.008046245,0.008046245,0.007509836,0.005318834,0.0049642497,0.007509836,0.008046245,0.008046245,0.0049642497,0.0049642497,0.008046245,0.008046245,0.006541914,0.0061057927,0.0061057927,0.007009187,0.0061057927,0.007009187,0.0056987447,0.005318834,0.005318834,0.006541914,0.006541914,0.0049642497,0.0049642497,0.005318834,0.0049642497,0.005318834,0.007009187,0.008046245,0.0049642497,0.007009187,0.0061057927,0.007509836,0.006541914,0.0061057927,0.0061057927,0.005318834,0.0049642497,0.0049642497,0.008046245,0.0049642497,0.006541914,0.007009187,0.0049642497,0.006541914,0.0061057927,0.007509836,0.0049642497,0.0049642497,0.007009187,0.0061057927,0.0056987447,0.0049642497,0.008046245,0.008046245,0.005318834,0.006541914,0.005318834,0.0049642497,0.006541914,4,4
0.006184906,0.007100006,0.007607142,0.007607142,0.005028572,0.007100006,0.007607142,0.0066266786,0.007100006,0.0046933386,0.007607142,0.0066266786,0.0046933386,0.0046933386,0.006184906,0.007607142,0.006184906,0.0053877505,0.007607142,0.0057725846,0.007607142,0.007100006,0.0046933386,0.005028572,0.005028572,0.007607142,0.0053877505,0.0053877505,0.0046933386,0.007607142,0.0066266786,0.0057725846,0.007607142,0.0066266786,0.0046933386,0.007100006,0.0053877505,0.006184906,0.0046933386,0.007607142,0.0053877505,0.007607142,0.007607142,0.0066266786,0.006184906,0.007100006,0.006184906,0.007607142,0.007607142,0.007100006,0.006184906,0.007607142,0.006184906,0.0053877505,0.0046933386,0.007607142,0.0057725846,0.007607142,0.007607142,0.007100006,0.007607142,0.0057725846,0.0046933386,0.0046933386,0.007607142,0.005028572,0.0057725846,0.005028572,0.0057725846,0.007607142,0.007607142,0.007607142,0.0046933386,0.0053877505,0.0046933386,0.007607142,0.0057725846,0.007607142,0.007607142,0.0057725846,0.0057725846,0.0046933386,0.005028572,0.0046933386,0.0066266786,0.007100006,0.0066266786,0.007607142,0.006184906,0.005028572,0.007607142,0.0066266786,0.007607142,0.0046933386,0.007607142,0.0057725846,0.0057725846,0.0046933386,0.006184906,0.0046933386,0.0053877505,0.006184906,0.007100006,0.006184906,0.0057725846,0.0046933386,0.0057725846,0.0053877505,0.0046933386,0.0066266786,0.007100006,0.007607142,0.0046933386,0.0046933386,0.0066266786,0.0053877505,0.007100006,0.0053877505,0.0053877505,0.0066266786,0.007100006,0.0066266786,0.007607142,0.007607142,0.006184906,0.006184906,0.0066266786,0.0057725846,0.0066266786,0.006184906,0.007607142,0.0053877505,0.0053877505,0.006184906,0.006184906,0.007100006,0.006184906,0.005028572,0.0066266786,0.007100006,0.007100006,0.0066266786,0.005028572,0.005028572,0.006184906,0.0053877505,0.007607142,0.007607142,0.007607142,0.0046933386,0.0057725846,0.0053877505,0.006184906,0.006184906,0.005028572,0.007607142,0.006184906,0.006184906,0.0053877505,0.0046933386,2,0
0.006325226,0.007261087,0.0077797286,0.0077797286,0.004799818,0.006325226,0.0077797286,0.006777021,0.007261087,0.007261087,0.0055099847,0.00590355,0.007261087,0.004799818,0.006325226,0.004799818,0.00590355,0.006777021,0.0077797286,0.0055099847,0.0077797286,0.004799818,0.004799818,0.0051426576,0.004799818,0.007261087,0.0055099847,0.006325226,0.004799818,0.006777021,0.0077797286,0.00590355,0.00590355,0.006325226,0.006777021,0.004799818,0.004799818,0.0077797286,0.0051426576,0.0055099847,0.004799818,0.00590355,0.0077797286,0.00590355,0.0077797286,0.007261087,0.004799818,0.0077797286,0.0055099847,0.007261087,0.0055099847,0.0077797286,0.0077797286,0.004799818,0.004799818,0.004799818,0.004799818,0.0077797286,0.00590355,0.006777021,0.0055099847,0.00590355,0.006777021,0.004799818,0.0077797286,0.0051426576,0.0055099847,0.0055099847,0.00590355,0.007261087,0.006777021,0.0077797286,0.0055099847,0.0055099847,0.004799818,0.006325226,0.0051426576,0.0077797286,0.00590355,0.0055099847,0.004799818,0.0051426576,0.0077797286,0.0077797286,0.0077797286,0.006325226,0.006325226,0.0077797286,0.0077797286,0.00590355,0.006325226,0.006777021,0.0077797286,0.004799818,0.0077797286,0.0055099847,0.006777021,0.0077797286,0.0055099847,0.007261087,0.006325226,0.006777021,0.007261087,0.00590355,0.006325226,0.004799818,0.0055099847,0.006777021,0.004799818,0.0077797286,0.0055099847,0.0051426576,0.007261087,0.0055099847,0.006777021,0.004799818,0.006777021,0.006325226,0.0051426576,0.0055099847,0.004799818,0.0051426576,0.0077797286,0.0077797286,0.00590355,0.007261087,0.0077797286,0.0055099847,0.0055099847,0.007261087,0.006325226,0.0055099847,0.006777021,0.007261087,0.00590355,0.0077797286,0.0055099847,0.004799818,0.006325226,0.006325226,0.00590355,0.006777021,0.006325226,0.0051426576,0.0055099847,0.0051426576,0.0077797286,0.0077797286,0.0077797286,0.004799818,0.004799818,0.0055099847,0.007261087,0.0077797286,0.004799818,0.006325226,0.006325226,0.006325226,0.00590355,0.004799818,2,2
0.0049556987,0.005309672,0.0049556987,0.0049556987,0.008032385,0.0060952753,0.006997113,0.0049556987,0.0049556987,0.008032385,0.0074969,0.0065306453,0.0049556987,0.005309672,0.008032385,0.006997113,0.0074969,0.0049556987,0.005309672,0.0060952753,0.0056889285,0.0074969,0.005309672,0.0049556987,0.006997113,0.008032385,0.0065306453,0.0056889285,0.0049556987,0.008032385,0.008032385,0.0056889285,0.0049556987,0.006997113,0.008032385,0.0060952753,0.0065306453,0.006997113,0.0060952753,0.0074969,0.0049556987,0.0065306453,0.008032385,0.0060952753,0.008032385,0.008032385,0.006997113,0.0049556987,0.0049556987,0.0060952753,0.0060952753,0.0060952753,0.0065306453,0.0049556987,0.006997113,0.0049556987,0.0065306453,0.0049556987,0.0049556987,0.0056889285,0.008032385,0.0065306453,0.0056889285,0.0049556987,0.008032385,0.0060952753,0.0074969,0.0060952753,0.0049556987,0.0049556987,0.006997113,0.006997113,0.0056889285,0.0056889285,0.0074969,0.0065306453,0.0065306453,0.0049556987,0.0065306453,0.0049556987,0.0049556987,0.006997113,0.0065306453,0.0049556987,0.0065306453,0.0049556987,0.0049556987,0.005309672,0.006997113,0.0060952753,0.0060952753,0.006997113,0.0049556987,0.008032385,0.008032385,0.0060952753,0.0049556987,0.006997113,0.0049556987,0.008032385,0.008032385,0.0074969,0.005309672,0.0049556987,0.0074969,0.008032385,0.008032385,0.0049556987,0.0049556987,0.008032385,0.008032385,0.0074969,0.0060952753,0.0060952753,0.0074969,0.0056889285,0.0065306453,0.0056889285,0.005309672,0.0049556987,0.0049556987,0.005309672,0.0049556987,0.0049556987,0.005309672,0.0065306453,0.008032385,0.0049556987,0.0049556987,0.006997113,0.0065306453,0.0056889285,0.0074969,0.006997113,0.0065306453,0.006997113,0.0065306453,0.008032385,0.0049556987,0.008032385,0.0060952753,0.0060952753,0.0060952753,0.0060952753,0.006997113,0.005309672,0.008032385,0.0049556987,0.0049556987,0.0060952753,0.0060952753,0.0056889285,0.0049556987,0.005309672,0.008032385,0.0074969,0.0065306453,0.0049556987,0.0049556987,0.0056889285,4,4
0.0055975444,0.007376474,0.0048760925,0.00642574,0.00642574,0.0048760925,0.0048760925,0.007376474,0.007903357,0.007903357,0.005997364,0.00522438,0.0048760925,0.007903357,0.007376474,0.0048760925,0.00642574,0.00642574,0.007903357,0.0048760925,0.0055975444,0.007376474,0.0055975444,0.006884715,0.0048760925,0.0048760925,0.0055975444,0.00642574,0.007376474,0.0048760925,0.0048760925,0.00642574,0.006884715,0.007376474,0.005997364,0.00522438,0.00642574,0.0048760925,0.006884715,0.0055975444,0.0055975444,0.007903357,0.007376474,0.0055975444,0.007903357,0.007903357,0.00642574,0.006884715,0.007903357,0.00642574,0.005997364,0.005997364,0.006884715,0.007903357,0.00642574,0.00522438,0.00642574,0.0048760925,0.007903357,0.00522438,0.0055975444,0.00522438,0.0055975444,0.007376474,0.0048760925,0.00522438,0.00642574,0.00522438,0.007903357,0.0055975444,0.005997364,0.00522438,0.0055975444,0.00522438,0.007903357,0.0048760925,0.0055975444,0.0048760925,0.00642574,0.00522438,0.0048760925,0.0048760925,0.007903357,0.007903357,0.006884715,0.0048760925,0.0048760925,0.007376474,0.007903357,0.0048760925,0.005997364,0.00642574,0.0048760925,0.007903357,0.0055975444,0.0048760925,0.0048760925,0.0055975444,0.007903357,0.007903357,0.007376474,0.007903357,0.0048760925,0.00522438,0.005997364,0.0048760925,0.0055975444,0.0048760925,0.007903357,0.007903357,0.005997364,0.00522438,0.00522438,0.007376474,0.00642574,0.005997364,0.00642574,0.007376474,0.00642574,0.0048760925,0.0048760925,0.00522438,0.007903357,0.007903357,0.006884715,0.0048760925,0.007903357,0.006884715,0.007903357,0.007376474,0.0048760925,0.0055975444,0.007376474,0.007376474,0.0048760925,0.0055975444,0.00522438,0.00522438,0.007903357,0.0055975444,0.0048760925,0.00522438,0.007376474,0.007903357,0.005997364,0.00522438,0.007903357,0.007903357,0.007903357,0.007903357,0.0055975444,0.0055975444,0.007376474,0.007903357,0.0055975444,0.00642574,0.0055975444,0.005997364,0.006884715,0.0048760925,8,3
0.0060123196,0.007923066,0.007923066,0.0060123196,0.0073948684,0.005237408,0.0048882524,0.0048882524,0.0048882524,0.007923066,0.0060123196,0.005237408,0.0048882524,0.007923066,0.007923066,0.0060123196,0.005237408,0.0069018835,0.0048882524,0.0073948684,0.005611503,0.0069018835,0.006441764,0.005237408,0.006441764,0.0073948684,0.0073948684,0.005237408,0.005237408,0.007923066,0.007923066,0.005611503,0.0048882524,0.0069018835,0.007923066,0.0048882524,0.006441764,0.0060123196,0.0060123196,0.006441764,0.0048882524,0.0060123196,0.007923066,0.006441764,0.007923066,0.007923066,0.0073948684,0.0048882524,0.0048882524,0.007923066,0.006441764,0.005237408,0.0060123196,0.0048882524,0.007923066,0.0048882524,0.0069018835,0.0048882524,0.0048882524,0.0073948684,0.007923066,0.0060123196,0.006441764,0.0048882524,0.007923066,0.005237408,0.0069018835,0.0060123196,0.005611503,0.0069018835,0.005237408,0.0048882524,0.0048882524,0.005237408,0.007923066,0.005237408,0.005611503,0.0048882524,0.005611503,0.006441764,0.005237408,0.005611503,0.0060123196,0.0069018835,0.007923066,0.0048882524,0.0048882524,0.005237408,0.0073948684,0.0060123196,0.0060123196,0.006441764,0.0048882524,0.007923066,0.007923066,0.0060123196,0.0048882524,0.0069018835,0.006441764,0.007923066,0.0060123196,0.0060123196,0.0069018835,0.0060123196,0.0073948684,0.007923066,0.0073948684,0.0060123196,0.0048882524,0.007923066,0.007923066,0.006441764,0.0060123196,0.005611503,0.0069018835,0.0060123196,0.0069018835,0.0048882524,0.006441764,0.0048882524,0.005611503,0.006441764,0.0048882524,0.0060123196,0.005611503,0.0048882524,0.005237408,0.0069018835,0.007923066,0.0048882524,0.005237408,0.006441764,0.0073948684,0.0073948684,0.006441764,0.0060123196,0.005237408,0.0048882524,0.0048882524,0.0073948684,0.0060123196,0.0069018835,0.0060123196,0.005611503,0.0069018835,0.007923066,0.007923066,0.0048882524,0.0048882524,0.007923066,0.005611503,0.005611503,0.0069018835,0.007923066,0.007923066,0.0048882524,0.006441764,0.0060123196,0.005237408,0.0069018835,1,4
0.007526826,0.007526826,0.007526826,0.007526826,0.005711638,0.007526826,0.007526826,0.006119606,0.0065567144,0.0046437862,0.0065567144,0.005711638,0.0046437862,0.0046437862,0.0046437862,0.005711638,0.0065567144,0.0065567144,0.007526826,0.005711638,0.0070250444,0.0070250444,0.006119606,0.006119606,0.0046437862,0.0046437862,0.0053308667,0.006119606,0.006119606,0.0046437862,0.0053308667,0.005711638,0.007526826,0.0065567144,0.0046437862,0.0070250444,0.006119606,0.005711638,0.0046437862,0.0070250444,0.0046437862,0.007526826,0.007526826,0.007526826,0.0065567144,0.007526826,0.006119606,0.007526826,0.007526826,0.0065567144,0.0053308667,0.007526826,0.007526826,0.007526826,0.0046437862,0.007526826,0.0065567144,0.007526826,0.007526826,0.005711638,0.0049754805,0.0053308667,0.0046437862,0.0046437862,0.007526826,0.006119606,0.006119606,0.0049754805,0.005711638,0.006119606,0.005711638,0.007526826,0.0049754805,0.0049754805,0.0046437862,0.007526826,0.006119606,0.007526826,0.007526826,0.007526826,0.007526826,0.0046437862,0.0046437862,0.0046437862,0.0046437862,0.007526826,0.007526826,0.007526826,0.0049754805,0.007526826,0.007526826,0.0065567144,0.007526826,0.0046437862,0.007526826,0.007526826,0.007526826,0.0046437862,0.006119606,0.0046437862,0.0053308667,0.007526826,0.0065567144,0.0049754805,0.0053308667,0.0046437862,0.006119606,0.0053308667,0.0046437862,0.0049754805,0.0070250444,0.007526826,0.0053308667,0.007526826,0.0065567144,0.0046437862,0.0065567144,0.007526826,0.007526826,0.0053308667,0.007526826,0.0070250444,0.007526826,0.007526826,0.007526826,0.007526826,0.005711638,0.0046437862,0.0046437862,0.0065567144,0.0065567144,0.0053308667,0.006119606,0.0070250444,0.005711638,0.0065567144,0.0049754805,0.0046437862,0.0065567144,0.0053308667,0.005711638,0.006119606,0.005711638,0.0046437862,0.0065567144,0.0065567144,0.007526826,0.007526826,0.007526826,0.0046437862,0.0046437862,0.0053308667,0.0070250444,0.007526826,0.0070250444,0.0046437862,0.0070250444,0.007526826,0.007526826,0.0065567144,0,0
0.006997537,0.0074973535,0.0074973535,0.0074973535,0.004625603,0.006997537,0.0074973535,0.0060956436,0.006997537,0.004625603,0.006997537,0.00653104,0.004625603,0.004625603,0.004625603,0.005689273,0.00653104,0.00653104,0.0074973535,0.005689273,0.006997537,0.006997537,0.0060956436,0.005689273,0.004625603,0.004955998,0.005309993,0.0060956436,0.0060956436,0.004625603,0.005689273,0.005689273,0.0074973535,0.00653104,0.004625603,0.006997537,0.0060956436,0.005689273,0.004625603,0.006997537,0.004955998,0.0074973535,0.0074973535,0.0074973535,0.00653104,0.0074973535,0.00653104,0.0074973535,0.0074973535,0.00653104,0.005309993,0.0074973535,0.0074973535,0.0074973535,0.004625603,0.0074973535,0.00653104,0.0074973535,0.0074973535,0.005689273,0.005309993,0.004955998,0.004625603,0.004625603,0.0074973535,0.0060956436,0.0060956436,0.004955998,0.005689273,0.0060956436,0.005689273,0.0074973535,0.004955998,0.005309993,0.004625603,0.0074973535,0.0060956436,0.0074973535,0.0074973535,0.0074973535,0.0074973535,0.004625603,0.004625603,0.004625603,0.005309993,0.00653104,0.006997537,0.0074973535,0.005689273,0.0074973535,0.0074973535,0.00653104,0.0074973535,0.004625603,0.0074973535,0.0074973535,0.0074973535,0.004955998,0.0060956436,0.004625603,0.005309993,0.00653104,0.00653104,0.005309993,0.0060956436,0.004625603,0.0060956436,0.005689273,0.004625603,0.005309993,0.006997537,0.0074973535,0.005309993,0.0074973535,0.006997537,0.004625603,0.00653104,0.0074973535,0.0074973535,0.005309993,0.0074973535,0.006997537,0.0074973535,0.0074973535,0.0074973535,0.0074973535,0.0060956436,0.004625603,0.004625603,0.00653104,0.006997537,0.005309993,0.0060956436,0.006997537,0.005309993,0.00653104,0.005309993,0.004625603,0.0060956436,0.0060956436,0.005689273,0.00653104,0.005689273,0.004625603,0.0060956436,0.00653104,0.0074973535,0.0074973535,0.0074973535,0.004625603,0.004955998,0.005309993,0.0074973535,0.0074973535,0.0060956436,0.004625603,0.006997537,0.0074973535,0.0074973535,0.00653104,1,0
0.005335795,0.006562776,0.0049800803,0.0049800803,0.008071904,0.006125264,0.0049800803,0.0049800803,0.0049800803,0.008071904,0.006562776,0.0057169176,0.0049800803,0.005335795,0.008071904,0.005335795,0.006125264,0.006562776,0.0049800803,0.0070315385,0.0049800803,0.0075337845,0.0057169176,0.005335795,0.0070315385,0.008071904,0.0057169176,0.0049800803,0.0049800803,0.008071904,0.008071904,0.0057169176,0.0049800803,0.0070315385,0.008071904,0.006125264,0.006562776,0.006562776,0.0057169176,0.008071904,0.0049800803,0.006125264,0.008071904,0.006562776,0.008071904,0.008071904,0.0070315385,0.0049800803,0.0049800803,0.006562776,0.006562776,0.006125264,0.0057169176,0.0049800803,0.008071904,0.0049800803,0.0070315385,0.0049800803,0.0049800803,0.0070315385,0.008071904,0.006125264,0.0057169176,0.005335795,0.008071904,0.006125264,0.006125264,0.006125264,0.0049800803,0.0049800803,0.0049800803,0.008071904,0.0049800803,0.005335795,0.008071904,0.0075337845,0.006562776,0.0049800803,0.0049800803,0.0049800803,0.005335795,0.006562776,0.008071904,0.0057169176,0.006562776,0.0049800803,0.0049800803,0.005335795,0.0070315385,0.006125264,0.006125264,0.0070315385,0.0049800803,0.008071904,0.008071904,0.0070315385,0.0049800803,0.0057169176,0.005335795,0.008071904,0.008071904,0.0075337845,0.0057169176,0.0049800803,0.0075337845,0.008071904,0.008071904,0.0049800803,0.0049800803,0.008071904,0.008071904,0.008071904,0.006562776,0.006125264,0.0075337845,0.005335795,0.006562776,0.0049800803,0.005335795,0.0049800803,0.0049800803,0.0057169176,0.0049800803,0.0049800803,0.0057169176,0.0049800803,0.0057169176,0.006125264,0.008071904,0.0049800803,0.0075337845,0.006562776,0.006125264,0.006125264,0.0075337845,0.0070315385,0.005335795,0.006562776,0.006562776,0.008071904,0.005335795,0.0057169176,0.006562776,0.006125264,0.0070315385,0.005335795,0.005335795,0.0049800803,0.0049800803,0.008071904,0.006562776,0.0057169176,0.0049800803,0.0049800803,0.008071904,0.0075337845,0.006125264,0.0049800803,0.0049800803,0.008071904,4,4
0.0051673697,0.005536462,0.0048228833,0.007817113,0.0048228833,0.005536462,0.007817113,0.007295979,0.007817113,0.0068095867,0.007295979,0.005536462,0.0048228833,0.007817113,0.007817113,0.0059319185,0.007295979,0.0068095867,0.007817113,0.0059319185,0.007817113,0.007295979,0.0051673697,0.0068095867,0.0048228833,0.0068095867,0.005536462,0.0051673697,0.0059319185,0.0063556205,0.005536462,0.0063556205,0.0048228833,0.005536462,0.007817113,0.0051673697,0.005536462,0.0048228833,0.005536462,0.005536462,0.0048228833,0.007817113,0.0068095867,0.0051673697,0.007817113,0.0059319185,0.005536462,0.007295979,0.007817113,0.0063556205,0.005536462,0.005536462,0.0063556205,0.007817113,0.007817113,0.0051673697,0.0063556205,0.005536462,0.0063556205,0.0051673697,0.0068095867,0.0063556205,0.0059319185,0.0048228833,0.0059319185,0.0051673697,0.005536462,0.0051673697,0.0068095867,0.005536462,0.0048228833,0.007817113,0.0051673697,0.0051673697,0.007295979,0.0048228833,0.0063556205,0.0068095867,0.0063556205,0.005536462,0.0048228833,0.007295979,0.007817113,0.007817113,0.0063556205,0.0048228833,0.0059319185,0.0059319185,0.007817113,0.0059319185,0.0059319185,0.0063556205,0.0048228833,0.0059319185,0.007817113,0.0059319185,0.0048228833,0.0068095867,0.0063556205,0.0068095867,0.007817113,0.007817113,0.0063556205,0.005536462,0.0059319185,0.0048228833,0.005536462,0.0048228833,0.007817113,0.007817113,0.0063556205,0.007817113,0.0048228833,0.007295979,0.0063556205,0.0059319185,0.0068095867,0.0063556205,0.0059319185,0.0048228833,0.0048228833,0.005536462,0.007817113,0.007817113,0.0051673697,0.0059319185,0.007295979,0.0063556205,0.007295979,0.007295979,0.0063556205,0.005536462,0.0059319185,0.0063556205,0.007295979,0.0059319185,0.0059319185,0.0048228833,0.0063556205,0.0059319185,0.0059319185,0.007817113,0.0059319185,0.007295979,0.0063556205,0.0051673697,0.007817113,0.007817113,0.007817113,0.0051673697,0.005536462,0.0059319185,0.0063556205,0.0068095867,0.005536462,0.005536462,0.0063556205,0.0068095867,0.0063556205,0.0048228833,3,3
0.0047859456,0.005127794,0.005886487,0.0077572432,0.0047859456,0.005127794,0.0077572432,0.0067574335,0.0077572432,0.0077572432,0.0054940595,0.0054940595,0.0047859456,0.0072401008,0.006306944,0.0077572432,0.006306944,0.0054940595,0.0077572432,0.0054940595,0.0077572432,0.0072401008,0.006306944,0.0054940595,0.0047859456,0.0077572432,0.0054940595,0.005886487,0.005127794,0.0054940595,0.0077572432,0.005886487,0.006306944,0.006306944,0.0077572432,0.005127794,0.005127794,0.0077572432,0.005127794,0.0054940595,0.005127794,0.0067574335,0.0077572432,0.005886487,0.0077572432,0.0054940595,0.0054940595,0.0072401008,0.0077572432,0.005886487,0.0067574335,0.005886487,0.0054940595,0.0072401008,0.0054940595,0.005127794,0.005886487,0.0054940595,0.006306944,0.005127794,0.0067574335,0.0067574335,0.005886487,0.006306944,0.0067574335,0.0054940595,0.0054940595,0.005886487,0.0077572432,0.0067574335,0.0067574335,0.005886487,0.005127794,0.0054940595,0.0077572432,0.0047859456,0.005127794,0.005886487,0.0077572432,0.005127794,0.0047859456,0.0067574335,0.0077572432,0.0077572432,0.0077572432,0.0047859456,0.005127794,0.006306944,0.0067574335,0.006306944,0.005886487,0.0067574335,0.005127794,0.0072401008,0.006306944,0.0047859456,0.0047859456,0.0077572432,0.0072401008,0.0072401008,0.0072401008,0.006306944,0.006306944,0.0047859456,0.0067574335,0.0054940595,0.0054940595,0.006306944,0.0067574335,0.0077572432,0.005127794,0.0047859456,0.0072401008,0.0077572432,0.005127794,0.0047859456,0.0067574335,0.0072401008,0.006306944,0.0047859456,0.006306944,0.005127794,0.005886487,0.0077572432,0.0047859456,0.006306944,0.0067574335,0.006306944,0.0077572432,0.006306944,0.0077572432,0.0054940595,0.0072401008,0.0072401008,0.005127794,0.005886487,0.006306944,0.005127794,0.0077572432,0.0067574335,0.006306944,0.005886487,0.006306944,0.0067574335,0.0054940595,0.005127794,0.0077572432,0.0077572432,0.0077572432,0.005886487,0.0054940595,0.0054940595,0.006306944,0.0072401008,0.0047859456,0.0072401008,0.0054940595,0.006306944,0.0047859456,0.006306944,3,3
0.0070172437,0.0070172437,0.004969956,0.0075184684,0.006549434,0.0053249476,0.006112811,0.004969956,0.004969956,0.008055494,0.008055494,0.0057052956,0.004969956,0.0075184684,0.008055494,0.0053249476,0.006112811,0.0053249476,0.004969956,0.0070172437,0.0057052956,0.0075184684,0.006112811,0.004969956,0.008055494,0.008055494,0.006112811,0.006112811,0.006112811,0.006549434,0.006549434,0.0057052956,0.004969956,0.0053249476,0.008055494,0.0057052956,0.006549434,0.006112811,0.006112811,0.0057052956,0.0057052956,0.0075184684,0.0070172437,0.0057052956,0.008055494,0.006549434,0.0053249476,0.004969956,0.004969956,0.008055494,0.0070172437,0.0053249476,0.0075184684,0.004969956,0.0070172437,0.004969956,0.0070172437,0.004969956,0.004969956,0.0053249476,0.008055494,0.006112811,0.0053249476,0.0053249476,0.008055494,0.008055494,0.008055494,0.004969956,0.0075184684,0.0053249476,0.004969956,0.006112811,0.004969956,0.0053249476,0.008055494,0.0057052956,0.006549434,0.004969956,0.0057052956,0.004969956,0.0053249476,0.006112811,0.0053249476,0.004969956,0.008055494,0.004969956,0.004969956,0.004969956,0.006112811,0.006112811,0.006112811,0.0070172437,0.004969956,0.008055494,0.008055494,0.006112811,0.004969956,0.0057052956,0.0053249476,0.0075184684,0.0075184684,0.006549434,0.006549434,0.004969956,0.0075184684,0.008055494,0.008055494,0.004969956,0.004969956,0.008055494,0.006549434,0.0057052956,0.006112811,0.0057052956,0.0070172437,0.0057052956,0.0070172437,0.004969956,0.0053249476,0.004969956,0.0057052956,0.0053249476,0.0053249476,0.004969956,0.004969956,0.0053249476,0.008055494,0.004969956,0.004969956,0.008055494,0.008055494,0.006112811,0.004969956,0.004969956,0.006549434,0.0070172437,0.0057052956,0.008055494,0.004969956,0.006549434,0.006549434,0.0070172437,0.0057052956,0.0070172437,0.0075184684,0.0053249476,0.008055494,0.008055494,0.008055494,0.008055494,0.0057052956,0.0057052956,0.004969956,0.0057052956,0.008055494,0.008055494,0.006549434,0.004969956,0.004969956,0.0075184684,9,4
0.0061947084,0.007111259,0.0076191984,0.0076191984,0.004700777,0.007111259,0.0076191984,0.006637181,0.0076191984,0.004700777,0.007111259,0.0061947084,0.004700777,0.004700777,0.0053962893,0.0076191984,0.0061947084,0.0053962893,0.0076191984,0.0061947084,0.0076191984,0.007111259,0.0061947084,0.0057817334,0.0050365417,0.0076191984,0.0053962893,0.0050365417,0.004700777,0.0076191984,0.0057817334,0.0050365417,0.0076191984,0.007111259,0.004700777,0.0057817334,0.0053962893,0.006637181,0.004700777,0.0076191984,0.004700777,0.007111259,0.0076191984,0.006637181,0.0076191984,0.007111259,0.006637181,0.0076191984,0.0076191984,0.007111259,0.007111259,0.006637181,0.0061947084,0.007111259,0.004700777,0.0076191984,0.0057817334,0.0076191984,0.0076191984,0.006637181,0.0076191984,0.0057817334,0.004700777,0.0050365417,0.0076191984,0.0050365417,0.0057817334,0.0050365417,0.0057817334,0.0076191984,0.0076191984,0.0076191984,0.0050365417,0.0053962893,0.004700777,0.0076191984,0.0057817334,0.0076191984,0.0076191984,0.006637181,0.0057817334,0.004700777,0.0057817334,0.004700777,0.0050365417,0.0050365417,0.006637181,0.0076191984,0.0061947084,0.006637181,0.007111259,0.006637181,0.0076191984,0.004700777,0.0076191984,0.004700777,0.0050365417,0.0050365417,0.006637181,0.0050365417,0.0061947084,0.006637181,0.007111259,0.0061947084,0.0053962893,0.004700777,0.0053962893,0.0057817334,0.004700777,0.007111259,0.0061947084,0.0076191984,0.004700777,0.0050365417,0.0050365417,0.006637181,0.006637181,0.0061947084,0.0050365417,0.0053962893,0.0076191984,0.006637181,0.0076191984,0.0076191984,0.007111259,0.0061947084,0.006637181,0.0061947084,0.006637181,0.0061947084,0.0076191984,0.0053962893,0.0050365417,0.0061947084,0.006637181,0.0061947084,0.0050365417,0.0053962893,0.006637181,0.0057817334,0.0057817334,0.006637181,0.004700777,0.0050365417,0.006637181,0.007111259,0.0076191984,0.0076191984,0.0076191984,0.004700777,0.004700777,0.0053962893,0.007111259,0.007111259,0.004700777,0.0076191984,0.0061947084,0.0061947084,0.0053962893,0.004700777,2,0
0.0069783637,0.0074768113,0.0074768113,0.0074768113,0.004612929,0.0069783637,0.0074768113,0.0065131458,0.0074768113,0.004612929,0.0074768113,0.0060789417,0.004612929,0.004612929,0.004612929,0.0074768113,0.0060789417,0.005295444,0.0074768113,0.005673685,0.0069783637,0.0069783637,0.005673685,0.005673685,0.004612929,0.0074768113,0.005295444,0.0049424195,0.0049424195,0.0074768113,0.0074768113,0.005673685,0.0074768113,0.005673685,0.004612929,0.0074768113,0.005673685,0.0065131458,0.0049424195,0.0074768113,0.004612929,0.0074768113,0.0074768113,0.0074768113,0.005295444,0.0065131458,0.005295444,0.0074768113,0.0074768113,0.0074768113,0.0065131458,0.0074768113,0.0074768113,0.0074768113,0.005673685,0.0074768113,0.0065131458,0.0074768113,0.0074768113,0.005673685,0.0074768113,0.0049424195,0.004612929,0.0049424195,0.0074768113,0.0060789417,0.0060789417,0.0049424195,0.005673685,0.0060789417,0.0065131458,0.0074768113,0.005295444,0.005295444,0.004612929,0.0074768113,0.005295444,0.0074768113,0.0069783637,0.0074768113,0.0074768113,0.004612929,0.004612929,0.004612929,0.004612929,0.0074768113,0.0065131458,0.0074768113,0.005295444,0.0074768113,0.0074768113,0.0065131458,0.0074768113,0.004612929,0.0074768113,0.0074768113,0.0074768113,0.004612929,0.005295444,0.004612929,0.005295444,0.0060789417,0.0060789417,0.0060789417,0.0069783637,0.004612929,0.005295444,0.005295444,0.004612929,0.0069783637,0.0069783637,0.0074768113,0.005295444,0.0074768113,0.005673685,0.0060789417,0.0069783637,0.0069783637,0.0074768113,0.004612929,0.0069783637,0.0065131458,0.0074768113,0.0074768113,0.0065131458,0.0069783637,0.0060789417,0.0049424195,0.005295444,0.0060789417,0.0074768113,0.005295444,0.0060789417,0.0069783637,0.0065131458,0.0065131458,0.0049424195,0.0049424195,0.0069783637,0.005295444,0.0065131458,0.0065131458,0.0049424195,0.004612929,0.005295444,0.0065131458,0.0074768113,0.0074768113,0.0074768113,0.004612929,0.0060789417,0.005295444,0.0069783637,0.0074768113,0.0065131458,0.0069783637,0.0049424195,0.005295444,0.005295444,0.005295444,1,0
0.0067028715,0.00625602,0.0050863903,0.005838957,0.007181641,0.005449699,0.0082442155,0.0050863903,0.0050863903,0.0076946085,0.007181641,0.005449699,0.0050863903,0.0082442155,0.0082442155,0.007181641,0.0076946085,0.00625602,0.005838957,0.0050863903,0.0076946085,0.0076946085,0.00625602,0.005449699,0.00625602,0.00625602,0.00625602,0.0067028715,0.0050863903,0.007181641,0.0082442155,0.0067028715,0.0050863903,0.0050863903,0.0082442155,0.0050863903,0.0067028715,0.005449699,0.0050863903,0.005838957,0.005838957,0.007181641,0.007181641,0.005838957,0.0082442155,0.0082442155,0.007181641,0.005838957,0.0050863903,0.007181641,0.0067028715,0.00625602,0.007181641,0.0050863903,0.007181641,0.0050863903,0.007181641,0.0050863903,0.0050863903,0.005449699,0.0076946085,0.007181641,0.005449699,0.00625602,0.0067028715,0.0076946085,0.0082442155,0.0050863903,0.0050863903,0.0050863903,0.007181641,0.007181641,0.0050863903,0.005449699,0.0082442155,0.0050863903,0.0067028715,0.0050863903,0.0050863903,0.0050863903,0.0050863903,0.007181641,0.005838957,0.0050863903,0.0067028715,0.0050863903,0.0050863903,0.005838957,0.00625602,0.00625602,0.00625602,0.007181641,0.0050863903,0.0082442155,0.0082442155,0.005838957,0.0050863903,0.00625602,0.005449699,0.0082442155,0.007181641,0.0082442155,0.0050863903,0.00625602,0.005838957,0.0082442155,0.0082442155,0.0050863903,0.0050863903,0.0082442155,0.0067028715,0.0076946085,0.00625602,0.005449699,0.005838957,0.005838957,0.0067028715,0.00625602,0.005449699,0.0050863903,0.005449699,0.005449699,0.0050863903,0.0050863903,0.005449699,0.0082442155,0.00625602,0.0050863903,0.0076946085,0.0050863903,0.007181641,0.007181641,0.0050863903,0.0050863903,0.005449699,0.00625602,0.005838957,0.005449699,0.0050863903,0.007181641,0.0050863903,0.007181641,0.0076946085,0.0050863903,0.007181641,0.00625602,0.0076946085,0.0050863903,0.0050863903,0.005838957,0.00625602,0.005838957,0.0050863903,0.005449699,0.0067028715,0.005838957,0.005449699,0.0050863903,0.007181641,0.0050863903,6,1
0.0076392507,0.0076392507,0.0076392507,0.0076392507,0.0047131483,0.0076392507,0.0066546486,0.007129974,0.0076392507,0.0076392507,0.0066546486,0.0066546486,0.0047131483,0.0047131483,0.0054104915,0.0062110117,0.007129974,0.0057969503,0.007129974,0.0047131483,0.0062110117,0.007129974,0.0062110117,0.0062110117,0.0066546486,0.0050497972,0.0054104915,0.0062110117,0.0066546486,0.0050497972,0.0047131483,0.0062110117,0.0076392507,0.0066546486,0.0047131483,0.0062110117,0.0062110117,0.0057969503,0.0047131483,0.0076392507,0.0047131483,0.0076392507,0.0076392507,0.0076392507,0.0076392507,0.0076392507,0.0062110117,0.0076392507,0.0076392507,0.0062110117,0.0054104915,0.0076392507,0.0076392507,0.0076392507,0.0047131483,0.0076392507,0.0066546486,0.0076392507,0.0076392507,0.0062110117,0.0047131483,0.0057969503,0.0050497972,0.0050497972,0.0050497972,0.0050497972,0.0062110117,0.0047131483,0.0054104915,0.0057969503,0.0047131483,0.0076392507,0.0047131483,0.0050497972,0.0047131483,0.0076392507,0.0062110117,0.0076392507,0.0076392507,0.0066546486,0.0076392507,0.0054104915,0.0047131483,0.0047131483,0.0054104915,0.0047131483,0.0076392507,0.007129974,0.0057969503,0.0047131483,0.0076392507,0.0066546486,0.0076392507,0.0047131483,0.0076392507,0.0076392507,0.0076392507,0.0047131483,0.0062110117,0.0047131483,0.0050497972,0.0076392507,0.0066546486,0.0050497972,0.0047131483,0.0047131483,0.0062110117,0.0062110117,0.0047131483,0.0047131483,0.007129974,0.0076392507,0.0050497972,0.0076392507,0.0062110117,0.0047131483,0.0066546486,0.0076392507,0.0076392507,0.0062110117,0.0076392507,0.007129974,0.0076392507,0.0076392507,0.0050497972,0.0076392507,0.007129974,0.0047131483,0.0047131483,0.0062110117,0.0057969503,0.0054104915,0.0062110117,0.007129974,0.0050497972,0.0057969503,0.0050497972,0.0047131483,0.0066546486,0.0054104915,0.0062110117,0.0066546486,0.0054104915,0.0047131483,0.0066546486,0.0050497972,0.0076392507,0.007129974,0.0066546486,0.0047131483,0.0047131483,0.0054104915,0.0076392507,0.0076392507,0.0066546486,0.0050497972,0.007129974,0.0057969503,0.0062110117,0.0076392507,0,1
0.005207315,0.0064047514,0.007877542,0.007877542,0.0048601655,0.005207315,0.005977774,0.0068622273,0.007352379,0.007877542,0.0055792606,0.0055792606,0.0068622273,0.0048601655,0.0068622273,0.005207315,0.0064047514,0.0068622273,0.007877542,0.0048601655,0.005977774,0.007352379,0.005977774,0.0064047514,0.0048601655,0.0048601655,0.0055792606,0.0064047514,0.0064047514,0.0048601655,0.005207315,0.0064047514,0.007877542,0.0068622273,0.007877542,0.005977774,0.0055792606,0.007877542,0.0048601655,0.0064047514,0.0048601655,0.0064047514,0.007352379,0.0055792606,0.007877542,0.0048601655,0.0048601655,0.007877542,0.0048601655,0.0068622273,0.0055792606,0.0064047514,0.007877542,0.0048601655,0.0055792606,0.0048601655,0.0048601655,0.007877542,0.005977774,0.0064047514,0.005977774,0.005207315,0.007352379,0.0048601655,0.007877542,0.005977774,0.005977774,0.0048601655,0.0064047514,0.0064047514,0.0055792606,0.0048601655,0.0055792606,0.0055792606,0.007877542,0.0055792606,0.005207315,0.007877542,0.0064047514,0.005207315,0.0048601655,0.0048601655,0.007877542,0.007877542,0.0068622273,0.005977774,0.0064047514,0.007877542,0.007877542,0.005977774,0.0068622273,0.0068622273,0.007877542,0.0048601655,0.007877542,0.0048601655,0.0048601655,0.007877542,0.005977774,0.007352379,0.0064047514,0.007877542,0.007352379,0.005977774,0.007352379,0.0048601655,0.0055792606,0.007877542,0.0048601655,0.007877542,0.005207315,0.0048601655,0.007352379,0.0064047514,0.0064047514,0.005977774,0.0068622273,0.007877542,0.005977774,0.0048601655,0.0055792606,0.0055792606,0.007877542,0.007877542,0.005977774,0.0048601655,0.007352379,0.0068622273,0.007877542,0.0068622273,0.0055792606,0.0055792606,0.007352379,0.007352379,0.0055792606,0.0055792606,0.005207315,0.0048601655,0.0064047514,0.0055792606,0.0048601655,0.0055792606,0.007352379,0.0048601655,0.0055792606,0.005207315,0.007877542,0.007877542,0.007877542,0.007877542,0.0048601655,0.0055792606,0.0068622273,0.007352379,0.0048601655,0.005207315,0.0048601655,0.007352379,0.005207315,0.005207315,2,2
0.0049500135,0.006088283,0.0049500135,0.0056824023,0.0074883,0.006088283,0.005303581,0.0049500135,0.0049500135,0.008023171,0.008023171,0.0065231537,0.0049500135,0.0074883,0.008023171,0.0065231537,0.006088283,0.006088283,0.0049500135,0.0065231537,0.0049500135,0.0069890865,0.006088283,0.005303581,0.006088283,0.008023171,0.0056824023,0.0049500135,0.0056824023,0.0074883,0.0069890865,0.0049500135,0.0049500135,0.0074883,0.008023171,0.0065231537,0.0065231537,0.0065231537,0.0049500135,0.0069890865,0.0049500135,0.006088283,0.008023171,0.006088283,0.008023171,0.0065231537,0.0056824023,0.0056824023,0.0049500135,0.008023171,0.0074883,0.006088283,0.008023171,0.0049500135,0.008023171,0.0049500135,0.0069890865,0.0049500135,0.0049500135,0.006088283,0.008023171,0.006088283,0.0065231537,0.0049500135,0.008023171,0.006088283,0.006088283,0.006088283,0.0065231537,0.0065231537,0.0065231537,0.005303581,0.0049500135,0.0056824023,0.008023171,0.005303581,0.0065231537,0.0049500135,0.0056824023,0.0049500135,0.005303581,0.008023171,0.0065231537,0.0049500135,0.008023171,0.0049500135,0.0049500135,0.005303581,0.0065231537,0.006088283,0.006088283,0.0069890865,0.0049500135,0.008023171,0.008023171,0.0056824023,0.0049500135,0.006088283,0.0065231537,0.0074883,0.0069890865,0.0065231537,0.0074883,0.0056824023,0.0074883,0.008023171,0.008023171,0.005303581,0.0049500135,0.008023171,0.008023171,0.0069890865,0.006088283,0.0049500135,0.0069890865,0.0056824023,0.0069890865,0.006088283,0.0056824023,0.005303581,0.0056824023,0.0065231537,0.0049500135,0.0069890865,0.0056824023,0.0049500135,0.008023171,0.0069890865,0.008023171,0.006088283,0.0069890865,0.0069890865,0.0049500135,0.0049500135,0.0074883,0.0065231537,0.006088283,0.0069890865,0.0049500135,0.0069890865,0.005303581,0.006088283,0.0069890865,0.0056824023,0.008023171,0.0049500135,0.0049500135,0.0049500135,0.0049500135,0.005303581,0.005303581,0.0065231537,0.0065231537,0.005303581,0.0069890865,0.008023171,0.0065231537,0.005303581,0.0056824023,0.0049500135,9,4
0.0063201943,0.005898854,0.0077735404,0.0077735404,0.0047960007,0.0063201943,0.0063201943,0.005898854,0.0063201943,0.0077735404,0.005898854,0.00677163,0.0077735404,0.0047960007,0.0077735404,0.005505602,0.005505602,0.0063201943,0.0077735404,0.0047960007,0.0063201943,0.0072553116,0.0063201943,0.00677163,0.0047960007,0.0047960007,0.005505602,0.0063201943,0.00677163,0.005138567,0.005505602,0.0063201943,0.0063201943,0.0072553116,0.0077735404,0.005505602,0.005505602,0.0077735404,0.0047960007,0.005505602,0.005898854,0.0077735404,0.00677163,0.005505602,0.0077735404,0.00677163,0.0047960007,0.0077735404,0.0063201943,0.005505602,0.00677163,0.005898854,0.0077735404,0.0047960007,0.005505602,0.005505602,0.0047960007,0.0077735404,0.005505602,0.005138567,0.0047960007,0.005505602,0.00677163,0.0047960007,0.0063201943,0.005898854,0.0063201943,0.0047960007,0.005505602,0.0063201943,0.0063201943,0.00677163,0.005505602,0.005138567,0.0077735404,0.005898854,0.005138567,0.0077735404,0.00677163,0.0047960007,0.005138567,0.0047960007,0.0077735404,0.0077735404,0.0063201943,0.005505602,0.005505602,0.0077735404,0.0077735404,0.0047960007,0.00677163,0.00677163,0.0077735404,0.0047960007,0.0077735404,0.005898854,0.0047960007,0.0077735404,0.005898854,0.0072553116,0.0077735404,0.0077735404,0.0072553116,0.005898854,0.00677163,0.0047960007,0.005505602,0.00677163,0.0047960007,0.0077735404,0.0063201943,0.00677163,0.0072553116,0.0072553116,0.0063201943,0.005898854,0.00677163,0.0077735404,0.00677163,0.005138567,0.005505602,0.0063201943,0.0077735404,0.0077735404,0.005505602,0.005505602,0.0077735404,0.0063201943,0.0063201943,0.0072553116,0.0063201943,0.005505602,0.0072553116,0.0072553116,0.005138567,0.005898854,0.005138567,0.005505602,0.0063201943,0.005898854,0.0063201943,0.005138567,0.0063201943,0.005138567,0.005898854,0.005138567,0.0077735404,0.0077735404,0.0077735404,0.005138567,0.0047960007,0.005505602,0.0063201943,0.0072553116,0.0047960007,0.005898854,0.005138567,0.00677163,0.0063201943,0.0047960007,2,2
0.006175554,0.0075956397,0.0075956397,0.0075956397,0.005763856,0.0075956397,0.0075956397,0.006175554,0.0070892707,0.004686242,0.005379604,0.005763856,0.004686242,0.004686242,0.004686242,0.005763856,0.006175554,0.0066166585,0.0075956397,0.005763856,0.0070892707,0.0070892707,0.006175554,0.006175554,0.004686242,0.004686242,0.005379604,0.006175554,0.006175554,0.004686242,0.004686242,0.006175554,0.0075956397,0.0066166585,0.004686242,0.0070892707,0.006175554,0.005763856,0.004686242,0.0075956397,0.004686242,0.0075956397,0.0075956397,0.0075956397,0.0066166585,0.0075956397,0.0066166585,0.0075956397,0.0075956397,0.0066166585,0.005379604,0.0075956397,0.0075956397,0.0075956397,0.004686242,0.0075956397,0.0066166585,0.0075956397,0.0075956397,0.006175554,0.004686242,0.005763856,0.004686242,0.004686242,0.006175554,0.005379604,0.006175554,0.005763856,0.006175554,0.0070892707,0.005763856,0.0075956397,0.004686242,0.005379604,0.004686242,0.0066166585,0.006175554,0.0075956397,0.0075956397,0.0075956397,0.0075956397,0.004686242,0.004686242,0.004686242,0.004686242,0.004686242,0.0075956397,0.0075956397,0.005763856,0.004686242,0.0075956397,0.0066166585,0.0075956397,0.004686242,0.0075956397,0.0075956397,0.0075956397,0.0050209686,0.006175554,0.004686242,0.005379604,0.0075956397,0.0066166585,0.0050209686,0.0050209686,0.004686242,0.006175554,0.006175554,0.004686242,0.004686242,0.0070892707,0.0075956397,0.005379604,0.0075956397,0.006175554,0.004686242,0.0066166585,0.0075956397,0.0075956397,0.005379604,0.0075956397,0.0070892707,0.0075956397,0.0075956397,0.0075956397,0.0075956397,0.0066166585,0.004686242,0.004686242,0.0066166585,0.005379604,0.005379604,0.005763856,0.0070892707,0.005763856,0.005763856,0.0050209686,0.004686242,0.006175554,0.005379604,0.005379604,0.0066166585,0.005763856,0.004686242,0.0066166585,0.006175554,0.0075956397,0.0075956397,0.0075956397,0.004686242,0.004686242,0.005379604,0.0075956397,0.0075956397,0.0066166585,0.004686242,0.0075956397,0.0075956397,0.0075956397,0.0070892707,1,1
0.0048670876,0.0052147317,0.007888761,0.007888761,0.0048670876,0.0052147317,0.007888761,0.0068720006,0.007888761,0.007888761,0.005587207,0.0052147317,0.005587207,0.0048670876,0.007888761,0.007362851,0.005587207,0.0052147317,0.007888761,0.0048670876,0.0048670876,0.007362851,0.005986288,0.0064138733,0.0048670876,0.007888761,0.005986288,0.0052147317,0.0052147317,0.005986288,0.0064138733,0.005986288,0.007888761,0.007362851,0.007362851,0.005986288,0.0052147317,0.007362851,0.0048670876,0.005587207,0.0048670876,0.0068720006,0.007362851,0.005986288,0.007888761,0.0048670876,0.0052147317,0.0064138733,0.007888761,0.0064138733,0.005986288,0.0048670876,0.0068720006,0.0048670876,0.0064138733,0.0052147317,0.0048670876,0.007888761,0.0064138733,0.005986288,0.007362851,0.005587207,0.007362851,0.0048670876,0.007888761,0.0064138733,0.005587207,0.005587207,0.005986288,0.005986288,0.0048670876,0.005986288,0.005587207,0.005587207,0.007888761,0.0048670876,0.0052147317,0.0064138733,0.0052147317,0.0048670876,0.0048670876,0.005587207,0.007888761,0.007888761,0.007888761,0.0048670876,0.005587207,0.0068720006,0.005986288,0.005986288,0.0064138733,0.0068720006,0.007888761,0.0048670876,0.007888761,0.0048670876,0.0048670876,0.007888761,0.005986288,0.007362851,0.0068720006,0.0064138733,0.007362851,0.0048670876,0.007362851,0.0052147317,0.005587207,0.007888761,0.0048670876,0.007888761,0.0068720006,0.0064138733,0.0048670876,0.0064138733,0.0064138733,0.005587207,0.0068720006,0.007888761,0.005587207,0.0048670876,0.005587207,0.0052147317,0.007888761,0.007888761,0.005587207,0.0052147317,0.007362851,0.0068720006,0.007888761,0.0068720006,0.007362851,0.005587207,0.0068720006,0.0064138733,0.005587207,0.005587207,0.0048670876,0.0048670876,0.0064138733,0.005587207,0.007888761,0.005986288,0.0064138733,0.005587207,0.0064138733,0.0048670876,0.007888761,0.007888761,0.007888761,0.007888761,0.005587207,0.005587207,0.0068720006,0.007362851,0.0052147317,0.005986288,0.005587207,0.0064138733,0.0052147317,0.0048670876,2,2
0.0049893707,0.006575019,0.0049893707,0.0049893707,0.008086963,0.0053457497,0.0049893707,0.0049893707,0.0049893707,0.008086963,0.007044656,0.0061366907,0.0053457497,0.0053457497,0.007044656,0.0053457497,0.006575019,0.0061366907,0.0053457497,0.006575019,0.005727583,0.006575019,0.006575019,0.0053457497,0.007044656,0.007044656,0.005727583,0.0049893707,0.0049893707,0.008086963,0.008086963,0.005727583,0.0049893707,0.007044656,0.008086963,0.0049893707,0.0061366907,0.005727583,0.0053457497,0.007044656,0.0049893707,0.0061366907,0.008086963,0.006575019,0.008086963,0.007547839,0.006575019,0.0049893707,0.0049893707,0.008086963,0.006575019,0.0053457497,0.005727583,0.0049893707,0.008086963,0.0053457497,0.007044656,0.0049893707,0.0049893707,0.007044656,0.008086963,0.0053457497,0.006575019,0.005727583,0.008086963,0.0053457497,0.006575019,0.006575019,0.0061366907,0.007547839,0.0049893707,0.0049893707,0.005727583,0.0053457497,0.008086963,0.0053457497,0.005727583,0.0049893707,0.006575019,0.0053457497,0.0049893707,0.0053457497,0.0061366907,0.007547839,0.008086963,0.0049893707,0.0049893707,0.0053457497,0.007547839,0.0061366907,0.0061366907,0.007044656,0.0049893707,0.008086963,0.008086963,0.0061366907,0.0049893707,0.006575019,0.006575019,0.008086963,0.006575019,0.0061366907,0.007044656,0.0061366907,0.007547839,0.008086963,0.007044656,0.006575019,0.0049893707,0.007547839,0.008086963,0.007044656,0.0061366907,0.0061366907,0.007044656,0.0061366907,0.0061366907,0.0049893707,0.006575019,0.0049893707,0.0049893707,0.0053457497,0.0049893707,0.006575019,0.0053457497,0.0049893707,0.0053457497,0.005727583,0.007547839,0.0049893707,0.006575019,0.005727583,0.007547839,0.007547839,0.008086963,0.007044656,0.0053457497,0.0061366907,0.006575019,0.008086963,0.0049893707,0.0053457497,0.007547839,0.006575019,0.007547839,0.0049893707,0.0049893707,0.0049893707,0.0049893707,0.008086963,0.0049893707,0.006575019,0.007044656,0.0053457497,0.007547839,0.0061366907,0.007044656,0.0049893707,0.0053457497,0.008086963,4,4
0.004961455,0.004961455,0.007005241,0.008041715,0.004961455,0.0056955367,0.004961455,0.007005241,0.0075056083,0.008041715,0.0056955367,0.0053158393,0.0053158393,0.0056955367,0.008041715,0.004961455,0.0056955367,0.006102355,0.008041715,0.004961455,0.004961455,0.0075056083,0.006102355,0.007005241,0.0053158393,0.0056955367,0.0056955367,0.006538231,0.006102355,0.004961455,0.006538231,0.006538231,0.0075056083,0.007005241,0.008041715,0.0056955367,0.004961455,0.007005241,0.004961455,0.0056955367,0.004961455,0.006538231,0.0075056083,0.006102355,0.008041715,0.004961455,0.004961455,0.008041715,0.0053158393,0.0075056083,0.007005241,0.0053158393,0.0075056083,0.0075056083,0.0056955367,0.0053158393,0.0053158393,0.006538231,0.006538231,0.0053158393,0.007005241,0.006102355,0.0056955367,0.007005241,0.004961455,0.006538231,0.0056955367,0.0056955367,0.006102355,0.006102355,0.004961455,0.004961455,0.0056955367,0.0056955367,0.008041715,0.004961455,0.0053158393,0.0056955367,0.006102355,0.004961455,0.007005241,0.004961455,0.008041715,0.008041715,0.0075056083,0.004961455,0.0056955367,0.008041715,0.007005241,0.006102355,0.006102355,0.004961455,0.0056955367,0.006538231,0.006538231,0.0056955367,0.0053158393,0.006538231,0.007005241,0.006102355,0.006538231,0.006538231,0.006538231,0.006102355,0.006538231,0.0053158393,0.0056955367,0.008041715,0.006538231,0.008041715,0.004961455,0.004961455,0.0075056083,0.006538231,0.007005241,0.006102355,0.006538231,0.0075056083,0.0056955367,0.004961455,0.0053158393,0.0053158393,0.008041715,0.008041715,0.0056955367,0.004961455,0.008041715,0.007005241,0.008041715,0.007005241,0.0053158393,0.0056955367,0.0075056083,0.0075056083,0.0053158393,0.0056955367,0.004961455,0.004961455,0.006538231,0.0056955367,0.004961455,0.0056955367,0.007005241,0.0053158393,0.007005241,0.0056955367,0.006538231,0.008041715,0.008041715,0.008041715,0.006102355,0.0056955367,0.007005241,0.0075056083,0.004961455,0.004961455,0.004961455,0.0075056083,0.007005241,0.0056955367,3,3
0.0063691707,0.007833779,0.0048331656,0.0048331656,0.007311534,0.005178387,0.0063691707,0.007311534,0.007833779,0.007833779,0.007311534,0.0059445654,0.0048331656,0.007833779,0.0063691707,0.0068241046,0.007311534,0.0048331656,0.0048331656,0.0063691707,0.007833779,0.007311534,0.0055482658,0.0048331656,0.0048331656,0.007311534,0.0055482658,0.0059445654,0.005178387,0.007833779,0.0068241046,0.0048331656,0.0048331656,0.007311534,0.007833779,0.0059445654,0.0063691707,0.007311534,0.0063691707,0.007311534,0.0048331656,0.0059445654,0.007833779,0.0059445654,0.007833779,0.007833779,0.0063691707,0.0048331656,0.0048331656,0.0068241046,0.0063691707,0.0063691707,0.0059445654,0.005178387,0.007833779,0.0048331656,0.0063691707,0.0048331656,0.0048331656,0.005178387,0.007833779,0.0063691707,0.0063691707,0.0055482658,0.007833779,0.005178387,0.0059445654,0.005178387,0.007833779,0.0068241046,0.0059445654,0.007311534,0.0055482658,0.0055482658,0.0063691707,0.0055482658,0.0063691707,0.0048331656,0.005178387,0.0048331656,0.0048331656,0.0055482658,0.007311534,0.0068241046,0.0055482658,0.0048331656,0.0048331656,0.005178387,0.0063691707,0.0059445654,0.0059445654,0.0068241046,0.0048331656,0.007833779,0.007833779,0.0068241046,0.0048331656,0.0068241046,0.0048331656,0.007833779,0.0068241046,0.007311534,0.0059445654,0.0048331656,0.007311534,0.007833779,0.007833779,0.0048331656,0.0048331656,0.007833779,0.007833779,0.007311534,0.0055482658,0.0048331656,0.007311534,0.0055482658,0.0063691707,0.0055482658,0.005178387,0.0048331656,0.0059445654,0.0055482658,0.007833779,0.0063691707,0.0048331656,0.0055482658,0.007833779,0.005178387,0.0048331656,0.0063691707,0.0068241046,0.0055482658,0.007311534,0.0063691707,0.0063691707,0.0068241046,0.0059445654,0.007833779,0.0063691707,0.0068241046,0.0059445654,0.0068241046,0.0059445654,0.0063691707,0.007311534,0.0068241046,0.007833779,0.0068241046,0.007833779,0.0063691707,0.0055482658,0.0055482658,0.0048331656,0.0063691707,0.007833779,0.007833779,0.0063691707,0.0048331656,0.0055482658,0.0048331656,1,4
0.006234123,0.0076676765,0.0076676765,0.0076676765,0.004730686,0.007156505,0.0076676765,0.006679411,0.0076676765,0.004730686,0.0058185207,0.005430624,0.004730686,0.004730686,0.004730686,0.0058185207,0.006234123,0.006234123,0.0076676765,0.0058185207,0.0076676765,0.007156505,0.005430624,0.005430624,0.004730686,0.006679411,0.0058185207,0.006234123,0.0058185207,0.0050685876,0.006679411,0.0058185207,0.0076676765,0.006234123,0.004730686,0.006234123,0.005430624,0.006679411,0.004730686,0.007156505,0.0076676765,0.006234123,0.0050685876,0.004730686,0.004730686,0.0076676765,0.007156505,0.0076676765,0.0076676765,0.0076676765,0.005430624,0.0076676765,0.007156505,0.007156505,0.004730686,0.0076676765,0.006679411,0.0076676765,0.0076676765,0.0058185207,0.006234123,0.005430624,0.0050685876,0.005430624,0.0076676765,0.006234123,0.006234123,0.0050685876,0.0058185207,0.0050685876,0.006679411,0.0076676765,0.004730686,0.005430624,0.004730686,0.0076676765,0.005430624,0.0076676765,0.0076676765,0.006234123,0.0076676765,0.004730686,0.004730686,0.004730686,0.004730686,0.0058185207,0.007156505,0.0076676765,0.0058185207,0.0076676765,0.0076676765,0.006679411,0.0076676765,0.004730686,0.0076676765,0.007156505,0.0076676765,0.0050685876,0.006234123,0.004730686,0.007156505,0.007156505,0.006234123,0.005430624,0.006679411,0.004730686,0.006234123,0.005430624,0.004730686,0.005430624,0.0058185207,0.0076676765,0.005430624,0.0058185207,0.0076676765,0.0076676765,0.006679411,0.0050685876,0.005430624,0.0050685876,0.006679411,0.006234123,0.0076676765,0.0076676765,0.005430624,0.006679411,0.0076676765,0.005430624,0.006234123,0.006234123,0.007156505,0.005430624,0.0058185207,0.006234123,0.006679411,0.0058185207,0.0050685876,0.005430624,0.007156505,0.005430624,0.005430624,0.006679411,0.0050685876,0.0050685876,0.0058185207,0.006234123,0.0076676765,0.0076676765,0.0076676765,0.004730686,0.0076676765,0.0058185207,0.006679411,0.007156505,0.004730686,0.006679411,0.006234123,0.006234123,0.0058185207,0.004730686,1,0
0.004870545,0.00641843,0.004870545,0.007894365,0.00641843,0.005591176,0.0059905406,0.00641843,0.0073680812,0.00641843,0.0073680812,0.005218436,0.004870545,0.007894365,0.007894365,0.0059905406,0.0073680812,0.00641843,0.007894365,0.004870545,0.00641843,0.0073680812,0.005591176,0.00641843,0.0073680812,0.005218436,0.005591176,0.00641843,0.006876882,0.004870545,0.00641843,0.005591176,0.004870545,0.005591176,0.007894365,0.0059905406,0.00641843,0.004870545,0.004870545,0.0059905406,0.005591176,0.006876882,0.00641843,0.005591176,0.007894365,0.007894365,0.00641843,0.00641843,0.007894365,0.0059905406,0.0059905406,0.0059905406,0.006876882,0.007894365,0.006876882,0.005218436,0.00641843,0.004870545,0.006876882,0.005218436,0.00641843,0.006876882,0.005591176,0.00641843,0.004870545,0.005218436,0.0059905406,0.005218436,0.007894365,0.005218436,0.004870545,0.0059905406,0.005591176,0.005591176,0.007894365,0.004870545,0.00641843,0.004870545,0.004870545,0.0059905406,0.004870545,0.005218436,0.00641843,0.007894365,0.007894365,0.004870545,0.005591176,0.00641843,0.0073680812,0.0059905406,0.0059905406,0.006876882,0.004870545,0.007894365,0.007894365,0.005218436,0.004870545,0.00641843,0.006876882,0.007894365,0.007894365,0.007894365,0.004870545,0.0059905406,0.005591176,0.004870545,0.005591176,0.004870545,0.007894365,0.00641843,0.0059905406,0.0073680812,0.005591176,0.007894365,0.0059905406,0.0059905406,0.006876882,0.007894365,0.00641843,0.004870545,0.005591176,0.005218436,0.006876882,0.007894365,0.0073680812,0.0059905406,0.007894365,0.005218436,0.007894365,0.00641843,0.0059905406,0.005591176,0.0073680812,0.006876882,0.005591176,0.005591176,0.005591176,0.004870545,0.006876882,0.0059905406,0.004870545,0.005218436,0.0073680812,0.007894365,0.005591176,0.005218436,0.007894365,0.007894365,0.007894365,0.00641843,0.005591176,0.005591176,0.006876882,0.0073680812,0.005591176,0.005591176,0.005218436,0.005218436,0.00641843,0.004870545,3,3
0.0070748143,0.007580151,0.007580151,0.007580151,0.005752103,0.0070748143,0.007580151,0.0070748143,0.007580151,0.0070748143,0.005752103,0.005368634,0.004676686,0.004676686,0.004676686,0.006162961,0.006162961,0.006162961,0.007580151,0.005752103,0.0070748143,0.0070748143,0.006162961,0.006162961,0.00501073,0.00501073,0.005368634,0.006162961,0.0070748143,0.006162961,0.006162961,0.005752103,0.007580151,0.006603166,0.00501073,0.006603166,0.006162961,0.005752103,0.004676686,0.007580151,0.004676686,0.007580151,0.007580151,0.007580151,0.006603166,0.005752103,0.005368634,0.007580151,0.007580151,0.005752103,0.005368634,0.007580151,0.007580151,0.007580151,0.004676686,0.007580151,0.006603166,0.007580151,0.007580151,0.005752103,0.004676686,0.005368634,0.005368634,0.005368634,0.007580151,0.00501073,0.006162961,0.004676686,0.005368634,0.005368634,0.00501073,0.007580151,0.005368634,0.005368634,0.004676686,0.007580151,0.006162961,0.007580151,0.007580151,0.007580151,0.006603166,0.004676686,0.004676686,0.004676686,0.004676686,0.007580151,0.007580151,0.007580151,0.005752103,0.007580151,0.007580151,0.006603166,0.007580151,0.004676686,0.007580151,0.005752103,0.0070748143,0.005368634,0.006162961,0.004676686,0.005368634,0.007580151,0.006603166,0.00501073,0.0070748143,0.004676686,0.005752103,0.006162961,0.004676686,0.00501073,0.007580151,0.007580151,0.00501073,0.0070748143,0.005752103,0.004676686,0.006603166,0.007580151,0.007580151,0.00501073,0.007580151,0.005752103,0.007580151,0.007580151,0.006603166,0.007580151,0.005752103,0.004676686,0.004676686,0.006603166,0.006603166,0.005368634,0.006603166,0.0070748143,0.006162961,0.006162961,0.00501073,0.004676686,0.006162961,0.005368634,0.005368634,0.006603166,0.005752103,0.004676686,0.006603166,0.005368634,0.007580151,0.007580151,0.007580151,0.004676686,0.004676686,0.005368634,0.007580151,0.007580151,0.006162961,0.004676686,0.006162961,0.007580151,0.007580151,0.00501073,1,2
0.0062345644,0.005818933,0.0076682195,0.0076682195,0.0047310214,0.0050689466,0.005818933,0.0066798837,0.0066798837,0.0076682195,0.005818933,0.0066798837,0.0066798837,0.0047310214,0.0076682195,0.0054310085,0.0050689466,0.0066798837,0.0076682195,0.0047310214,0.0076682195,0.007157012,0.0047310214,0.0047310214,0.0047310214,0.0050689466,0.0062345644,0.0062345644,0.005818933,0.0047310214,0.007157012,0.0066798837,0.007157012,0.0062345644,0.0076682195,0.0054310085,0.0050689466,0.0076682195,0.0047310214,0.0054310085,0.0050689466,0.007157012,0.0076682195,0.005818933,0.007157012,0.007157012,0.0047310214,0.0076682195,0.0047310214,0.005818933,0.0054310085,0.0047310214,0.0076682195,0.0047310214,0.0054310085,0.0050689466,0.0047310214,0.0076682195,0.0062345644,0.0054310085,0.0062345644,0.0054310085,0.007157012,0.0047310214,0.0076682195,0.005818933,0.0062345644,0.0047310214,0.0054310085,0.005818933,0.005818933,0.0076682195,0.0054310085,0.0047310214,0.0076682195,0.0062345644,0.0050689466,0.0076682195,0.0066798837,0.0062345644,0.0050689466,0.0050689466,0.0076682195,0.0076682195,0.0066798837,0.0076682195,0.005818933,0.0076682195,0.0076682195,0.005818933,0.0066798837,0.0062345644,0.0076682195,0.0047310214,0.0076682195,0.0050689466,0.0047310214,0.007157012,0.0076682195,0.0076682195,0.0076682195,0.0076682195,0.0066798837,0.005818933,0.0054310085,0.005818933,0.0054310085,0.007157012,0.0047310214,0.0076682195,0.005818933,0.0062345644,0.007157012,0.0076682195,0.0066798837,0.0047310214,0.0066798837,0.0076682195,0.007157012,0.0050689466,0.0054310085,0.005818933,0.0076682195,0.0076682195,0.0050689466,0.005818933,0.0076682195,0.0050689466,0.0066798837,0.0066798837,0.0066798837,0.0054310085,0.007157012,0.007157012,0.0047310214,0.005818933,0.005818933,0.0066798837,0.0076682195,0.0054310085,0.007157012,0.0066798837,0.0062345644,0.0054310085,0.005818933,0.0050689466,0.0076682195,0.0076682195,0.0076682195,0.0066798837,0.0047310214,0.0054310085,0.0066798837,0.007157012,0.0047310214,0.0062345644,0.005818933,0.0062345644,0.0062345644,0.0054310085,2,2
0.004841115,0.0051869038,0.006835329,0.007846664,0.004841115,0.005954343,0.007846664,0.006835329,0.007846664,0.007846664,0.005954343,0.0051869038,0.004841115,0.00732356,0.007846664,0.00732356,0.004841115,0.006835329,0.007846664,0.006835329,0.0055573913,0.0063796462,0.0063796462,0.0051869038,0.004841115,0.007846664,0.0055573913,0.005954343,0.0051869038,0.0063796462,0.006835329,0.0051869038,0.0055573913,0.00732356,0.007846664,0.005954343,0.0063796462,0.004841115,0.0063796462,0.005954343,0.004841115,0.005954343,0.007846664,0.005954343,0.007846664,0.0055573913,0.0063796462,0.0063796462,0.007846664,0.005954343,0.0063796462,0.0063796462,0.0051869038,0.006835329,0.0063796462,0.004841115,0.005954343,0.0063796462,0.0063796462,0.0051869038,0.00732356,0.00732356,0.004841115,0.0055573913,0.00732356,0.0055573913,0.005954343,0.0051869038,0.007846664,0.0055573913,0.0055573913,0.0051869038,0.0055573913,0.0055573913,0.006835329,0.004841115,0.0051869038,0.0051869038,0.0063796462,0.0055573913,0.004841115,0.0055573913,0.007846664,0.007846664,0.007846664,0.004841115,0.0051869038,0.0055573913,0.00732356,0.005954343,0.005954343,0.0063796462,0.0051869038,0.007846664,0.0055573913,0.0051869038,0.004841115,0.00732356,0.0063796462,0.00732356,0.007846664,0.00732356,0.0063796462,0.004841115,0.007846664,0.004841115,0.0055573913,0.004841115,0.006835329,0.007846664,0.006835329,0.007846664,0.0063796462,0.007846664,0.0063796462,0.0055573913,0.005954343,0.00732356,0.0055573913,0.004841115,0.0063796462,0.0051869038,0.005954343,0.007846664,0.0055573913,0.0063796462,0.007846664,0.0063796462,0.007846664,0.006835329,0.005954343,0.0063796462,0.00732356,0.00732356,0.0051869038,0.005954343,0.004841115,0.0055573913,0.007846664,0.0055573913,0.0063796462,0.0063796462,0.005954343,0.0063796462,0.0055573913,0.0051869038,0.007846664,0.007846664,0.007846664,0.0051869038,0.0055573913,0.0055573913,0.006835329,0.00732356,0.0051869038,0.006835329,0.0055573913,0.0055573913,0.0055573913,0.004841115,3,3
0.0057064854,0.008057174,0.0049709924,0.0065508,0.0057064854,0.0049709924,0.0049709924,0.007520037,0.008057174,0.008057174,0.0057064854,0.0053260582,0.0049709924,0.008057174,0.007018707,0.0053260582,0.0053260582,0.0065508,0.008057174,0.0049709924,0.0049709924,0.007520037,0.006114086,0.0065508,0.0049709924,0.0057064854,0.006114086,0.0065508,0.0065508,0.006114086,0.007018707,0.006114086,0.006114086,0.007520037,0.008057174,0.0057064854,0.0065508,0.0049709924,0.007018707,0.0057064854,0.0049709924,0.007520037,0.007018707,0.0057064854,0.008057174,0.0065508,0.006114086,0.0049709924,0.008057174,0.0065508,0.006114086,0.0049709924,0.0049709924,0.008057174,0.0065508,0.0057064854,0.006114086,0.0049709924,0.008057174,0.0053260582,0.006114086,0.0057064854,0.0057064854,0.007520037,0.0053260582,0.0053260582,0.0065508,0.0049709924,0.008057174,0.0049709924,0.0049709924,0.0049709924,0.0057064854,0.0057064854,0.008057174,0.0049709924,0.0053260582,0.0049709924,0.008057174,0.0053260582,0.0049709924,0.0053260582,0.008057174,0.008057174,0.007018707,0.0049709924,0.0053260582,0.0065508,0.007520037,0.006114086,0.006114086,0.0065508,0.0049709924,0.008057174,0.0053260582,0.0049709924,0.0049709924,0.0049709924,0.008057174,0.008057174,0.006114086,0.0065508,0.0053260582,0.006114086,0.007018707,0.0049709924,0.0057064854,0.0049709924,0.008057174,0.0049709924,0.006114086,0.0049709924,0.0053260582,0.008057174,0.006114086,0.006114086,0.007018707,0.0065508,0.0065508,0.0049709924,0.0049709924,0.0053260582,0.0053260582,0.008057174,0.007018707,0.0049709924,0.008057174,0.007018707,0.008057174,0.007520037,0.0057064854,0.006114086,0.007520037,0.007520037,0.0053260582,0.0057064854,0.0053260582,0.0049709924,0.007018707,0.0057064854,0.0049709924,0.0053260582,0.007520037,0.008057174,0.0065508,0.0053260582,0.008057174,0.008057174,0.008057174,0.008057174,0.0053260582,0.0057064854,0.007018707,0.007520037,0.0049709924,0.006114086,0.0057064854,0.0057064854,0.0057064854,0.0049709924,1,3
0.0076855826,0.0062486813,0.005080424,0.006695009,0.006695009,0.0062486813,0.0058321077,0.005080424,0.005080424,0.0076855826,0.008234545,0.0058321077,0.005080424,0.008234545,0.008234545,0.005080424,0.0058321077,0.005080424,0.005080424,0.008234545,0.005080424,0.0058321077,0.0062486813,0.0062486813,0.0076855826,0.007173217,0.0058321077,0.006695009,0.005080424,0.008234545,0.008234545,0.0058321077,0.005080424,0.005080424,0.008234545,0.006695009,0.006695009,0.005080424,0.005080424,0.007173217,0.005080424,0.0062486813,0.0062486813,0.0058321077,0.0076855826,0.008234545,0.006695009,0.005443306,0.005080424,0.0076855826,0.0076855826,0.005443306,0.006695009,0.005080424,0.006695009,0.005080424,0.006695009,0.005080424,0.005080424,0.005443306,0.0058321077,0.006695009,0.005443306,0.0062486813,0.0058321077,0.0058321077,0.0062486813,0.005443306,0.008234545,0.005080424,0.006695009,0.005080424,0.0058321077,0.005443306,0.008234545,0.005080424,0.0062486813,0.005080424,0.0062486813,0.005080424,0.0058321077,0.008234545,0.005080424,0.005080424,0.0076855826,0.005443306,0.005080424,0.0058321077,0.0076855826,0.0062486813,0.006695009,0.007173217,0.005080424,0.008234545,0.008234545,0.0058321077,0.005080424,0.006695009,0.005443306,0.008234545,0.007173217,0.007173217,0.005080424,0.005443306,0.006695009,0.008234545,0.008234545,0.005080424,0.005080424,0.008234545,0.008234545,0.008234545,0.0062486813,0.0058321077,0.0062486813,0.0062486813,0.007173217,0.005443306,0.0058321077,0.005080424,0.0058321077,0.005443306,0.005080424,0.005080424,0.006695009,0.005443306,0.008234545,0.005080424,0.005080424,0.008234545,0.0076855826,0.007173217,0.005080424,0.005443306,0.0062486813,0.006695009,0.005443306,0.005080424,0.005080424,0.006695009,0.007173217,0.007173217,0.0058321077,0.005080424,0.008234545,0.0058321077,0.005080424,0.005080424,0.005080424,0.008234545,0.007173217,0.0058321077,0.0062486813,0.0058321077,0.005080424,0.0058321077,0.005080424,0.005443306,0.007173217,0.005080424,10,4
0.0048399502,0.0051856562,0.0048399502,0.007844776,0.0048399502,0.0055560544,0.007844776,0.0068336846,0.007844776,0.007844776,0.007844776,0.0068336846,0.0048399502,0.0055560544,0.007844776,0.007844776,0.007321798,0.0063781114,0.007844776,0.0051856562,0.007844776,0.007321798,0.0048399502,0.0048399502,0.0048399502,0.007844776,0.0055560544,0.0051856562,0.0051856562,0.0059529105,0.007844776,0.0063781114,0.0048399502,0.0051856562,0.0063781114,0.0051856562,0.0051856562,0.0063781114,0.0048399502,0.0055560544,0.0048399502,0.0063781114,0.007321798,0.0063781114,0.007844776,0.007844776,0.0063781114,0.0068336846,0.007844776,0.0055560544,0.007321798,0.0059529105,0.0059529105,0.0063781114,0.0059529105,0.0059529105,0.0063781114,0.007321798,0.0048399502,0.0048399502,0.007321798,0.0059529105,0.0059529105,0.0048399502,0.0051856562,0.0063781114,0.0059529105,0.0051856562,0.007844776,0.0048399502,0.007844776,0.007844776,0.0055560544,0.0055560544,0.0059529105,0.007844776,0.0063781114,0.0051856562,0.0059529105,0.0055560544,0.0068336846,0.0063781114,0.007844776,0.0048399502,0.0051856562,0.0048399502,0.0048399502,0.0059529105,0.0059529105,0.0059529105,0.0059529105,0.0068336846,0.0048399502,0.007844776,0.0048399502,0.0068336846,0.0048399502,0.0059529105,0.0048399502,0.007844776,0.007844776,0.007321798,0.0051856562,0.0048399502,0.0063781114,0.0063781114,0.0055560544,0.0048399502,0.007844776,0.0063781114,0.007844776,0.007844776,0.0059529105,0.0059529105,0.0059529105,0.007844776,0.0068336846,0.0048399502,0.0059529105,0.0055560544,0.007844776,0.0051856562,0.0048399502,0.0051856562,0.0048399502,0.007321798,0.007844776,0.0055560544,0.0063781114,0.007321798,0.007844776,0.0055560544,0.0063781114,0.0068336846,0.0051856562,0.007321798,0.0059529105,0.0048399502,0.0063781114,0.0068336846,0.007844776,0.0063781114,0.0059529105,0.007321798,0.0055560544,0.0055560544,0.007844776,0.007844776,0.007844776,0.0051856562,0.0048399502,0.0055560544,0.0068336846,0.007321798,0.0063781114,0.007844776,0.0063781114,0.0055560544,0.0055560544,0.0051856562,3,0
0.0049369275,0.0049369275,0.0060721873,0.00800196,0.00566738,0.0065059084,0.0049369275,0.0069706095,0.007468503,0.00800196,0.00566738,0.0052895597,0.0052895597,0.007468503,0.00800196,0.0052895597,0.0052895597,0.00566738,0.00800196,0.0049369275,0.00566738,0.007468503,0.0060721873,0.0065059084,0.00566738,0.0052895597,0.00566738,0.0065059084,0.0065059084,0.0049369275,0.00800196,0.0065059084,0.00566738,0.0065059084,0.00800196,0.00566738,0.0052895597,0.0060721873,0.00566738,0.0065059084,0.0049369275,0.0060721873,0.0060721873,0.0052895597,0.00800196,0.0065059084,0.00566738,0.00800196,0.00800196,0.0060721873,0.00800196,0.0049369275,0.0060721873,0.00800196,0.00566738,0.0052895597,0.0052895597,0.0065059084,0.0060721873,0.0049369275,0.007468503,0.00566738,0.00566738,0.0060721873,0.0049369275,0.0052895597,0.0060721873,0.00566738,0.00800196,0.0049369275,0.0052895597,0.00566738,0.00566738,0.00566738,0.007468503,0.0049369275,0.0052895597,0.0052895597,0.0065059084,0.0049369275,0.0065059084,0.0049369275,0.00800196,0.00800196,0.0069706095,0.0049369275,0.00566738,0.00800196,0.0069706095,0.0065059084,0.0060721873,0.0049369275,0.0052895597,0.007468503,0.0052895597,0.0060721873,0.0049369275,0.00566738,0.0069706095,0.0065059084,0.0069706095,0.0065059084,0.0060721873,0.0060721873,0.0060721873,0.0052895597,0.00566738,0.0052895597,0.00800196,0.00800196,0.0049369275,0.0049369275,0.0069706095,0.00800196,0.0052895597,0.0069706095,0.0069706095,0.007468503,0.00566738,0.0049369275,0.0065059084,0.0052895597,0.00800196,0.00800196,0.00566738,0.0049369275,0.00800196,0.0069706095,0.00800196,0.007468503,0.0069706095,0.00566738,0.007468503,0.007468503,0.0065059084,0.00566738,0.0049369275,0.0049369275,0.0065059084,0.00566738,0.00566738,0.0052895597,0.0065059084,0.00566738,0.0060721873,0.00566738,0.0065059084,0.00800196,0.00800196,0.00800196,0.0065059084,0.00566738,0.0069706095,0.007468503,0.00566738,0.0060721873,0.0049369275,0.0065059084,0.0069706095,0.0049369275,3,3
0.005466325,0.006723322,0.0077180844,0.0077180844,0.004761786,0.006275106,0.0077180844,0.006723322,0.0072035524,0.0077180844,0.005856772,0.006275106,0.004761786,0.004761786,0.006275106,0.0077180844,0.0072035524,0.005856772,0.006275106,0.005101909,0.006275106,0.0072035524,0.005856772,0.005856772,0.004761786,0.0077180844,0.006275106,0.005466325,0.005466325,0.0077180844,0.005101909,0.005856772,0.0077180844,0.006723322,0.004761786,0.006275106,0.005466325,0.0077180844,0.005466325,0.005466325,0.004761786,0.006723322,0.0077180844,0.005856772,0.0077180844,0.006275106,0.005466325,0.0072035524,0.0077180844,0.006275106,0.005466325,0.0077180844,0.006723322,0.0077180844,0.004761786,0.005101909,0.004761786,0.0077180844,0.006275106,0.005856772,0.0077180844,0.005101909,0.006275106,0.004761786,0.0077180844,0.005856772,0.005856772,0.004761786,0.005466325,0.0072035524,0.005101909,0.005856772,0.005466325,0.005466325,0.0072035524,0.0077180844,0.005856772,0.0077180844,0.006723322,0.005856772,0.005101909,0.005856772,0.0077180844,0.0077180844,0.0077180844,0.004761786,0.006275106,0.0077180844,0.006275106,0.004761786,0.0072035524,0.006723322,0.0077180844,0.004761786,0.0077180844,0.004761786,0.005466325,0.006723322,0.006723322,0.005856772,0.006723322,0.006723322,0.005856772,0.004761786,0.006275106,0.004761786,0.005466325,0.005466325,0.004761786,0.0072035524,0.006723322,0.006275106,0.005466325,0.0077180844,0.005856772,0.005466325,0.006723322,0.0077180844,0.0072035524,0.004761786,0.005856772,0.005856772,0.0077180844,0.0077180844,0.005466325,0.005466325,0.0072035524,0.006723322,0.0077180844,0.006723322,0.006275106,0.005466325,0.005856772,0.0072035524,0.005466325,0.006275106,0.005101909,0.004761786,0.006275106,0.005466325,0.006723322,0.006723322,0.006275106,0.005466325,0.005856772,0.005101909,0.0077180844,0.0077180844,0.0077180844,0.004761786,0.005466325,0.005466325,0.006275106,0.006723322,0.004761786,0.0072035524,0.005856772,0.006723322,0.005856772,0.004761786,2,2
0.005322743,0.0065467223,0.0061102803,0.0049678986,0.008052159,0.005322743,0.0049678986,0.0049678986,0.0049678986,0.008052159,0.0070143384,0.0065467223,0.005322743,0.005322743,0.0065467223,0.005322743,0.0057029333,0.0061102803,0.0049678986,0.0065467223,0.0057029333,0.0070143384,0.0061102803,0.005322743,0.0070143384,0.0065467223,0.0057029333,0.0061102803,0.0049678986,0.008052159,0.008052159,0.0057029333,0.005322743,0.0070143384,0.008052159,0.005322743,0.0065467223,0.005322743,0.0057029333,0.0070143384,0.0049678986,0.0061102803,0.008052159,0.0061102803,0.008052159,0.007515356,0.0065467223,0.0049678986,0.0049678986,0.008052159,0.0061102803,0.005322743,0.007515356,0.0049678986,0.008052159,0.0049678986,0.0070143384,0.005322743,0.0049678986,0.007515356,0.008052159,0.0061102803,0.0065467223,0.005322743,0.008052159,0.005322743,0.0061102803,0.0061102803,0.005322743,0.0070143384,0.0049678986,0.005322743,0.0057029333,0.005322743,0.008052159,0.005322743,0.0057029333,0.0049678986,0.0065467223,0.0057029333,0.0049678986,0.005322743,0.008052159,0.007515356,0.008052159,0.0049678986,0.0049678986,0.005322743,0.007515356,0.0061102803,0.0061102803,0.0065467223,0.0049678986,0.008052159,0.008052159,0.0070143384,0.0049678986,0.0065467223,0.0065467223,0.008052159,0.0070143384,0.0061102803,0.0070143384,0.0065467223,0.0070143384,0.008052159,0.0065467223,0.0065467223,0.0049678986,0.007515356,0.008052159,0.007515356,0.0061102803,0.0049678986,0.0070143384,0.0061102803,0.0065467223,0.0049678986,0.0065467223,0.0049678986,0.0049678986,0.005322743,0.0049678986,0.0065467223,0.005322743,0.0049678986,0.0049678986,0.0057029333,0.0070143384,0.005322743,0.0057029333,0.0057029333,0.007515356,0.007515356,0.0070143384,0.0070143384,0.0061102803,0.005322743,0.0057029333,0.008052159,0.0049678986,0.005322743,0.007515356,0.0065467223,0.007515356,0.0065467223,0.0065467223,0.0049678986,0.0049678986,0.0070143384,0.0049678986,0.0057029333,0.0070143384,0.0065467223,0.007515356,0.0057029333,0.0070143384,0.0049678986,0.0061102803,0.008052159,4,4
0.00489432,0.005243909,0.0079329,0.0079329,0.00489432,0.005243909,0.0079329,0.0069104508,0.0079329,0.0079329,0.0056184684,0.0060197827,0.0069104508,0.00489432,0.0079329,0.0074040475,0.0064497604,0.0069104508,0.0079329,0.005243909,0.0074040475,0.0060197827,0.0060197827,0.0060197827,0.00489432,0.0056184684,0.0056184684,0.0064497604,0.00489432,0.005243909,0.00489432,0.0060197827,0.0060197827,0.0069104508,0.0074040475,0.005243909,0.0056184684,0.0074040475,0.00489432,0.0056184684,0.00489432,0.0064497604,0.0079329,0.0060197827,0.0079329,0.0056184684,0.005243909,0.0079329,0.0060197827,0.0074040475,0.0056184684,0.0056184684,0.0064497604,0.00489432,0.0060197827,0.0064497604,0.00489432,0.0079329,0.0060197827,0.0074040475,0.0079329,0.005243909,0.0060197827,0.005243909,0.0079329,0.0060197827,0.0060197827,0.00489432,0.00489432,0.0056184684,0.0056184684,0.0056184684,0.0056184684,0.0056184684,0.0060197827,0.0064497604,0.0056184684,0.0079329,0.0060197827,0.0069104508,0.0056184684,0.00489432,0.0074040475,0.0079329,0.0079329,0.00489432,0.005243909,0.0060197827,0.0069104508,0.00489432,0.0069104508,0.0069104508,0.0079329,0.00489432,0.0079329,0.00489432,0.00489432,0.0064497604,0.0060197827,0.0079329,0.0064497604,0.0069104508,0.0069104508,0.0056184684,0.0079329,0.00489432,0.0060197827,0.005243909,0.00489432,0.0079329,0.00489432,0.00489432,0.0060197827,0.00489432,0.0074040475,0.0056184684,0.0069104508,0.0079329,0.0056184684,0.00489432,0.0060197827,0.0056184684,0.0079329,0.0079329,0.0056184684,0.0056184684,0.0079329,0.0069104508,0.0079329,0.0069104508,0.0060197827,0.0056184684,0.0074040475,0.0069104508,0.005243909,0.0056184684,0.0056184684,0.00489432,0.0064497604,0.0056184684,0.005243909,0.0060197827,0.0064497604,0.0056184684,0.0074040475,0.005243909,0.0079329,0.0079329,0.0079329,0.0069104508,0.00489432,0.0056184684,0.0074040475,0.0079329,0.00489432,0.00489432,0.00489432,0.0069104508,0.005243909,0.0060197827,2,2
0.0062318756,0.0071539255,0.007664913,0.007664913,0.0047289813,0.0071539255,0.007664913,0.0066770036,0.0071539255,0.0062318756,0.007664913,0.0066770036,0.0047289813,0.0047289813,0.007664913,0.007664913,0.0062318756,0.0054286667,0.007664913,0.0058164233,0.007664913,0.0071539255,0.005066761,0.0054286667,0.0047289813,0.007664913,0.0054286667,0.0054286667,0.0047289813,0.007664913,0.0058164233,0.0054286667,0.007664913,0.0071539255,0.0047289813,0.0058164233,0.0058164233,0.0062318756,0.0047289813,0.007664913,0.005066761,0.0066770036,0.007664913,0.007664913,0.0054286667,0.007664913,0.005066761,0.0054286667,0.005066761,0.0071539255,0.0066770036,0.0071539255,0.0054286667,0.0062318756,0.0047289813,0.007664913,0.0066770036,0.007664913,0.007664913,0.0066770036,0.007664913,0.0058164233,0.0047289813,0.005066761,0.007664913,0.005066761,0.0058164233,0.005066761,0.0058164233,0.007664913,0.007664913,0.007664913,0.0047289813,0.005066761,0.0058164233,0.007664913,0.0062318756,0.0058164233,0.0054286667,0.0062318756,0.0066770036,0.0047289813,0.0054286667,0.0047289813,0.005066761,0.0066770036,0.0066770036,0.007664913,0.0058164233,0.0047289813,0.007664913,0.0066770036,0.007664913,0.0047289813,0.007664913,0.0062318756,0.0047289813,0.0058164233,0.0066770036,0.005066761,0.0062318756,0.0066770036,0.007664913,0.0062318756,0.0058164233,0.0047289813,0.0054286667,0.0054286667,0.0047289813,0.007664913,0.0071539255,0.007664913,0.0047289813,0.007664913,0.0058164233,0.007664913,0.0058164233,0.0047289813,0.0047289813,0.005066761,0.0066770036,0.0058164233,0.0047289813,0.0047289813,0.007664913,0.007664913,0.0062318756,0.0054286667,0.0062318756,0.0062318756,0.007664913,0.0054286667,0.0066770036,0.0071539255,0.0062318756,0.007664913,0.0058164233,0.0047289813,0.0058164233,0.0062318756,0.0071539255,0.0058164233,0.0062318756,0.0054286667,0.0058164233,0.007664913,0.007664913,0.007664913,0.007664913,0.0047289813,0.0062318756,0.0054286667,0.0062318756,0.0062318756,0.0054286667,0.007664913,0.0062318756,0.0062318756,0.0054286667,0.0047289813,2,0
0.007089719,0.0075961202,0.0075961202,0.0075961202,0.0053799446,0.007089719,0.0075961202,0.006617077,0.0075961202,0.006617077,0.006617077,0.0061759446,0.0046865386,0.0046865386,0.0046865386,0.0061759446,0.007089719,0.0053799446,0.007089719,0.006617077,0.007089719,0.007089719,0.0061759446,0.0061759446,0.0046865386,0.0046865386,0.0053799446,0.0061759446,0.006617077,0.0046865386,0.0046865386,0.0061759446,0.0075961202,0.006617077,0.0046865386,0.006617077,0.0061759446,0.005764221,0.0046865386,0.0075961202,0.005021286,0.0075961202,0.0075961202,0.0075961202,0.0061759446,0.0075961202,0.007089719,0.0075961202,0.0075961202,0.006617077,0.0053799446,0.0075961202,0.0075961202,0.0075961202,0.0046865386,0.0075961202,0.006617077,0.0075961202,0.0075961202,0.005764221,0.0046865386,0.0075961202,0.0046865386,0.0046865386,0.0053799446,0.005021286,0.0061759446,0.0046865386,0.0053799446,0.0053799446,0.0053799446,0.0075961202,0.0046865386,0.005021286,0.0046865386,0.0075961202,0.0061759446,0.0075961202,0.0075961202,0.0075961202,0.0075961202,0.006617077,0.0046865386,0.0046865386,0.0053799446,0.0046865386,0.0075961202,0.0075961202,0.005764221,0.0046865386,0.0075961202,0.006617077,0.0075961202,0.0046865386,0.0075961202,0.0075961202,0.0075961202,0.0046865386,0.0061759446,0.0046865386,0.0046865386,0.0075961202,0.006617077,0.005021286,0.005021286,0.0046865386,0.0061759446,0.0061759446,0.0046865386,0.0046865386,0.0075961202,0.0075961202,0.005021286,0.0075961202,0.005764221,0.0046865386,0.006617077,0.0075961202,0.0075961202,0.0046865386,0.0075961202,0.007089719,0.0075961202,0.0075961202,0.005764221,0.0075961202,0.007089719,0.0046865386,0.0046865386,0.0061759446,0.006617077,0.005764221,0.006617077,0.007089719,0.0053799446,0.005764221,0.005021286,0.0046865386,0.0061759446,0.0053799446,0.0053799446,0.006617077,0.005764221,0.0046865386,0.007089719,0.0053799446,0.0075961202,0.007089719,0.006617077,0.0046865386,0.0046865386,0.0053799446,0.0075961202,0.0075961202,0.006617077,0.0046865386,0.007089719,0.0075961202,0.0075961202,0.0061759446,1,1
0.0063621136,0.0063621136,0.007825099,0.007825099,0.005172649,0.0063621136,0.0068165436,0.0068165436,0.0068165436,0.0073034326,0.005542118,0.005542118,0.0059379786,0.0048278105,0.007825099,0.005172649,0.005542118,0.0068165436,0.007825099,0.0059379786,0.007825099,0.0073034326,0.005542118,0.005172649,0.0048278105,0.0048278105,0.0063621136,0.0063621136,0.0059379786,0.0059379786,0.005172649,0.0059379786,0.007825099,0.0073034326,0.005542118,0.005542118,0.0048278105,0.007825099,0.0048278105,0.0063621136,0.0048278105,0.0063621136,0.007825099,0.0059379786,0.007825099,0.005172649,0.0048278105,0.007825099,0.005172649,0.005542118,0.005542118,0.0059379786,0.007825099,0.0048278105,0.005542118,0.0048278105,0.0048278105,0.007825099,0.0063621136,0.005542118,0.0048278105,0.005172649,0.0068165436,0.0048278105,0.0059379786,0.0059379786,0.0059379786,0.005172649,0.0059379786,0.0068165436,0.0073034326,0.007825099,0.005542118,0.005542118,0.005542118,0.005542118,0.005542118,0.007825099,0.0063621136,0.0059379786,0.0048278105,0.0048278105,0.007825099,0.007825099,0.007825099,0.0048278105,0.005172649,0.007825099,0.0068165436,0.005542118,0.0073034326,0.0063621136,0.007825099,0.0048278105,0.007825099,0.0059379786,0.0048278105,0.007825099,0.0063621136,0.0073034326,0.0063621136,0.0059379786,0.0073034326,0.0059379786,0.0048278105,0.0048278105,0.005542118,0.007825099,0.005172649,0.007825099,0.0059379786,0.0068165436,0.0063621136,0.0059379786,0.0063621136,0.0059379786,0.0073034326,0.005542118,0.005172649,0.0073034326,0.0063621136,0.0059379786,0.007825099,0.007825099,0.0048278105,0.0073034326,0.0073034326,0.0059379786,0.0063621136,0.0068165436,0.0048278105,0.005542118,0.0073034326,0.0073034326,0.0048278105,0.0059379786,0.0059379786,0.0048278105,0.007825099,0.0068165436,0.007825099,0.0059379786,0.0063621136,0.005172649,0.0059379786,0.005172649,0.007825099,0.007825099,0.007825099,0.0048278105,0.0048278105,0.005542118,0.0073034326,0.007825099,0.005542118,0.0063621136,0.0063621136,0.0073034326,0.0068165436,0.005172649,2,2
0.00659785,0.007069119,0.0075740484,0.0075740484,0.004672921,0.007069119,0.0075740484,0.00659785,0.007069119,0.004672921,0.0061579994,0.0061579994,0.004672921,0.004672921,0.005364312,0.0075740484,0.00659785,0.005006696,0.0075740484,0.0061579994,0.0075740484,0.007069119,0.004672921,0.005364312,0.004672921,0.0075740484,0.005364312,0.004672921,0.004672921,0.0075740484,0.0075740484,0.005747472,0.0075740484,0.005747472,0.004672921,0.00659785,0.0061579994,0.0061579994,0.004672921,0.0075740484,0.0061579994,0.005747472,0.0075740484,0.0075740484,0.004672921,0.0075740484,0.007069119,0.0075740484,0.0075740484,0.0075740484,0.005364312,0.0075740484,0.00659785,0.0075740484,0.004672921,0.0075740484,0.00659785,0.0075740484,0.0075740484,0.005747472,0.0075740484,0.005747472,0.005006696,0.005364312,0.0075740484,0.005006696,0.005747472,0.005006696,0.005747472,0.0075740484,0.0075740484,0.0075740484,0.004672921,0.005006696,0.004672921,0.007069119,0.005364312,0.007069119,0.0075740484,0.0061579994,0.0075740484,0.004672921,0.005006696,0.004672921,0.004672921,0.0075740484,0.005364312,0.0075740484,0.004672921,0.004672921,0.0075740484,0.00659785,0.0075740484,0.004672921,0.0075740484,0.0075740484,0.0075740484,0.004672921,0.0061579994,0.004672921,0.0075740484,0.00659785,0.007069119,0.0061579994,0.005747472,0.004672921,0.005364312,0.005364312,0.004672921,0.007069119,0.00659785,0.0075740484,0.004672921,0.005364312,0.005747472,0.0075740484,0.005747472,0.004672921,0.005364312,0.004672921,0.0075740484,0.00659785,0.0075740484,0.0075740484,0.007069119,0.007069119,0.007069119,0.005364312,0.0061579994,0.0061579994,0.0075740484,0.005364312,0.00659785,0.00659785,0.0075740484,0.0075740484,0.005364312,0.004672921,0.005747472,0.005747472,0.005747472,0.0061579994,0.004672921,0.004672921,0.0061579994,0.007069119,0.0075740484,0.0075740484,0.0075740484,0.004672921,0.0075740484,0.005364312,0.005747472,0.0061579994,0.00659785,0.0075740484,0.0061579994,0.005747472,0.005006696,0.004672921,2,0
0.0056724036,0.0074751233,0.008009053,0.008009053,0.008009053,0.0052942485,0.006976788,0.0049413033,0.0049413033,0.008009053,0.006511675,0.00607757,0.0049413033,0.0052942485,0.0074751233,0.0056724036,0.006511675,0.00607757,0.0049413033,0.006511675,0.0049413033,0.006976788,0.006511675,0.0052942485,0.006511675,0.008009053,0.0056724036,0.0056724036,0.0049413033,0.008009053,0.008009053,0.0056724036,0.0049413033,0.006976788,0.008009053,0.0052942485,0.006511675,0.0049413033,0.0049413033,0.006976788,0.0049413033,0.00607757,0.008009053,0.006511675,0.008009053,0.006976788,0.006511675,0.0049413033,0.0049413033,0.008009053,0.006511675,0.0056724036,0.006511675,0.0049413033,0.008009053,0.0049413033,0.006976788,0.0049413033,0.0049413033,0.0074751233,0.008009053,0.0052942485,0.00607757,0.0049413033,0.008009053,0.0052942485,0.00607757,0.00607757,0.0056724036,0.0074751233,0.0052942485,0.0052942485,0.0056724036,0.0052942485,0.0074751233,0.0049413033,0.00607757,0.0049413033,0.0049413033,0.0049413033,0.0049413033,0.0049413033,0.0049413033,0.006976788,0.008009053,0.0049413033,0.0049413033,0.0052942485,0.006976788,0.00607757,0.00607757,0.006976788,0.0049413033,0.008009053,0.008009053,0.00607757,0.0049413033,0.006511675,0.006511675,0.008009053,0.006976788,0.00607757,0.006976788,0.0052942485,0.0074751233,0.008009053,0.006976788,0.00607757,0.0049413033,0.0074751233,0.008009053,0.0074751233,0.00607757,0.0056724036,0.006976788,0.00607757,0.006976788,0.0049413033,0.006511675,0.0052942485,0.0056724036,0.00607757,0.0049413033,0.006976788,0.0056724036,0.0049413033,0.006511675,0.0052942485,0.006976788,0.006976788,0.00607757,0.0056724036,0.0074751233,0.006511675,0.006976788,0.006976788,0.0056724036,0.0052942485,0.0049413033,0.008009053,0.0049413033,0.0052942485,0.0074751233,0.0074751233,0.008009053,0.0049413033,0.006976788,0.00607757,0.0049413033,0.008009053,0.0049413033,0.0056724036,0.006976788,0.006511675,0.006976788,0.008009053,0.006511675,0.0049413033,0.0049413033,0.006511675,2,4
0.0074781873,0.0074781873,0.0074781873,0.0074781873,0.005674729,0.0074781873,0.0074781873,0.0065143444,0.006979648,0.004613778,0.0060800607,0.0052964184,0.004613778,0.004613778,0.005674729,0.0065143444,0.0060800607,0.0060800607,0.0074781873,0.0052964184,0.006979648,0.006979648,0.005674729,0.0052964184,0.004613778,0.0060800607,0.0052964184,0.0060800607,0.005674729,0.0060800607,0.0074781873,0.005674729,0.0074781873,0.005674729,0.004613778,0.006979648,0.0060800607,0.005674729,0.004613778,0.0074781873,0.004613778,0.0074781873,0.0074781873,0.0074781873,0.005674729,0.0074781873,0.006979648,0.0074781873,0.0074781873,0.0074781873,0.0052964184,0.006979648,0.0074781873,0.0074781873,0.004613778,0.0074781873,0.0065143444,0.0074781873,0.0074781873,0.0065143444,0.006979648,0.005674729,0.004613778,0.004943329,0.0074781873,0.005674729,0.0060800607,0.004613778,0.0052964184,0.0052964184,0.0052964184,0.0074781873,0.004613778,0.0052964184,0.004613778,0.0074781873,0.0060800607,0.0074781873,0.0074781873,0.0074781873,0.0074781873,0.004613778,0.004613778,0.004613778,0.004613778,0.0074781873,0.0074781873,0.0074781873,0.004943329,0.0074781873,0.0074781873,0.0065143444,0.0074781873,0.004613778,0.0074781873,0.0074781873,0.0074781873,0.004613778,0.0060800607,0.004613778,0.0052964184,0.0074781873,0.0060800607,0.004943329,0.0065143444,0.004613778,0.005674729,0.0052964184,0.004613778,0.005674729,0.006979648,0.0074781873,0.005674729,0.0074781873,0.0074781873,0.004613778,0.006979648,0.0074781873,0.0074781873,0.004943329,0.0074781873,0.0060800607,0.0074781873,0.0074781873,0.006979648,0.0074781873,0.0060800607,0.004613778,0.004613778,0.0060800607,0.006979648,0.0052964184,0.0065143444,0.006979648,0.0060800607,0.0074781873,0.0052964184,0.004613778,0.0060800607,0.0060800607,0.0052964184,0.0065143444,0.005674729,0.004613778,0.0065143444,0.005674729,0.0074781873,0.0074781873,0.0074781873,0.004613778,0.004943329,0.0052964184,0.006979648,0.0074781873,0.006979648,0.004613778,0.0060800607,0.0074781873,0.006979648,0.004943329,0,0
0.007957248,0.007426772,0.0049093417,0.0064695557,0.0060382583,0.007426772,0.00693166,0.0049093417,0.0049093417,0.0049093417,0.007426772,0.00693166,0.0052600037,0.0052600037,0.0064695557,0.0060382583,0.007426772,0.0049093417,0.0049093417,0.0060382583,0.007957248,0.007426772,0.0052600037,0.0049093417,0.0060382583,0.007957248,0.0056357128,0.0056357128,0.0049093417,0.007957248,0.007957248,0.0056357128,0.0052600037,0.00693166,0.007957248,0.0064695557,0.0064695557,0.007426772,0.0060382583,0.007426772,0.0049093417,0.0060382583,0.007957248,0.0064695557,0.007957248,0.0064695557,0.00693166,0.0049093417,0.0049093417,0.00693166,0.00693166,0.0064695557,0.0060382583,0.0049093417,0.007957248,0.0049093417,0.0064695557,0.0049093417,0.0049093417,0.0052600037,0.007957248,0.0052600037,0.0064695557,0.0056357128,0.007957248,0.0052600037,0.00693166,0.0049093417,0.0060382583,0.007426772,0.007957248,0.007957248,0.0052600037,0.0056357128,0.0056357128,0.0064695557,0.0064695557,0.0049093417,0.0056357128,0.0049093417,0.0056357128,0.0060382583,0.0049093417,0.0049093417,0.007426772,0.0049093417,0.0049093417,0.0052600037,0.007426772,0.0060382583,0.0060382583,0.00693166,0.0049093417,0.007957248,0.007957248,0.00693166,0.0049093417,0.00693166,0.0049093417,0.007957248,0.007426772,0.0064695557,0.0052600037,0.0052600037,0.007426772,0.007957248,0.007426772,0.0064695557,0.0049093417,0.007957248,0.007957248,0.007957248,0.0064695557,0.0056357128,0.00693166,0.007426772,0.00693166,0.0049093417,0.0056357128,0.0049093417,0.0049093417,0.0052600037,0.0049093417,0.0049093417,0.0052600037,0.0052600037,0.007957248,0.0049093417,0.0049093417,0.007426772,0.007957248,0.0056357128,0.0060382583,0.0049093417,0.007957248,0.00693166,0.0064695557,0.00693166,0.0049093417,0.007957248,0.0060382583,0.0064695557,0.0060382583,0.0064695557,0.00693166,0.00693166,0.007957248,0.0049093417,0.0049093417,0.00693166,0.0064695557,0.0056357128,0.0049093417,0.0052600037,0.007957248,0.007957248,0.0060382583,0.0052600037,0.0056357128,0.0049093417,0,0
0.00491933,0.005270706,0.0069457637,0.007973438,0.00491933,0.005270706,0.007973438,0.0069457637,0.007973438,0.007973438,0.005647179,0.005647179,0.005647179,0.00491933,0.007973438,0.00491933,0.005647179,0.005270706,0.007973438,0.00491933,0.005647179,0.007441883,0.006050544,0.006482719,0.00491933,0.007973438,0.006050544,0.005270706,0.005270706,0.006050544,0.0069457637,0.006482719,0.006482719,0.007441883,0.007973438,0.006482719,0.005647179,0.0069457637,0.00491933,0.006482719,0.00491933,0.0069457637,0.007441883,0.006050544,0.007973438,0.00491933,0.00491933,0.007973438,0.00491933,0.006482719,0.005647179,0.006050544,0.0069457637,0.006050544,0.005647179,0.00491933,0.005270706,0.007973438,0.006050544,0.006482719,0.005647179,0.005647179,0.007441883,0.005270706,0.007973438,0.006482719,0.005647179,0.005647179,0.005270706,0.005647179,0.00491933,0.005647179,0.005270706,0.005647179,0.007973438,0.00491933,0.005270706,0.006482719,0.005647179,0.00491933,0.005647179,0.006050544,0.007973438,0.007973438,0.007973438,0.00491933,0.005647179,0.007441883,0.0069457637,0.006050544,0.006050544,0.0069457637,0.006482719,0.00491933,0.007973438,0.00491933,0.00491933,0.007441883,0.006482719,0.0069457637,0.006482719,0.006482719,0.005270706,0.00491933,0.007973438,0.00491933,0.006050544,0.006482719,0.00491933,0.007973438,0.007441883,0.007441883,0.005270706,0.007973438,0.006482719,0.005647179,0.0069457637,0.0069457637,0.006050544,0.00491933,0.005270706,0.005270706,0.007973438,0.007973438,0.006050544,0.00491933,0.007973438,0.0069457637,0.007973438,0.0069457637,0.006482719,0.005647179,0.007441883,0.007441883,0.005647179,0.005647179,0.00491933,0.00491933,0.006482719,0.005647179,0.00491933,0.005270706,0.007441883,0.005647179,0.006482719,0.005270706,0.006482719,0.007973438,0.007973438,0.007973438,0.00491933,0.005647179,0.006482719,0.0069457637,0.005647179,0.005647179,0.005270706,0.0069457637,0.005270706,0.005270706,3,2
0.004942384,0.0060788994,0.004942384,0.004942384,0.004942384,0.0052954066,0.004942384,0.004942384,0.004942384,0.008010805,0.007476758,0.0065130997,0.004942384,0.0060788994,0.008010805,0.0065130997,0.007476758,0.0060788994,0.0052954066,0.0065130997,0.005673644,0.007476758,0.005673644,0.004942384,0.008010805,0.007476758,0.005673644,0.0065130997,0.004942384,0.008010805,0.008010805,0.005673644,0.004942384,0.0069783144,0.008010805,0.0065130997,0.0065130997,0.005673644,0.0065130997,0.007476758,0.0052954066,0.0065130997,0.008010805,0.0065130997,0.008010805,0.008010805,0.0069783144,0.0060788994,0.004942384,0.0060788994,0.008010805,0.0060788994,0.0060788994,0.004942384,0.008010805,0.004942384,0.0069783144,0.004942384,0.004942384,0.0065130997,0.008010805,0.0065130997,0.004942384,0.004942384,0.008010805,0.0065130997,0.0060788994,0.0060788994,0.004942384,0.004942384,0.004942384,0.0065130997,0.004942384,0.0052954066,0.008010805,0.007476758,0.0065130997,0.004942384,0.0060788994,0.004942384,0.004942384,0.008010805,0.008010805,0.004942384,0.008010805,0.004942384,0.004942384,0.0052954066,0.007476758,0.0060788994,0.0060788994,0.0069783144,0.004942384,0.008010805,0.008010805,0.0060788994,0.004942384,0.0060788994,0.004942384,0.008010805,0.0069783144,0.0065130997,0.0060788994,0.0052954066,0.007476758,0.008010805,0.008010805,0.004942384,0.004942384,0.008010805,0.008010805,0.008010805,0.0065130997,0.004942384,0.0069783144,0.0065130997,0.0069783144,0.005673644,0.005673644,0.0052954066,0.004942384,0.0052954066,0.004942384,0.004942384,0.0052954066,0.004942384,0.008010805,0.0060788994,0.008010805,0.0052954066,0.008010805,0.005673644,0.004942384,0.004942384,0.0065130997,0.007476758,0.0065130997,0.008010805,0.004942384,0.007476758,0.0060788994,0.0069783144,0.0060788994,0.0065130997,0.0065130997,0.004942384,0.004942384,0.004942384,0.004942384,0.008010805,0.0065130997,0.005673644,0.004942384,0.0060788994,0.008010805,0.007476758,0.0060788994,0.004942384,0.004942384,0.007476758,9,4
0.0059785345,0.0064055664,0.007878544,0.007878544,0.007878544,0.0064055664,0.004860784,0.004860784,0.004860784,0.007878544,0.0068631,0.0064055664,0.004860784,0.0052079777,0.0068631,0.005579971,0.0064055664,0.0064055664,0.004860784,0.0064055664,0.004860784,0.0073533147,0.005579971,0.0052079777,0.0059785345,0.007878544,0.005579971,0.004860784,0.004860784,0.007878544,0.007878544,0.005579971,0.004860784,0.0068631,0.007878544,0.0059785345,0.0064055664,0.007878544,0.0068631,0.007878544,0.004860784,0.0064055664,0.007878544,0.0068631,0.007878544,0.007878544,0.0064055664,0.004860784,0.004860784,0.0064055664,0.0068631,0.0064055664,0.004860784,0.0073533147,0.007878544,0.004860784,0.0068631,0.004860784,0.004860784,0.0064055664,0.007878544,0.0059785345,0.0059785345,0.0052079777,0.007878544,0.0052079777,0.0068631,0.0059785345,0.0064055664,0.0073533147,0.004860784,0.0068631,0.0052079777,0.0052079777,0.007878544,0.0073533147,0.0064055664,0.004860784,0.004860784,0.004860784,0.0052079777,0.0064055664,0.0059785345,0.0059785345,0.007878544,0.004860784,0.004860784,0.0052079777,0.0068631,0.0059785345,0.0059785345,0.0068631,0.004860784,0.007878544,0.007878544,0.0068631,0.004860784,0.0068631,0.004860784,0.007878544,0.007878544,0.0073533147,0.0052079777,0.004860784,0.0073533147,0.007878544,0.007878544,0.0052079777,0.004860784,0.007878544,0.007878544,0.007878544,0.0064055664,0.005579971,0.0068631,0.0073533147,0.0068631,0.004860784,0.005579971,0.005579971,0.0064055664,0.0064055664,0.004860784,0.004860784,0.0052079777,0.004860784,0.005579971,0.0059785345,0.007878544,0.004860784,0.007878544,0.0059785345,0.0064055664,0.0059785345,0.0073533147,0.0068631,0.0052079777,0.0059785345,0.005579971,0.007878544,0.005579971,0.0064055664,0.0064055664,0.0052079777,0.0068631,0.0052079777,0.0059785345,0.004860784,0.004860784,0.007878544,0.0068631,0.005579971,0.004860784,0.0059785345,0.007878544,0.007878544,0.0059785345,0.004860784,0.004860784,0.0073533147,2,4
0.0061648665,0.0075824945,0.0075824945,0.0075824945,0.0050122794,0.0070770015,0.0075824945,0.0057538813,0.006605208,0.0053702937,0.0057538813,0.0061648665,0.004678132,0.004678132,0.004678132,0.0061648665,0.006605208,0.006605208,0.0075824945,0.0057538813,0.0070770015,0.0070770015,0.0061648665,0.0061648665,0.004678132,0.004678132,0.0053702937,0.0061648665,0.0070770015,0.0050122794,0.0057538813,0.0057538813,0.0075824945,0.006605208,0.004678132,0.006605208,0.0057538813,0.0057538813,0.004678132,0.0075824945,0.004678132,0.0075824945,0.0075824945,0.0075824945,0.0075824945,0.006605208,0.0061648665,0.0075824945,0.0075824945,0.006605208,0.0053702937,0.0075824945,0.0075824945,0.0075824945,0.004678132,0.0075824945,0.006605208,0.0075824945,0.0075824945,0.0057538813,0.0053702937,0.0061648665,0.004678132,0.004678132,0.0075824945,0.0061648665,0.0061648665,0.004678132,0.0053702937,0.0057538813,0.0070770015,0.0075824945,0.004678132,0.004678132,0.004678132,0.0075824945,0.0061648665,0.0075824945,0.0070770015,0.0075824945,0.0075824945,0.0050122794,0.004678132,0.004678132,0.004678132,0.0057538813,0.0075824945,0.0075824945,0.0057538813,0.0075824945,0.0075824945,0.006605208,0.0075824945,0.004678132,0.0075824945,0.0075824945,0.0075824945,0.004678132,0.0061648665,0.0050122794,0.0053702937,0.0075824945,0.006605208,0.0050122794,0.0050122794,0.004678132,0.0057538813,0.0061648665,0.004678132,0.0050122794,0.006605208,0.0075824945,0.0053702937,0.0070770015,0.0057538813,0.004678132,0.006605208,0.0075824945,0.0075824945,0.006605208,0.0070770015,0.006605208,0.0075824945,0.0075824945,0.0061648665,0.0070770015,0.0075824945,0.004678132,0.0050122794,0.0070770015,0.0070770015,0.0053702937,0.0057538813,0.006605208,0.0050122794,0.006605208,0.0050122794,0.004678132,0.006605208,0.0057538813,0.0050122794,0.006605208,0.0061648665,0.004678132,0.0070770015,0.0053702937,0.0075824945,0.0075824945,0.0075824945,0.004678132,0.004678132,0.0053702937,0.0075824945,0.0075824945,0.0061648665,0.0050122794,0.006605208,0.006605208,0.006605208,0.0053702937,1,3
0.0054362793,0.0071639568,0.0050738654,0.0050738654,0.008223915,0.0071639568,0.0071639568,0.0050738654,0.0050738654,0.008223915,0.006240615,0.0054362793,0.0050738654,0.008223915,0.008223915,0.0054362793,0.0050738654,0.006686366,0.006686366,0.005824579,0.0050738654,0.007675661,0.006686366,0.0050738654,0.008223915,0.0071639568,0.005824579,0.006686366,0.0054362793,0.008223915,0.007675661,0.005824579,0.0050738654,0.007675661,0.008223915,0.0054362793,0.006686366,0.0054362793,0.0050738654,0.005824579,0.0050738654,0.006240615,0.008223915,0.006240615,0.008223915,0.007675661,0.0071639568,0.0050738654,0.0050738654,0.008223915,0.006240615,0.0050738654,0.006240615,0.0050738654,0.0071639568,0.0054362793,0.0071639568,0.0050738654,0.0050738654,0.0071639568,0.008223915,0.006240615,0.005824579,0.006240615,0.008223915,0.006240615,0.007675661,0.005824579,0.0050738654,0.0050738654,0.0050738654,0.0050738654,0.0050738654,0.0054362793,0.008223915,0.0050738654,0.006686366,0.0050738654,0.006240615,0.0050738654,0.0050738654,0.007675661,0.007675661,0.0054362793,0.008223915,0.0050738654,0.0054362793,0.0050738654,0.0071639568,0.006240615,0.006240615,0.0071639568,0.0050738654,0.008223915,0.008223915,0.005824579,0.0050738654,0.0050738654,0.006686366,0.0071639568,0.005824579,0.0071639568,0.0071639568,0.0050738654,0.007675661,0.008223915,0.008223915,0.0050738654,0.0050738654,0.008223915,0.006686366,0.005824579,0.006240615,0.006240615,0.0071639568,0.006240615,0.0071639568,0.0050738654,0.0054362793,0.0050738654,0.0050738654,0.005824579,0.0050738654,0.0050738654,0.0054362793,0.0054362793,0.0054362793,0.0054362793,0.007675661,0.0054362793,0.0071639568,0.005824579,0.006686366,0.006240615,0.006686366,0.006686366,0.0050738654,0.0050738654,0.0050738654,0.008223915,0.0050738654,0.0054362793,0.007675661,0.006240615,0.007675661,0.0050738654,0.0050738654,0.0050738654,0.0050738654,0.008223915,0.0054362793,0.005824579,0.0050738654,0.0054362793,0.007675661,0.005824579,0.006240615,0.0050738654,0.0050738654,0.008223915,4,4
0.0074843336,0.0074843336,0.0074843336,0.0074843336,0.00461757,0.006985385,0.0074843336,0.0065196985,0.0074843336,0.00461757,0.0060850577,0.005679393,0.00461757,0.00461757,0.00461757,0.0060850577,0.0060850577,0.0060850577,0.0074843336,0.0060850577,0.006985385,0.006985385,0.005679393,0.005679393,0.00461757,0.0060850577,0.0053007714,0.0060850577,0.0060850577,0.005679393,0.0065196985,0.005679393,0.0074843336,0.0060850577,0.00461757,0.006985385,0.0053007714,0.005679393,0.00461757,0.006985385,0.004947392,0.0074843336,0.0074843336,0.0074843336,0.0065196985,0.0074843336,0.0065196985,0.0074843336,0.0074843336,0.006985385,0.0053007714,0.0074843336,0.0074843336,0.0074843336,0.00461757,0.0074843336,0.0065196985,0.0074843336,0.0074843336,0.005679393,0.0060850577,0.0053007714,0.00461757,0.00461757,0.0074843336,0.0060850577,0.0060850577,0.004947392,0.005679393,0.0060850577,0.0060850577,0.0074843336,0.00461757,0.0053007714,0.00461757,0.006985385,0.0060850577,0.0074843336,0.0074843336,0.0074843336,0.0074843336,0.00461757,0.00461757,0.00461757,0.00461757,0.0074843336,0.0074843336,0.0074843336,0.005679393,0.0074843336,0.0074843336,0.0065196985,0.0074843336,0.00461757,0.0074843336,0.0074843336,0.0074843336,0.00461757,0.0060850577,0.00461757,0.0060850577,0.0065196985,0.0060850577,0.0053007714,0.0065196985,0.00461757,0.005679393,0.0053007714,0.00461757,0.0065196985,0.006985385,0.0074843336,0.0053007714,0.0074843336,0.0060850577,0.00461757,0.0065196985,0.0074843336,0.0074843336,0.0053007714,0.0074843336,0.006985385,0.0074843336,0.0074843336,0.0074843336,0.0074843336,0.0060850577,0.00461757,0.00461757,0.0065196985,0.0074843336,0.0053007714,0.0060850577,0.006985385,0.0060850577,0.0065196985,0.0053007714,0.00461757,0.0060850577,0.0060850577,0.0053007714,0.0065196985,0.005679393,0.00461757,0.0065196985,0.0065196985,0.0074843336,0.0074843336,0.0074843336,0.00461757,0.004947392,0.0053007714,0.006985385,0.0074843336,0.0065196985,0.00461757,0.0065196985,0.006985385,0.0074843336,0.004947392,0,3
0.0062013445,0.0057879277,0.007627361,0.007627361,0.004705813,0.005041938,0.007627361,0.0066442913,0.007627361,0.007627361,0.0062013445,0.0057879277,0.004705813,0.004705813,0.007627361,0.007627361,0.005041938,0.0054020705,0.007627361,0.0062013445,0.007627361,0.007118877,0.0057879277,0.0062013445,0.004705813,0.007627361,0.0054020705,0.0054020705,0.0057879277,0.007627361,0.0054020705,0.0062013445,0.007627361,0.007118877,0.0066442913,0.0057879277,0.0054020705,0.0062013445,0.004705813,0.0062013445,0.005041938,0.0062013445,0.007627361,0.0057879277,0.007627361,0.007118877,0.0066442913,0.007627361,0.007627361,0.007118877,0.0054020705,0.0062013445,0.0066442913,0.007627361,0.005041938,0.007627361,0.0057879277,0.007627361,0.0066442913,0.007118877,0.0066442913,0.0054020705,0.0062013445,0.0057879277,0.007118877,0.005041938,0.0057879277,0.004705813,0.0054020705,0.0066442913,0.007627361,0.0062013445,0.0054020705,0.005041938,0.0062013445,0.007627361,0.0057879277,0.007627361,0.007627361,0.0062013445,0.004705813,0.004705813,0.0057879277,0.0054020705,0.004705813,0.004705813,0.005041938,0.007627361,0.0057879277,0.0054020705,0.007627361,0.0066442913,0.007627361,0.004705813,0.007627361,0.004705813,0.005041938,0.0054020705,0.0062013445,0.0062013445,0.005041938,0.0066442913,0.0066442913,0.0062013445,0.007118877,0.004705813,0.0054020705,0.0062013445,0.004705813,0.007118877,0.0066442913,0.007627361,0.004705813,0.0066442913,0.007118877,0.0054020705,0.0066442913,0.007627361,0.007627361,0.0062013445,0.0057879277,0.0057879277,0.007627361,0.007627361,0.005041938,0.0054020705,0.007118877,0.005041938,0.0062013445,0.0066442913,0.007627361,0.0062013445,0.0054020705,0.0062013445,0.0062013445,0.0062013445,0.0062013445,0.004705813,0.007118877,0.0054020705,0.007627361,0.0066442913,0.005041938,0.004705813,0.0062013445,0.005041938,0.007627361,0.007627361,0.007627361,0.007118877,0.004705813,0.0062013445,0.0066442913,0.0066442913,0.004705813,0.007118877,0.0062013445,0.0062013445,0.0057879277,0.005041938,2,1
0.004918513,0.0064816414,0.004918513,0.007972113,0.004918513,0.005646241,0.007972113,0.0069446093,0.007972113,0.007972113,0.005646241,0.005646241,0.004918513,0.007972113,0.0064816414,0.0064816414,0.0064816414,0.0060495385,0.007972113,0.00526983,0.0060495385,0.0074406457,0.0064816414,0.0060495385,0.004918513,0.0069446093,0.005646241,0.0064816414,0.00526983,0.0069446093,0.0074406457,0.0060495385,0.004918513,0.0074406457,0.007972113,0.00526983,0.0064816414,0.004918513,0.0064816414,0.005646241,0.004918513,0.0069446093,0.007972113,0.0060495385,0.007972113,0.004918513,0.00526983,0.004918513,0.0069446093,0.0060495385,0.0060495385,0.005646241,0.004918513,0.007972113,0.0064816414,0.004918513,0.00526983,0.00526983,0.007972113,0.005646241,0.007972113,0.0060495385,0.00526983,0.0074406457,0.0069446093,0.00526983,0.0064816414,0.004918513,0.007972113,0.004918513,0.0060495385,0.0064816414,0.00526983,0.005646241,0.0074406457,0.004918513,0.00526983,0.004918513,0.007972113,0.00526983,0.004918513,0.0060495385,0.007972113,0.007972113,0.007972113,0.004918513,0.00526983,0.00526983,0.0069446093,0.0064816414,0.0060495385,0.0064816414,0.00526983,0.007972113,0.0064816414,0.004918513,0.004918513,0.004918513,0.0074406457,0.0064816414,0.0069446093,0.0064816414,0.004918513,0.004918513,0.0064816414,0.004918513,0.005646241,0.00526983,0.0069446093,0.0064816414,0.0064816414,0.007972113,0.00526983,0.007972113,0.0060495385,0.0060495385,0.0064816414,0.004918513,0.005646241,0.004918513,0.004918513,0.00526983,0.004918513,0.007972113,0.0064816414,0.00526983,0.007972113,0.0060495385,0.007972113,0.0074406457,0.0074406457,0.0064816414,0.0074406457,0.0074406457,0.005646241,0.0064816414,0.00526983,0.004918513,0.0069446093,0.005646241,0.004918513,0.0060495385,0.0064816414,0.0074406457,0.005646241,0.00526983,0.007972113,0.007972113,0.007972113,0.0069446093,0.0060495385,0.005646241,0.0069446093,0.0074406457,0.005646241,0.0074406457,0.0060495385,0.0060495385,0.005646241,0.004918513,3,3
0.00496451,0.006106113,0.00496451,0.008046667,0.00496451,0.005319113,0.006106113,0.007009554,0.007009554,0.008046667,0.0056990436,0.005319113,0.0056990436,0.008046667,0.008046667,0.006106113,0.006106113,0.007009554,0.008046667,0.00496451,0.00496451,0.006542257,0.006542257,0.006542257,0.00496451,0.00496451,0.006106113,0.006542257,0.005319113,0.0056990436,0.006106113,0.0056990436,0.006106113,0.00751023,0.008046667,0.006106113,0.006542257,0.00496451,0.008046667,0.0056990436,0.005319113,0.00751023,0.008046667,0.006106113,0.008046667,0.00496451,0.005319113,0.0056990436,0.007009554,0.007009554,0.0056990436,0.00496451,0.006542257,0.008046667,0.007009554,0.005319113,0.005319113,0.005319113,0.008046667,0.0056990436,0.0056990436,0.005319113,0.0056990436,0.006542257,0.0056990436,0.005319113,0.006106113,0.005319113,0.006106113,0.006106113,0.00496451,0.00496451,0.0056990436,0.0056990436,0.00751023,0.0056990436,0.005319113,0.005319113,0.007009554,0.006106113,0.00496451,0.00496451,0.008046667,0.008046667,0.008046667,0.00496451,0.00496451,0.008046667,0.008046667,0.00496451,0.006542257,0.006542257,0.005319113,0.0056990436,0.006542257,0.00496451,0.00496451,0.006106113,0.008046667,0.008046667,0.0056990436,0.007009554,0.005319113,0.0056990436,0.007009554,0.00496451,0.0056990436,0.00496451,0.008046667,0.006542257,0.005319113,0.00496451,0.0056990436,0.00496451,0.00751023,0.006106113,0.006542257,0.006542257,0.006542257,0.00496451,0.006106113,0.005319113,0.00496451,0.00751023,0.008046667,0.006106113,0.008046667,0.006542257,0.008046667,0.00751023,0.00496451,0.0056990436,0.00751023,0.00751023,0.00496451,0.0056990436,0.005319113,0.005319113,0.00751023,0.0056990436,0.006106113,0.005319113,0.006106113,0.008046667,0.00751023,0.005319113,0.008046667,0.008046667,0.008046667,0.00751023,0.00496451,0.0056990436,0.00751023,0.008046667,0.00496451,0.0056990436,0.00496451,0.006542257,0.006106113,0.005319113,3,3
0.0049031205,0.0052533383,0.0049031205,0.0049031205,0.007947165,0.0064613577,0.0064613577,0.0049031205,0.0069228765,0.007947165,0.007417361,0.0069228765,0.0052533383,0.0052533383,0.0060306066,0.0064613577,0.0069228765,0.0064613577,0.0052533383,0.0064613577,0.0056285714,0.007417361,0.0056285714,0.0049031205,0.007417361,0.0069228765,0.0056285714,0.0060306066,0.0049031205,0.007947165,0.007947165,0.0056285714,0.0049031205,0.0069228765,0.007947165,0.0060306066,0.0056285714,0.0064613577,0.0052533383,0.007417361,0.0049031205,0.0069228765,0.007947165,0.0064613577,0.007947165,0.007417361,0.0064613577,0.0049031205,0.0049031205,0.007417361,0.007947165,0.0069228765,0.0056285714,0.0049031205,0.007947165,0.0049031205,0.0069228765,0.0049031205,0.0049031205,0.007417361,0.007947165,0.0060306066,0.0056285714,0.0049031205,0.007947165,0.0052533383,0.0060306066,0.0056285714,0.0052533383,0.0069228765,0.0052533383,0.0069228765,0.0056285714,0.0049031205,0.007417361,0.0069228765,0.0064613577,0.0049031205,0.0056285714,0.0049031205,0.0049031205,0.0064613577,0.0060306066,0.0064613577,0.007947165,0.0049031205,0.0049031205,0.0052533383,0.0069228765,0.0060306066,0.0060306066,0.0069228765,0.0049031205,0.007947165,0.007947165,0.0069228765,0.0049031205,0.0056285714,0.0049031205,0.007947165,0.007417361,0.0064613577,0.0064613577,0.0052533383,0.0069228765,0.007947165,0.0069228765,0.0064613577,0.0049031205,0.007947165,0.007947165,0.007947165,0.0064613577,0.0060306066,0.0069228765,0.007947165,0.0069228765,0.0049031205,0.0052533383,0.0049031205,0.0049031205,0.0052533383,0.0049031205,0.0049031205,0.0056285714,0.0049031205,0.0056285714,0.0056285714,0.007947165,0.0049031205,0.007947165,0.0056285714,0.0069228765,0.0064613577,0.007417361,0.007417361,0.0060306066,0.007417361,0.0060306066,0.007947165,0.0049031205,0.0052533383,0.007417361,0.0056285714,0.0069228765,0.0049031205,0.0052533383,0.0049031205,0.0049031205,0.007947165,0.0069228765,0.0056285714,0.0049031205,0.0049031205,0.007947165,0.007947165,0.007417361,0.0049031205,0.0060306066,0.007947165,4,4
0.0062680794,0.0071954853,0.0077094412,0.0077094412,0.0054602036,0.0067157927,0.0077094412,0.0067157927,0.0077094412,0.0062680794,0.0062680794,0.0054602036,0.0047564534,0.0047564534,0.0047564534,0.005850213,0.0062680794,0.0062680794,0.0077094412,0.005850213,0.0077094412,0.005850213,0.0050961953,0.0050961953,0.0050961953,0.0077094412,0.0054602036,0.0062680794,0.0050961953,0.0054602036,0.0067157927,0.005850213,0.0077094412,0.0067157927,0.0047564534,0.0047564534,0.0054602036,0.0067157927,0.0050961953,0.0054602036,0.0047564534,0.0062680794,0.0077094412,0.0067157927,0.0062680794,0.0071954853,0.0067157927,0.0077094412,0.0077094412,0.0071954853,0.0054602036,0.0071954853,0.0062680794,0.0077094412,0.0047564534,0.0077094412,0.0062680794,0.0077094412,0.0077094412,0.0067157927,0.0067157927,0.0062680794,0.0050961953,0.0047564534,0.0077094412,0.005850213,0.005850213,0.0047564534,0.0054602036,0.0071954853,0.0054602036,0.0077094412,0.0047564534,0.0054602036,0.0047564534,0.0077094412,0.0062680794,0.0077094412,0.0077094412,0.0062680794,0.0062680794,0.0050961953,0.0047564534,0.0047564534,0.0050961953,0.0071954853,0.0077094412,0.0077094412,0.0062680794,0.0050961953,0.0077094412,0.0067157927,0.0077094412,0.0047564534,0.0077094412,0.005850213,0.0077094412,0.0047564534,0.0062680794,0.0047564534,0.0062680794,0.005850213,0.0067157927,0.0062680794,0.0071954853,0.0047564534,0.005850213,0.0062680794,0.0047564534,0.005850213,0.0067157927,0.0077094412,0.0047564534,0.005850213,0.0067157927,0.0050961953,0.0071954853,0.0062680794,0.0062680794,0.0050961953,0.0067157927,0.0067157927,0.0077094412,0.0077094412,0.0062680794,0.0062680794,0.0077094412,0.0050961953,0.0062680794,0.0067157927,0.0077094412,0.0054602036,0.0054602036,0.005850213,0.0054602036,0.0067157927,0.0054602036,0.0047564534,0.005850213,0.0054602036,0.005850213,0.0067157927,0.005850213,0.0047564534,0.0067157927,0.0050961953,0.0077094412,0.0077094412,0.0077094412,0.0047564534,0.0047564534,0.0062680794,0.0077094412,0.0077094412,0.0054602036,0.0062680794,0.0062680794,0.0062680794,0.0062680794,0.0047564534,2,1
0.005298666,0.006517109,0.0049454267,0.0049454267,0.007481361,0.0060826414,0.00698261,0.0049454267,0.0056771366,0.008015736,0.0060826414,0.005298666,0.005298666,0.005298666,0.008015736,0.006517109,0.006517109,0.006517109,0.006517109,0.006517109,0.005298666,0.005298666,0.0060826414,0.0049454267,0.0056771366,0.00698261,0.0056771366,0.005298666,0.005298666,0.008015736,0.00698261,0.0056771366,0.0049454267,0.00698261,0.008015736,0.005298666,0.006517109,0.0060826414,0.0056771366,0.00698261,0.0049454267,0.0060826414,0.0060826414,0.0056771366,0.008015736,0.007481361,0.0060826414,0.0049454267,0.0049454267,0.008015736,0.0056771366,0.005298666,0.008015736,0.0049454267,0.00698261,0.0049454267,0.00698261,0.005298666,0.0049454267,0.007481361,0.00698261,0.0060826414,0.006517109,0.005298666,0.008015736,0.005298666,0.0060826414,0.0056771366,0.0056771366,0.008015736,0.0056771366,0.0049454267,0.0056771366,0.0056771366,0.007481361,0.0049454267,0.0056771366,0.0049454267,0.0056771366,0.0060826414,0.0049454267,0.0049454267,0.0049454267,0.008015736,0.008015736,0.0049454267,0.0049454267,0.005298666,0.007481361,0.0060826414,0.0060826414,0.00698261,0.0049454267,0.008015736,0.008015736,0.0056771366,0.0049454267,0.0060826414,0.00698261,0.007481361,0.006517109,0.0060826414,0.008015736,0.0060826414,0.007481361,0.008015736,0.007481361,0.006517109,0.0049454267,0.008015736,0.008015736,0.007481361,0.0060826414,0.0060826414,0.006517109,0.0060826414,0.00698261,0.0049454267,0.006517109,0.005298666,0.0049454267,0.005298666,0.0049454267,0.00698261,0.0056771366,0.005298666,0.005298666,0.00698261,0.008015736,0.006517109,0.0056771366,0.0060826414,0.007481361,0.007481361,0.00698261,0.00698261,0.005298666,0.006517109,0.0049454267,0.008015736,0.005298666,0.005298666,0.006517109,0.0056771366,0.008015736,0.0049454267,0.006517109,0.007481361,0.0049454267,0.007481361,0.0056771366,0.0056771366,0.00698261,0.006517109,0.008015736,0.008015736,0.007481361,0.0060826414,0.006517109,0.0049454267,9,4
0.007322002,0.0055562095,0.007322002,0.0048400853,0.0048400853,0.007844995,0.007844995,0.0055562095,0.0048400853,0.0059530763,0.007322002,0.006833875,0.0055562095,0.007322002,0.0055562095,0.006833875,0.00637829,0.0051858006,0.00637829,0.0051858006,0.007844995,0.00637829,0.00637829,0.0048400853,0.0048400853,0.007844995,0.0055562095,0.0059530763,0.0048400853,0.007844995,0.007844995,0.0055562095,0.0051858006,0.006833875,0.007844995,0.0059530763,0.0059530763,0.006833875,0.0059530763,0.007322002,0.0055562095,0.0051858006,0.0055562095,0.0048400853,0.00637829,0.007844995,0.0055562095,0.0048400853,0.0048400853,0.00637829,0.007844995,0.0059530763,0.0051858006,0.0048400853,0.006833875,0.0048400853,0.00637829,0.0055562095,0.0048400853,0.0048400853,0.007844995,0.006833875,0.0051858006,0.0059530763,0.007844995,0.0051858006,0.007322002,0.0059530763,0.00637829,0.0055562095,0.007844995,0.007844995,0.0055562095,0.0055562095,0.0048400853,0.007844995,0.00637829,0.0048400853,0.0048400853,0.0048400853,0.007844995,0.0059530763,0.0055562095,0.0048400853,0.0051858006,0.0048400853,0.0048400853,0.0051858006,0.007322002,0.0059530763,0.0059530763,0.006833875,0.0048400853,0.007844995,0.007844995,0.006833875,0.0048400853,0.0059530763,0.0048400853,0.007844995,0.007322002,0.00637829,0.0059530763,0.0051858006,0.006833875,0.007844995,0.007322002,0.00637829,0.0048400853,0.007844995,0.007844995,0.007844995,0.00637829,0.0055562095,0.006833875,0.007844995,0.00637829,0.0048400853,0.0051858006,0.0048400853,0.007844995,0.0051858006,0.007322002,0.0048400853,0.0055562095,0.007844995,0.0048400853,0.0048400853,0.007844995,0.007322002,0.007844995,0.0055562095,0.006833875,0.0059530763,0.007322002,0.006833875,0.00637829,0.007844995,0.0055562095,0.006833875,0.007322002,0.006833875,0.0059530763,0.007322002,0.0055562095,0.007844995,0.007844995,0.007844995,0.007844995,0.0048400853,0.00637829,0.0055562095,0.0048400853,0.0051858006,0.007844995,0.007844995,0.0059530763,0.0051858006,0.0055562095,0.0048400853,5,0
0.006568174,0.007539981,0.007539981,0.007539981,0.0046519027,0.0070373225,0.007539981,0.006568174,0.007539981,0.0046519027,0.0061303014,0.0053401836,0.0046519027,0.0046519027,0.0046519027,0.006568174,0.0061303014,0.0061303014,0.007539981,0.0061303014,0.0070373225,0.0070373225,0.0046519027,0.0049841767,0.0046519027,0.0070373225,0.0053401836,0.0061303014,0.0049841767,0.0053401836,0.006568174,0.0053401836,0.007539981,0.0061303014,0.0046519027,0.006568174,0.0053401836,0.0057216207,0.0046519027,0.0070373225,0.0049841767,0.0070373225,0.007539981,0.007539981,0.0049841767,0.007539981,0.0070373225,0.007539981,0.007539981,0.007539981,0.006568174,0.007539981,0.0061303014,0.007539981,0.0053401836,0.007539981,0.006568174,0.007539981,0.007539981,0.0057216207,0.006568174,0.0049841767,0.0046519027,0.0046519027,0.007539981,0.0061303014,0.0061303014,0.0049841767,0.0057216207,0.0061303014,0.006568174,0.007539981,0.0049841767,0.0053401836,0.0046519027,0.007539981,0.0057216207,0.007539981,0.007539981,0.006568174,0.007539981,0.0049841767,0.0046519027,0.0046519027,0.0053401836,0.006568174,0.0070373225,0.007539981,0.0057216207,0.007539981,0.007539981,0.006568174,0.007539981,0.0046519027,0.007539981,0.0070373225,0.007539981,0.0053401836,0.0061303014,0.0046519027,0.0053401836,0.0061303014,0.0070373225,0.0061303014,0.006568174,0.0046519027,0.0061303014,0.0061303014,0.0046519027,0.0049841767,0.0070373225,0.007539981,0.0053401836,0.007539981,0.006568174,0.0046519027,0.007539981,0.007539981,0.006568174,0.0070373225,0.0070373225,0.006568174,0.007539981,0.007539981,0.0061303014,0.0061303014,0.006568174,0.0057216207,0.0061303014,0.0061303014,0.0070373225,0.0053401836,0.0057216207,0.0061303014,0.006568174,0.0057216207,0.0057216207,0.0053401836,0.006568174,0.0053401836,0.0061303014,0.006568174,0.0057216207,0.0049841767,0.0057216207,0.0057216207,0.007539981,0.007539981,0.007539981,0.0046519027,0.0057216207,0.0053401836,0.007539981,0.007539981,0.0061303014,0.006568174,0.0049841767,0.0061303014,0.0057216207,0.0053401836,1,3
0.007913313,0.007913313,0.004882235,0.007913313,0.006004919,0.006433835,0.007913313,0.004882235,0.004882235,0.007913313,0.007913313,0.006433835,0.004882235,0.007913313,0.007913313,0.006893388,0.006433835,0.004882235,0.004882235,0.006004919,0.006433835,0.0073857657,0.0052309614,0.005604596,0.004882235,0.006893388,0.005604596,0.004882235,0.0052309614,0.006004919,0.007913313,0.005604596,0.004882235,0.0052309614,0.007913313,0.006004919,0.005604596,0.0052309614,0.004882235,0.006893388,0.004882235,0.006433835,0.006893388,0.005604596,0.007913313,0.007913313,0.0073857657,0.004882235,0.004882235,0.007913313,0.006433835,0.006004919,0.007913313,0.005604596,0.006433835,0.004882235,0.006433835,0.005604596,0.004882235,0.0052309614,0.006433835,0.006004919,0.006004919,0.004882235,0.007913313,0.0073857657,0.006893388,0.004882235,0.004882235,0.004882235,0.006004919,0.0073857657,0.005604596,0.0052309614,0.007913313,0.006433835,0.005604596,0.0052309614,0.0052309614,0.005604596,0.006433835,0.006004919,0.0073857657,0.0052309614,0.0052309614,0.004882235,0.0052309614,0.0052309614,0.006893388,0.006004919,0.006004919,0.006893388,0.004882235,0.007913313,0.007913313,0.006004919,0.004882235,0.006893388,0.006433835,0.0073857657,0.007913313,0.007913313,0.006433835,0.006004919,0.006004919,0.007913313,0.006893388,0.006004919,0.004882235,0.007913313,0.007913313,0.007913313,0.006004919,0.004882235,0.005604596,0.006004919,0.006893388,0.0052309614,0.006433835,0.005604596,0.0052309614,0.006433835,0.004882235,0.006433835,0.0052309614,0.0052309614,0.007913313,0.0052309614,0.006893388,0.0073857657,0.0073857657,0.006893388,0.005604596,0.0052309614,0.007913313,0.006893388,0.004882235,0.005604596,0.004882235,0.007913313,0.005604596,0.006004919,0.006004919,0.006004919,0.006893388,0.0052309614,0.007913313,0.007913313,0.007913313,0.0052309614,0.005604596,0.005604596,0.006433835,0.0073857657,0.006893388,0.006893388,0.006893388,0.006433835,0.006433835,0.004882235,0,1
0.004936015,0.0056663323,0.004936015,0.004936015,0.008000481,0.008000481,0.006071065,0.004936015,0.0056663323,0.006969321,0.0074671227,0.006969321,0.0052885823,0.0052885823,0.006504706,0.006969321,0.0074671227,0.004936015,0.004936015,0.0056663323,0.0052885823,0.0074671227,0.0052885823,0.004936015,0.006071065,0.006969321,0.0056663323,0.006071065,0.004936015,0.008000481,0.008000481,0.0056663323,0.004936015,0.006969321,0.008000481,0.006071065,0.0056663323,0.006969321,0.006071065,0.0074671227,0.004936015,0.0056663323,0.006504706,0.006071065,0.0074671227,0.008000481,0.006071065,0.004936015,0.004936015,0.006504706,0.008000481,0.006504706,0.0056663323,0.004936015,0.008000481,0.004936015,0.006969321,0.004936015,0.004936015,0.006504706,0.008000481,0.006071065,0.006504706,0.004936015,0.008000481,0.0052885823,0.006071065,0.006071065,0.0052885823,0.006504706,0.006969321,0.008000481,0.0056663323,0.0056663323,0.006071065,0.008000481,0.006504706,0.004936015,0.004936015,0.004936015,0.0052885823,0.006969321,0.0056663323,0.0052885823,0.008000481,0.004936015,0.004936015,0.0052885823,0.006969321,0.006071065,0.006071065,0.006969321,0.004936015,0.008000481,0.008000481,0.006969321,0.004936015,0.006071065,0.004936015,0.008000481,0.008000481,0.006969321,0.006071065,0.004936015,0.0074671227,0.008000481,0.006969321,0.006504706,0.004936015,0.008000481,0.008000481,0.008000481,0.006504706,0.0056663323,0.006969321,0.008000481,0.006504706,0.004936015,0.0052885823,0.004936015,0.006071065,0.0052885823,0.004936015,0.004936015,0.0056663323,0.004936015,0.008000481,0.004936015,0.006071065,0.008000481,0.0074671227,0.0056663323,0.006504706,0.0056663323,0.0074671227,0.0074671227,0.006504706,0.0074671227,0.004936015,0.008000481,0.004936015,0.0056663323,0.0074671227,0.0056663323,0.0056663323,0.006071065,0.006969321,0.0074671227,0.008000481,0.004936015,0.0056663323,0.0056663323,0.004936015,0.004936015,0.008000481,0.008000481,0.006071065,0.0056663323,0.0052885823,0.004936015,4,4
0.0062575457,0.005840382,0.0076964856,0.0076964856,0.0047484604,0.006704507,0.0076964856,0.0071833935,0.0071833935,0.0054510282,0.0062575457,0.005840382,0.005840382,0.0047484604,0.0071833935,0.005840382,0.0071833935,0.0062575457,0.0076964856,0.0054510282,0.0071833935,0.0071833935,0.0050876313,0.006704507,0.0047484604,0.0062575457,0.0054510282,0.0050876313,0.005840382,0.0062575457,0.005840382,0.006704507,0.0047484604,0.006704507,0.005840382,0.0047484604,0.0062575457,0.0076964856,0.0047484604,0.0054510282,0.0047484604,0.0076964856,0.0062575457,0.0050876313,0.0071833935,0.0062575457,0.0047484604,0.006704507,0.0076964856,0.005840382,0.0054510282,0.005840382,0.0076964856,0.0054510282,0.0054510282,0.0054510282,0.0047484604,0.0076964856,0.005840382,0.0047484604,0.0054510282,0.0054510282,0.006704507,0.0047484604,0.0062575457,0.0050876313,0.0062575457,0.0047484604,0.0054510282,0.0062575457,0.0047484604,0.0076964856,0.0047484604,0.0047484604,0.0047484604,0.0054510282,0.0062575457,0.0071833935,0.0071833935,0.0047484604,0.0062575457,0.006704507,0.0076964856,0.0076964856,0.0076964856,0.0076964856,0.005840382,0.0076964856,0.0076964856,0.006704507,0.0071833935,0.006704507,0.0076964856,0.0047484604,0.0076964856,0.006704507,0.005840382,0.006704507,0.0062575457,0.006704507,0.0071833935,0.0076964856,0.006704507,0.0047484604,0.0054510282,0.0047484604,0.005840382,0.006704507,0.0047484604,0.0076964856,0.006704507,0.0076964856,0.0062575457,0.0076964856,0.0054510282,0.005840382,0.006704507,0.0076964856,0.0076964856,0.0062575457,0.0062575457,0.006704507,0.0076964856,0.0076964856,0.0054510282,0.0071833935,0.006704507,0.005840382,0.0076964856,0.0076964856,0.0054510282,0.0054510282,0.0071833935,0.0071833935,0.0047484604,0.0062575457,0.005840382,0.0047484604,0.0062575457,0.0062575457,0.006704507,0.0071833935,0.0062575457,0.0054510282,0.005840382,0.0050876313,0.0076964856,0.0076964856,0.0076964856,0.0050876313,0.0047484604,0.0062575457,0.0062575457,0.006704507,0.0047484604,0.0054510282,0.005840382,0.006704507,0.0062575457,0.0047484604,2,3
0.0059837378,0.006411141,0.0078854,0.0078854,0.004865014,0.00521251,0.0055848267,0.007359714,0.007359714,0.0078854,0.0055848267,0.0059837378,0.006411141,0.00521251,0.006411141,0.004865014,0.006411141,0.0068690726,0.0078854,0.004865014,0.0059837378,0.007359714,0.006411141,0.006411141,0.004865014,0.004865014,0.0055848267,0.006411141,0.006411141,0.004865014,0.004865014,0.006411141,0.0078854,0.0068690726,0.0078854,0.0068690726,0.0055848267,0.0078854,0.004865014,0.0068690726,0.004865014,0.007359714,0.0068690726,0.0055848267,0.0078854,0.0055848267,0.004865014,0.0078854,0.004865014,0.006411141,0.0059837378,0.004865014,0.0078854,0.004865014,0.0055848267,0.004865014,0.004865014,0.0078854,0.0055848267,0.0068690726,0.006411141,0.00521251,0.0068690726,0.004865014,0.0078854,0.0055848267,0.006411141,0.004865014,0.004865014,0.006411141,0.0078854,0.0055848267,0.0055848267,0.004865014,0.0078854,0.004865014,0.00521251,0.0078854,0.0059837378,0.004865014,0.004865014,0.004865014,0.0078854,0.0078854,0.0078854,0.004865014,0.00521251,0.0078854,0.0078854,0.0055848267,0.0068690726,0.0068690726,0.0078854,0.004865014,0.0078854,0.00521251,0.004865014,0.0078854,0.0059837378,0.0078854,0.0059837378,0.0078854,0.0068690726,0.00521251,0.0059837378,0.004865014,0.0055848267,0.0078854,0.004865014,0.0078854,0.004865014,0.004865014,0.007359714,0.006411141,0.006411141,0.0059837378,0.0059837378,0.0078854,0.0055848267,0.004865014,0.0059837378,0.0059837378,0.0078854,0.0078854,0.00521251,0.00521251,0.007359714,0.0068690726,0.0078854,0.0068690726,0.004865014,0.0055848267,0.007359714,0.007359714,0.004865014,0.0055848267,0.00521251,0.004865014,0.006411141,0.0055848267,0.0059837378,0.0059837378,0.0068690726,0.0055848267,0.0059837378,0.00521251,0.0078854,0.0078854,0.0078854,0.007359714,0.006411141,0.0055848267,0.0068690726,0.007359714,0.004865014,0.00521251,0.004865014,0.007359714,0.007359714,0.004865014,2,2
0.005162123,0.0063491673,0.004817986,0.0078091756,0.004817986,0.005162123,0.0063491673,0.007288571,0.007288571,0.0078091756,0.0078091756,0.0055308407,0.005162123,0.007288571,0.0078091756,0.0068026725,0.0068026725,0.0063491673,0.0078091756,0.005162123,0.0063491673,0.007288571,0.0055308407,0.0063491673,0.0059258956,0.0068026725,0.0055308407,0.0059258956,0.0063491673,0.0059258956,0.0059258956,0.0055308407,0.0055308407,0.0059258956,0.0078091756,0.0055308407,0.0063491673,0.004817986,0.0063491673,0.0055308407,0.0055308407,0.0068026725,0.0063491673,0.0055308407,0.0078091756,0.007288571,0.0059258956,0.007288571,0.0078091756,0.0063491673,0.0059258956,0.0059258956,0.0068026725,0.0078091756,0.0063491673,0.005162123,0.0068026725,0.004817986,0.0078091756,0.0055308407,0.007288571,0.005162123,0.005162123,0.005162123,0.0068026725,0.005162123,0.0063491673,0.005162123,0.0078091756,0.0059258956,0.005162123,0.005162123,0.0055308407,0.0055308407,0.0078091756,0.005162123,0.0059258956,0.004817986,0.004817986,0.005162123,0.004817986,0.0063491673,0.0078091756,0.0078091756,0.0078091756,0.004817986,0.0059258956,0.007288571,0.0078091756,0.0059258956,0.0059258956,0.0063491673,0.004817986,0.0078091756,0.0063491673,0.0059258956,0.004817986,0.0063491673,0.0063491673,0.0078091756,0.007288571,0.0078091756,0.004817986,0.0055308407,0.005162123,0.004817986,0.0055308407,0.004817986,0.0078091756,0.0063491673,0.0068026725,0.0068026725,0.005162123,0.0068026725,0.007288571,0.0059258956,0.0068026725,0.007288571,0.0059258956,0.004817986,0.004817986,0.0055308407,0.0078091756,0.0078091756,0.0059258956,0.0063491673,0.0078091756,0.0059258956,0.0078091756,0.0063491673,0.0068026725,0.0055308407,0.0068026725,0.0068026725,0.0068026725,0.0059258956,0.0055308407,0.004817986,0.0063491673,0.0055308407,0.004817986,0.0059258956,0.0068026725,0.0068026725,0.0055308407,0.005162123,0.0078091756,0.0078091756,0.0078091756,0.0078091756,0.0059258956,0.0055308407,0.0068026725,0.007288571,0.005162123,0.0059258956,0.005162123,0.005162123,0.0068026725,0.005162123,3,3
0.0052500316,0.0049000345,0.007942162,0.007942162,0.0049000345,0.0052500316,0.0049000345,0.0069185193,0.007412692,0.007942162,0.0056250286,0.0064572906,0.0069185193,0.0049000345,0.007412692,0.0056250286,0.0052500316,0.0064572906,0.007942162,0.0049000345,0.0052500316,0.007412692,0.0064572906,0.0069185193,0.0049000345,0.0049000345,0.0056250286,0.0064572906,0.006026811,0.0049000345,0.0049000345,0.0069185193,0.007942162,0.0064572906,0.007412692,0.0069185193,0.0049000345,0.007942162,0.0049000345,0.0069185193,0.0049000345,0.0064572906,0.0069185193,0.006026811,0.007942162,0.0052500316,0.0049000345,0.007942162,0.0049000345,0.007412692,0.006026811,0.0049000345,0.007942162,0.0049000345,0.0056250286,0.0049000345,0.0049000345,0.007942162,0.006026811,0.0069185193,0.0056250286,0.0052500316,0.0069185193,0.0049000345,0.007942162,0.0052500316,0.0064572906,0.0049000345,0.0049000345,0.006026811,0.0064572906,0.0049000345,0.0056250286,0.0052500316,0.007942162,0.0056250286,0.0052500316,0.007942162,0.0056250286,0.0052500316,0.0052500316,0.0049000345,0.007942162,0.007942162,0.0069185193,0.0049000345,0.006026811,0.007942162,0.007412692,0.006026811,0.0069185193,0.0069185193,0.007942162,0.0049000345,0.007942162,0.0049000345,0.0052500316,0.007942162,0.0056250286,0.007412692,0.006026811,0.0069185193,0.007412692,0.0056250286,0.007942162,0.0049000345,0.0056250286,0.007942162,0.0052500316,0.007942162,0.0049000345,0.0049000345,0.007412692,0.006026811,0.0064572906,0.0056250286,0.0064572906,0.007942162,0.006026811,0.0049000345,0.0056250286,0.0056250286,0.007942162,0.007942162,0.006026811,0.006026811,0.007412692,0.0064572906,0.007412692,0.007942162,0.0052500316,0.0056250286,0.007412692,0.007412692,0.0052500316,0.0056250286,0.0049000345,0.0049000345,0.0064572906,0.0056250286,0.0056250286,0.0052500316,0.007412692,0.0049000345,0.006026811,0.0056250286,0.007942162,0.007942162,0.007942162,0.007942162,0.006026811,0.0056250286,0.0069185193,0.007412692,0.0049000345,0.006026811,0.0052500316,0.0069185193,0.0056250286,0.0049000345,2,2
0.0048715123,0.005219472,0.00599173,0.0078959325,0.0048715123,0.005219472,0.0068782475,0.0068782475,0.0078959325,0.0078959325,0.005592286,0.005219472,0.0048715123,0.0078959325,0.006419704,0.005592286,0.005592286,0.006419704,0.0078959325,0.0048715123,0.006419704,0.007369544,0.00599173,0.00599173,0.0048715123,0.005219472,0.005592286,0.006419704,0.006419704,0.0048715123,0.005219472,0.00599173,0.0068782475,0.007369544,0.0078959325,0.005592286,0.005219472,0.005592286,0.005219472,0.005592286,0.005219472,0.0078959325,0.007369544,0.005592286,0.0078959325,0.00599173,0.005219472,0.0078959325,0.0068782475,0.006419704,0.006419704,0.00599173,0.0078959325,0.0078959325,0.005592286,0.005219472,0.00599173,0.005592286,0.0068782475,0.0048715123,0.005219472,0.007369544,0.005219472,0.0068782475,0.0048715123,0.006419704,0.00599173,0.005219472,0.0078959325,0.00599173,0.0048715123,0.00599173,0.005219472,0.005219472,0.0078959325,0.005592286,0.005592286,0.005592286,0.0068782475,0.005592286,0.0068782475,0.005219472,0.0078959325,0.0078959325,0.007369544,0.0048715123,0.00599173,0.007369544,0.0068782475,0.00599173,0.00599173,0.0048715123,0.0048715123,0.0078959325,0.0048715123,0.0048715123,0.0048715123,0.0068782475,0.0078959325,0.007369544,0.007369544,0.007369544,0.006419704,0.0048715123,0.00599173,0.005219472,0.005592286,0.005592286,0.0078959325,0.0078959325,0.005219472,0.0068782475,0.007369544,0.0078959325,0.005219472,0.005592286,0.006419704,0.0078959325,0.00599173,0.0048715123,0.006419704,0.005219472,0.0078959325,0.0078959325,0.0048715123,0.0048715123,0.0078959325,0.0068782475,0.0078959325,0.0068782475,0.005592286,0.005592286,0.007369544,0.007369544,0.005219472,0.005592286,0.005592286,0.0048715123,0.0068782475,0.005592286,0.00599173,0.00599173,0.0068782475,0.007369544,0.005592286,0.005219472,0.0078959325,0.0078959325,0.0078959325,0.007369544,0.0048715123,0.005592286,0.007369544,0.0078959325,0.0048715123,0.005219472,0.0048715123,0.0068782475,0.006419704,0.005219472,3,3
0.0065416596,0.0056985235,0.0070089144,0.006105555,0.006105555,0.006105555,0.0056985235,0.0049640564,0.005318627,0.008045932,0.0065416596,0.0056985235,0.0049640564,0.006105555,0.0065416596,0.006105555,0.006105555,0.0070089144,0.005318627,0.0065416596,0.0056985235,0.006105555,0.006105555,0.005318627,0.006105555,0.008045932,0.0056985235,0.005318627,0.005318627,0.008045932,0.008045932,0.0056985235,0.0049640564,0.0070089144,0.008045932,0.0049640564,0.0065416596,0.006105555,0.0049640564,0.006105555,0.0049640564,0.006105555,0.008045932,0.0070089144,0.008045932,0.008045932,0.007509544,0.0049640564,0.0049640564,0.008045932,0.0065416596,0.005318627,0.0065416596,0.0049640564,0.008045932,0.0049640564,0.0070089144,0.005318627,0.0049640564,0.007509544,0.008045932,0.006105555,0.0065416596,0.0049640564,0.008045932,0.005318627,0.0065416596,0.0056985235,0.0056985235,0.0056985235,0.005318627,0.005318627,0.0049640564,0.005318627,0.008045932,0.0056985235,0.006105555,0.0049640564,0.0049640564,0.0056985235,0.005318627,0.006105555,0.0056985235,0.0056985235,0.008045932,0.0049640564,0.0049640564,0.0049640564,0.0070089144,0.006105555,0.006105555,0.0070089144,0.0049640564,0.008045932,0.008045932,0.0056985235,0.0049640564,0.0070089144,0.0065416596,0.007509544,0.007509544,0.0065416596,0.0070089144,0.006105555,0.007509544,0.008045932,0.007509544,0.0065416596,0.0049640564,0.008045932,0.008045932,0.007509544,0.006105555,0.007509544,0.006105555,0.006105555,0.0070089144,0.0049640564,0.0065416596,0.005318627,0.0065416596,0.0065416596,0.0049640564,0.0049640564,0.0056985235,0.005318627,0.005318627,0.0070089144,0.008045932,0.005318627,0.005318627,0.0065416596,0.007509544,0.007509544,0.0065416596,0.0070089144,0.005318627,0.0056985235,0.0049640564,0.008045932,0.005318627,0.0065416596,0.0065416596,0.006105555,0.0070089144,0.005318627,0.0056985235,0.0049640564,0.0049640564,0.0049640564,0.005318627,0.0056985235,0.0070089144,0.0065416596,0.008045932,0.008045932,0.006105555,0.0056985235,0.0065416596,0.0049640564,9,4
0.005519585,0.0067888293,0.007793284,0.007793284,0.0048081814,0.0059138364,0.007793284,0.0067888293,0.0072737387,0.007793284,0.005519585,0.0051516183,0.005519585,0.005519585,0.0063362466,0.0048081814,0.005519585,0.0063362466,0.007793284,0.0063362466,0.0063362466,0.0072737387,0.0059138364,0.0063362466,0.0048081814,0.007793284,0.005519585,0.005519585,0.0051516183,0.0063362466,0.0067888293,0.0063362466,0.005519585,0.0067888293,0.007793284,0.0048081814,0.0048081814,0.007793284,0.0048081814,0.005519585,0.0048081814,0.0063362466,0.007793284,0.0059138364,0.007793284,0.005519585,0.0048081814,0.0063362466,0.0051516183,0.0063362466,0.005519585,0.0059138364,0.007793284,0.0048081814,0.005519585,0.0048081814,0.0048081814,0.007793284,0.0059138364,0.0072737387,0.0063362466,0.0051516183,0.0063362466,0.0048081814,0.007793284,0.0059138364,0.0059138364,0.0048081814,0.005519585,0.0072737387,0.0048081814,0.0063362466,0.005519585,0.005519585,0.0063362466,0.005519585,0.0051516183,0.007793284,0.0072737387,0.0059138364,0.007793284,0.005519585,0.007793284,0.007793284,0.007793284,0.0059138364,0.0063362466,0.007793284,0.0067888293,0.0059138364,0.0072737387,0.0067888293,0.007793284,0.0048081814,0.007793284,0.005519585,0.0048081814,0.007793284,0.0067888293,0.0072737387,0.0067888293,0.0067888293,0.0063362466,0.0051516183,0.0072737387,0.0051516183,0.005519585,0.007793284,0.0048081814,0.007793284,0.005519585,0.005519585,0.0067888293,0.0067888293,0.0067888293,0.0048081814,0.0072737387,0.005519585,0.0059138364,0.0072737387,0.0051516183,0.0051516183,0.007793284,0.007793284,0.0051516183,0.005519585,0.007793284,0.0059138364,0.0067888293,0.0067888293,0.0063362466,0.005519585,0.0072737387,0.0072737387,0.005519585,0.005519585,0.0051516183,0.0048081814,0.0067888293,0.005519585,0.0051516183,0.0059138364,0.0072737387,0.0051516183,0.0063362466,0.0051516183,0.007793284,0.007793284,0.007793284,0.0059138364,0.0059138364,0.005519585,0.0067888293,0.0072737387,0.0048081814,0.0063362466,0.0063362466,0.0063362466,0.0063362466,0.0048081814,2,2
0.0061107688,0.0075159566,0.0075159566,0.0075159566,0.004968296,0.0070148995,0.0075159566,0.0061107688,0.0070148995,0.0046370802,0.0061107688,0.0061107688,0.0046370802,0.0046370802,0.0053231684,0.0075159566,0.0061107688,0.0053231684,0.0075159566,0.00570339,0.0075159566,0.0070148995,0.0046370802,0.004968296,0.0046370802,0.0075159566,0.0053231684,0.0061107688,0.00570339,0.0075159566,0.0075159566,0.00570339,0.0075159566,0.00570339,0.0046370802,0.0061107688,0.0061107688,0.00570339,0.0046370802,0.0075159566,0.0046370802,0.0075159566,0.0075159566,0.0075159566,0.0061107688,0.0075159566,0.0065472457,0.0075159566,0.0075159566,0.0075159566,0.0070148995,0.0075159566,0.0065472457,0.0075159566,0.0061107688,0.0075159566,0.0061107688,0.0075159566,0.0075159566,0.0065472457,0.0075159566,0.004968296,0.0046370802,0.004968296,0.0075159566,0.0061107688,0.0061107688,0.004968296,0.00570339,0.00570339,0.0070148995,0.0075159566,0.0046370802,0.0053231684,0.0046370802,0.0075159566,0.00570339,0.0061107688,0.0061107688,0.00570339,0.0075159566,0.004968296,0.0046370802,0.0046370802,0.0046370802,0.0065472457,0.0061107688,0.0075159566,0.00570339,0.0075159566,0.0075159566,0.0065472457,0.0075159566,0.0046370802,0.0075159566,0.0075159566,0.0075159566,0.0046370802,0.0046370802,0.0053231684,0.004968296,0.0061107688,0.0065472457,0.0061107688,0.0070148995,0.0046370802,0.0053231684,0.0053231684,0.0046370802,0.0070148995,0.0070148995,0.0075159566,0.0046370802,0.0065472457,0.0065472457,0.0046370802,0.0070148995,0.0070148995,0.0070148995,0.0061107688,0.0061107688,0.0061107688,0.0075159566,0.0075159566,0.0053231684,0.0065472457,0.0065472457,0.00570339,0.0065472457,0.0061107688,0.0075159566,0.0053231684,0.00570339,0.0061107688,0.0075159566,0.0070148995,0.00570339,0.0046370802,0.00570339,0.00570339,0.00570339,0.0065472457,0.00570339,0.004968296,0.0053231684,0.0070148995,0.0075159566,0.0075159566,0.0075159566,0.0046370802,0.00570339,0.0053231684,0.0065472457,0.0075159566,0.0075159566,0.0053231684,0.0061107688,0.0061107688,0.00570339,0.0065472457,1,1
0.0064375717,0.007917909,0.004885071,0.005607851,0.0068973918,0.0064375717,0.007917909,0.0068973918,0.007917909,0.007917909,0.006008406,0.0052339993,0.004885071,0.007917909,0.0064375717,0.004885071,0.0064375717,0.005607851,0.007917909,0.0064375717,0.007917909,0.0073900553,0.0064375717,0.005607851,0.004885071,0.007917909,0.005607851,0.0064375717,0.004885071,0.007917909,0.0068973918,0.0052339993,0.004885071,0.0073900553,0.007917909,0.004885071,0.0064375717,0.0052339993,0.004885071,0.0064375717,0.004885071,0.006008406,0.007917909,0.006008406,0.007917909,0.004885071,0.005607851,0.004885071,0.007917909,0.006008406,0.006008406,0.006008406,0.004885071,0.007917909,0.0064375717,0.0064375717,0.005607851,0.006008406,0.005607851,0.0068973918,0.007917909,0.0073900553,0.005607851,0.005607851,0.0068973918,0.0052339993,0.006008406,0.0052339993,0.007917909,0.006008406,0.0068973918,0.0073900553,0.005607851,0.005607851,0.006008406,0.0052339993,0.0052339993,0.004885071,0.007917909,0.006008406,0.0052339993,0.005607851,0.006008406,0.0073900553,0.007917909,0.004885071,0.004885071,0.0052339993,0.0064375717,0.006008406,0.006008406,0.0068973918,0.004885071,0.007917909,0.0064375717,0.004885071,0.004885071,0.004885071,0.0068973918,0.0064375717,0.0068973918,0.0064375717,0.006008406,0.004885071,0.0073900553,0.004885071,0.005607851,0.004885071,0.007917909,0.006008406,0.0068973918,0.0073900553,0.005607851,0.0073900553,0.0073900553,0.006008406,0.0068973918,0.004885071,0.0052339993,0.004885071,0.004885071,0.0052339993,0.004885071,0.007917909,0.0052339993,0.0064375717,0.007917909,0.004885071,0.007917909,0.0073900553,0.0064375717,0.005607851,0.0073900553,0.0073900553,0.0064375717,0.0068973918,0.005607851,0.004885071,0.0068973918,0.0064375717,0.005607851,0.0064375717,0.0064375717,0.0073900553,0.005607851,0.005607851,0.007917909,0.007917909,0.007917909,0.004885071,0.004885071,0.005607851,0.0068973918,0.0073900553,0.0052339993,0.007917909,0.006008406,0.005607851,0.005607851,0.004885071,1,3
0.0062041655,0.006647314,0.0076308306,0.0076308306,0.0047079534,0.0062041655,0.0076308306,0.006647314,0.007122115,0.0062041655,0.0076308306,0.006647314,0.0047079534,0.0047079534,0.0076308306,0.007122115,0.0062041655,0.0054045278,0.0076308306,0.0062041655,0.007122115,0.007122115,0.0057905605,0.0057905605,0.0047079534,0.007122115,0.006647314,0.0057905605,0.005044231,0.0076308306,0.0054045278,0.0054045278,0.0076308306,0.007122115,0.0047079534,0.005044231,0.0054045278,0.0076308306,0.0057905605,0.0057905605,0.0047079534,0.0057905605,0.0076308306,0.0062041655,0.0076308306,0.0057905605,0.005044231,0.0047079534,0.0076308306,0.0076308306,0.0054045278,0.0076308306,0.0076308306,0.0076308306,0.0057905605,0.005044231,0.0047079534,0.0076308306,0.0076308306,0.0054045278,0.006647314,0.005044231,0.0054045278,0.0054045278,0.0076308306,0.005044231,0.0057905605,0.0047079534,0.0054045278,0.0057905605,0.0076308306,0.0076308306,0.005044231,0.005044231,0.006647314,0.0076308306,0.0062041655,0.0076308306,0.0062041655,0.006647314,0.0057905605,0.0057905605,0.0076308306,0.0076308306,0.007122115,0.0047079534,0.0054045278,0.0076308306,0.007122115,0.0047079534,0.0062041655,0.006647314,0.0076308306,0.0047079534,0.0076308306,0.005044231,0.005044231,0.0057905605,0.0062041655,0.0054045278,0.0057905605,0.0062041655,0.0057905605,0.005044231,0.007122115,0.0062041655,0.0057905605,0.005044231,0.0047079534,0.0076308306,0.0062041655,0.0076308306,0.0047079534,0.006647314,0.006647314,0.005044231,0.006647314,0.0076308306,0.007122115,0.0047079534,0.0047079534,0.0057905605,0.0076308306,0.0076308306,0.005044231,0.0062041655,0.006647314,0.0062041655,0.0076308306,0.0062041655,0.0076308306,0.0057905605,0.0057905605,0.007122115,0.0062041655,0.0076308306,0.0057905605,0.0047079534,0.006647314,0.0062041655,0.006647314,0.0062041655,0.0062041655,0.0054045278,0.0057905605,0.005044231,0.0076308306,0.0076308306,0.0076308306,0.0047079534,0.0054045278,0.0054045278,0.006647314,0.006647314,0.0054045278,0.0076308306,0.0062041655,0.0062041655,0.0057905605,0.0047079534,2,2
0.0063347532,0.0077914475,0.0048070485,0.0059124427,0.0067872293,0.0063347532,0.0077914475,0.0067872293,0.0072720246,0.0063347532,0.0067872293,0.0067872293,0.0051504043,0.0077914475,0.0059124427,0.0072720246,0.0063347532,0.0059124427,0.0077914475,0.0055182846,0.0077914475,0.0072720246,0.0059124427,0.0048070485,0.0048070485,0.0077914475,0.0055182846,0.0059124427,0.0048070485,0.0077914475,0.0077914475,0.0055182846,0.0051504043,0.0067872293,0.0077914475,0.0051504043,0.0059124427,0.0059124427,0.0051504043,0.0067872293,0.0048070485,0.0067872293,0.0077914475,0.0063347532,0.0077914475,0.0055182846,0.0063347532,0.0048070485,0.0077914475,0.0063347532,0.0059124427,0.0067872293,0.0048070485,0.0072720246,0.0067872293,0.0048070485,0.0059124427,0.0048070485,0.0067872293,0.0051504043,0.0077914475,0.0067872293,0.0051504043,0.0051504043,0.0072720246,0.0051504043,0.0063347532,0.0048070485,0.0077914475,0.0077914475,0.0077914475,0.0077914475,0.0055182846,0.0055182846,0.0059124427,0.0051504043,0.0055182846,0.0048070485,0.0077914475,0.0051504043,0.0048070485,0.0048070485,0.0077914475,0.0077914475,0.0063347532,0.0048070485,0.0048070485,0.0051504043,0.0072720246,0.0059124427,0.0059124427,0.0067872293,0.0048070485,0.0077914475,0.0077914475,0.0059124427,0.0048070485,0.0055182846,0.0067872293,0.0077914475,0.0063347532,0.0063347532,0.0072720246,0.0055182846,0.0072720246,0.0048070485,0.0055182846,0.0048070485,0.0077914475,0.0051504043,0.0067872293,0.0072720246,0.0051504043,0.0067872293,0.0051504043,0.0059124427,0.0067872293,0.0048070485,0.0063347532,0.0048070485,0.0048070485,0.0051504043,0.0048070485,0.0077914475,0.0051504043,0.0059124427,0.0077914475,0.0055182846,0.0077914475,0.0067872293,0.0067872293,0.0055182846,0.0063347532,0.0067872293,0.0072720246,0.0067872293,0.0051504043,0.0051504043,0.0067872293,0.0063347532,0.0055182846,0.0067872293,0.0059124427,0.0072720246,0.0055182846,0.0072720246,0.0077914475,0.0077914475,0.0077914475,0.0048070485,0.0048070485,0.0055182846,0.0067872293,0.0072720246,0.0063347532,0.0077914475,0.0059124427,0.0059124427,0.0059124427,0.0048070485,1,3
0.007442989,0.007442989,0.007442989,0.007442989,0.006051443,0.0069467966,0.007442989,0.0064836824,0.007442989,0.004592062,0.006051443,0.0056480193,0.004592062,0.004592062,0.0056480193,0.0064836824,0.006051443,0.006051443,0.007442989,0.0056480193,0.0069467966,0.0069467966,0.0056480193,0.0056480193,0.0052714893,0.006051443,0.0052714893,0.006051443,0.0056480193,0.007442989,0.007442989,0.0056480193,0.007442989,0.0056480193,0.004592062,0.0069467966,0.0056480193,0.0064836824,0.0052714893,0.007442989,0.004592062,0.007442989,0.007442989,0.007442989,0.0064836824,0.007442989,0.0064836824,0.007442989,0.007442989,0.007442989,0.0056480193,0.007442989,0.007442989,0.007442989,0.0052714893,0.007442989,0.0064836824,0.007442989,0.007442989,0.0056480193,0.0069467966,0.0049200617,0.004592062,0.0052714893,0.007442989,0.0056480193,0.006051443,0.004592062,0.0052714893,0.0052714893,0.0056480193,0.007442989,0.004592062,0.0052714893,0.004592062,0.007442989,0.006051443,0.007442989,0.007442989,0.007442989,0.007442989,0.004592062,0.004592062,0.004592062,0.004592062,0.007442989,0.0069467966,0.007442989,0.0056480193,0.007442989,0.007442989,0.0064836824,0.007442989,0.004592062,0.007442989,0.007442989,0.007442989,0.004592062,0.0056480193,0.004592062,0.006051443,0.0069467966,0.0064836824,0.0052714893,0.0069467966,0.004592062,0.0056480193,0.0052714893,0.004592062,0.006051443,0.0069467966,0.007442989,0.0049200617,0.007442989,0.007442989,0.004592062,0.0069467966,0.007442989,0.007442989,0.0049200617,0.007442989,0.0056480193,0.007442989,0.007442989,0.0049200617,0.007442989,0.006051443,0.004592062,0.004592062,0.006051443,0.007442989,0.0052714893,0.0064836824,0.0069467966,0.0064836824,0.007442989,0.0052714893,0.004592062,0.006051443,0.006051443,0.0052714893,0.0064836824,0.0056480193,0.004592062,0.0064836824,0.0056480193,0.007442989,0.007442989,0.007442989,0.004592062,0.006051443,0.0052714893,0.0069467966,0.007442989,0.007442989,0.0049200617,0.0056480193,0.006051443,0.0064836824,0.004592062,0,1
0.007598702,0.007598702,0.007598702,0.007598702,0.004688131,0.0070921285,0.007598702,0.00576618,0.0066193263,0.004688131,0.00576618,0.006178044,0.004688131,0.004688131,0.004688131,0.006178044,0.0070921285,0.0066193263,0.007598702,0.00576618,0.0070921285,0.0070921285,0.006178044,0.006178044,0.004688131,0.005022993,0.0053817728,0.006178044,0.006178044,0.004688131,0.004688131,0.006178044,0.007598702,0.0066193263,0.004688131,0.0070921285,0.006178044,0.00576618,0.004688131,0.007598702,0.004688131,0.007598702,0.007598702,0.007598702,0.004688131,0.007598702,0.0070921285,0.007598702,0.007598702,0.007598702,0.0053817728,0.007598702,0.007598702,0.007598702,0.004688131,0.007598702,0.0066193263,0.007598702,0.007598702,0.006178044,0.004688131,0.007598702,0.004688131,0.004688131,0.005022993,0.006178044,0.006178044,0.005022993,0.00576618,0.006178044,0.006178044,0.007598702,0.004688131,0.005022993,0.004688131,0.007598702,0.006178044,0.007598702,0.007598702,0.007598702,0.007598702,0.005022993,0.004688131,0.004688131,0.004688131,0.004688131,0.007598702,0.007598702,0.00576618,0.004688131,0.007598702,0.0066193263,0.007598702,0.004688131,0.007598702,0.007598702,0.007598702,0.004688131,0.006178044,0.004688131,0.0053817728,0.007598702,0.0066193263,0.005022993,0.005022993,0.004688131,0.006178044,0.006178044,0.004688131,0.004688131,0.0070921285,0.007598702,0.0053817728,0.007598702,0.006178044,0.004688131,0.0066193263,0.007598702,0.007598702,0.0066193263,0.007598702,0.0070921285,0.007598702,0.007598702,0.007598702,0.007598702,0.007598702,0.004688131,0.005022993,0.0066193263,0.00576618,0.0053817728,0.005022993,0.006178044,0.005022993,0.006178044,0.0053817728,0.004688131,0.006178044,0.00576618,0.0053817728,0.0066193263,0.00576618,0.004688131,0.0066193263,0.0066193263,0.007598702,0.007598702,0.007598702,0.004688131,0.004688131,0.0053817728,0.007598702,0.007598702,0.00576618,0.004688131,0.0066193263,0.007598702,0.007598702,0.005022993,0,1
0.0070856917,0.007591805,0.007591805,0.007591805,0.005018434,0.0070856917,0.007591805,0.005376888,0.0066133183,0.004683876,0.005376888,0.0061724363,0.004683876,0.004683876,0.004683876,0.0057609463,0.0061724363,0.0066133183,0.007591805,0.0057609463,0.0070856917,0.0070856917,0.0061724363,0.0061724363,0.004683876,0.004683876,0.005376888,0.0061724363,0.0066133183,0.004683876,0.004683876,0.0061724363,0.007591805,0.0066133183,0.004683876,0.0070856917,0.0061724363,0.0057609463,0.004683876,0.0070856917,0.004683876,0.007591805,0.007591805,0.007591805,0.005376888,0.007591805,0.0066133183,0.007591805,0.007591805,0.007591805,0.005376888,0.007591805,0.007591805,0.007591805,0.004683876,0.007591805,0.0066133183,0.007591805,0.007591805,0.0057609463,0.005376888,0.007591805,0.004683876,0.004683876,0.0070856917,0.0061724363,0.0061724363,0.005376888,0.0061724363,0.0057609463,0.0057609463,0.007591805,0.004683876,0.005018434,0.004683876,0.007591805,0.0061724363,0.007591805,0.007591805,0.007591805,0.007591805,0.005018434,0.004683876,0.004683876,0.004683876,0.0057609463,0.007591805,0.007591805,0.0057609463,0.0066133183,0.007591805,0.0066133183,0.007591805,0.004683876,0.007591805,0.007591805,0.007591805,0.004683876,0.0061724363,0.004683876,0.005376888,0.007591805,0.0066133183,0.005018434,0.005018434,0.004683876,0.0061724363,0.0061724363,0.004683876,0.004683876,0.0070856917,0.007591805,0.005376888,0.007591805,0.0057609463,0.004683876,0.0066133183,0.007591805,0.007591805,0.0061724363,0.007591805,0.0070856917,0.007591805,0.007591805,0.007591805,0.007591805,0.007591805,0.004683876,0.005018434,0.0070856917,0.0061724363,0.005376888,0.005018434,0.0061724363,0.005376888,0.0066133183,0.005018434,0.004683876,0.0061724363,0.0057609463,0.005376888,0.0066133183,0.0057609463,0.004683876,0.0066133183,0.005376888,0.007591805,0.007591805,0.007591805,0.004683876,0.004683876,0.005376888,0.007591805,0.007591805,0.0061724363,0.005376888,0.0066133183,0.0066133183,0.0066133183,0.004683876,1,1
0.007055255,0.0075591947,0.0049968776,0.0075591947,0.0075591947,0.005353792,0.005353792,0.0049968776,0.0049968776,0.008099129,0.006584911,0.0057362,0.0049968776,0.0075591947,0.008099129,0.007055255,0.007055255,0.0061459234,0.0049968776,0.0057362,0.0049968776,0.0075591947,0.0061459234,0.0049968776,0.0075591947,0.008099129,0.0057362,0.0061459234,0.0049968776,0.008099129,0.008099129,0.0057362,0.0049968776,0.005353792,0.008099129,0.007055255,0.006584911,0.0057362,0.006584911,0.007055255,0.005353792,0.007055255,0.008099129,0.0061459234,0.008099129,0.0061459234,0.0061459234,0.005353792,0.0049968776,0.0061459234,0.0075591947,0.0061459234,0.0061459234,0.0049968776,0.008099129,0.0049968776,0.006584911,0.0049968776,0.0049968776,0.005353792,0.008099129,0.0061459234,0.0049968776,0.0057362,0.008099129,0.008099129,0.0075591947,0.0057362,0.0049968776,0.0049968776,0.0049968776,0.0049968776,0.0049968776,0.005353792,0.008099129,0.0057362,0.006584911,0.0049968776,0.0057362,0.0049968776,0.0049968776,0.0075591947,0.006584911,0.0049968776,0.0075591947,0.0049968776,0.005353792,0.0049968776,0.007055255,0.0061459234,0.0061459234,0.007055255,0.0049968776,0.008099129,0.008099129,0.0061459234,0.0049968776,0.0057362,0.0049968776,0.008099129,0.008099129,0.007055255,0.005353792,0.0049968776,0.007055255,0.008099129,0.008099129,0.0049968776,0.0049968776,0.008099129,0.008099129,0.0075591947,0.0061459234,0.0049968776,0.007055255,0.007055255,0.007055255,0.0057362,0.005353792,0.0049968776,0.0057362,0.0057362,0.0049968776,0.0049968776,0.005353792,0.0049968776,0.0061459234,0.0057362,0.006584911,0.0049968776,0.0075591947,0.007055255,0.0049968776,0.0049968776,0.007055255,0.0075591947,0.0049968776,0.006584911,0.006584911,0.008099129,0.005353792,0.006584911,0.006584911,0.0061459234,0.007055255,0.0049968776,0.005353792,0.0049968776,0.0049968776,0.008099129,0.006584911,0.0057362,0.0049968776,0.005353792,0.008099129,0.0075591947,0.0061459234,0.0049968776,0.0049968776,0.0075591947,9,4
0.0069088857,0.0060184193,0.0048932116,0.0048932116,0.007931104,0.0064482996,0.0064482996,0.005617196,0.0060184193,0.007931104,0.0069088857,0.0060184193,0.0048932116,0.0052427216,0.0069088857,0.0064482996,0.0074023707,0.0060184193,0.0048932116,0.0060184193,0.0052427216,0.0074023707,0.0052427216,0.0048932116,0.0074023707,0.0074023707,0.0060184193,0.0052427216,0.0048932116,0.007931104,0.007931104,0.005617196,0.005617196,0.0069088857,0.007931104,0.0060184193,0.0060184193,0.0069088857,0.0060184193,0.007931104,0.0048932116,0.0052427216,0.007931104,0.0069088857,0.007931104,0.007931104,0.0060184193,0.0048932116,0.0048932116,0.0064482996,0.007931104,0.0060184193,0.0048932116,0.0048932116,0.007931104,0.0048932116,0.0064482996,0.0052427216,0.0048932116,0.0060184193,0.007931104,0.005617196,0.005617196,0.0052427216,0.007931104,0.0060184193,0.0069088857,0.005617196,0.0052427216,0.0052427216,0.0074023707,0.007931104,0.005617196,0.005617196,0.0060184193,0.007931104,0.0064482996,0.0048932116,0.0048932116,0.0048932116,0.0048932116,0.0060184193,0.005617196,0.007931104,0.007931104,0.0048932116,0.0048932116,0.0052427216,0.0074023707,0.0060184193,0.0060184193,0.0069088857,0.0048932116,0.007931104,0.007931104,0.0069088857,0.0048932116,0.0069088857,0.0048932116,0.007931104,0.0074023707,0.0064482996,0.0074023707,0.005617196,0.0069088857,0.007931104,0.007931104,0.0048932116,0.0048932116,0.007931104,0.007931104,0.007931104,0.0064482996,0.0069088857,0.0074023707,0.007931104,0.0064482996,0.0048932116,0.0052427216,0.0048932116,0.0052427216,0.005617196,0.0048932116,0.0048932116,0.005617196,0.0048932116,0.0069088857,0.0048932116,0.005617196,0.005617196,0.007931104,0.005617196,0.0064482996,0.0060184193,0.0074023707,0.0069088857,0.0052427216,0.0060184193,0.005617196,0.007931104,0.005617196,0.0060184193,0.0060184193,0.005617196,0.005617196,0.0064482996,0.0074023707,0.0048932116,0.0048932116,0.007931104,0.0064482996,0.005617196,0.0048932116,0.0048932116,0.007931104,0.007931104,0.0069088857,0.0048932116,0.005617196,0.007931104,4,4
0.006344351,0.0059214,0.007803252,0.007803252,0.0048143314,0.006344351,0.007803252,0.0067975125,0.007283042,0.0067975125,0.005526645,0.006344351,0.0051582074,0.0048143314,0.0048143314,0.005526645,0.005526645,0.0067975125,0.007803252,0.0059214,0.0059214,0.0067975125,0.0051582074,0.0051582074,0.0048143314,0.0067975125,0.006344351,0.006344351,0.0059214,0.0067975125,0.0067975125,0.005526645,0.0059214,0.007283042,0.007283042,0.0048143314,0.0051582074,0.007803252,0.0048143314,0.005526645,0.0048143314,0.006344351,0.007803252,0.006344351,0.007803252,0.0048143314,0.0048143314,0.007803252,0.0051582074,0.005526645,0.005526645,0.006344351,0.007803252,0.0051582074,0.005526645,0.0048143314,0.0048143314,0.007803252,0.006344351,0.005526645,0.0051582074,0.0051582074,0.006344351,0.0048143314,0.006344351,0.0051582074,0.0059214,0.006344351,0.006344351,0.0067975125,0.007803252,0.007283042,0.005526645,0.005526645,0.0059214,0.0048143314,0.005526645,0.007803252,0.005526645,0.0051582074,0.0067975125,0.0067975125,0.007803252,0.007803252,0.006344351,0.0048143314,0.0048143314,0.007283042,0.007803252,0.0059214,0.007803252,0.0059214,0.007803252,0.0048143314,0.007803252,0.0067975125,0.0048143314,0.007803252,0.005526645,0.007803252,0.0067975125,0.0059214,0.007283042,0.006344351,0.005526645,0.0048143314,0.005526645,0.007803252,0.0051582074,0.007803252,0.0059214,0.005526645,0.0067975125,0.007803252,0.006344351,0.0059214,0.006344351,0.007803252,0.0059214,0.005526645,0.0051582074,0.0051582074,0.007803252,0.007803252,0.0051582074,0.006344351,0.0067975125,0.006344351,0.0067975125,0.006344351,0.0048143314,0.005526645,0.007283042,0.007283042,0.0048143314,0.0067975125,0.0059214,0.0048143314,0.007803252,0.0067975125,0.005526645,0.0059214,0.006344351,0.005526645,0.005526645,0.0051582074,0.007803252,0.007803252,0.007803252,0.0051582074,0.0048143314,0.005526645,0.0067975125,0.007283042,0.0059214,0.007283042,0.007803252,0.007283042,0.007283042,0.0048143314,2,2
0.004918101,0.006049032,0.004918101,0.004918101,0.0074400227,0.0069440277,0.004918101,0.004918101,0.004918101,0.007971445,0.007971445,0.0069440277,0.004918101,0.0052693887,0.007971445,0.0052693887,0.006049032,0.0064810985,0.004918101,0.0069440277,0.004918101,0.0074400227,0.005645768,0.0052693887,0.0074400227,0.007971445,0.005645768,0.0052693887,0.004918101,0.007971445,0.007971445,0.005645768,0.004918101,0.0069440277,0.007971445,0.006049032,0.0064810985,0.0064810985,0.005645768,0.007971445,0.0052693887,0.0064810985,0.005645768,0.0052693887,0.0074400227,0.007971445,0.0064810985,0.004918101,0.004918101,0.0064810985,0.0069440277,0.006049032,0.004918101,0.005645768,0.007971445,0.004918101,0.0064810985,0.0052693887,0.004918101,0.006049032,0.007971445,0.006049032,0.0052693887,0.0052693887,0.007971445,0.0069440277,0.0074400227,0.006049032,0.004918101,0.0052693887,0.004918101,0.007971445,0.004918101,0.0052693887,0.006049032,0.007971445,0.0064810985,0.004918101,0.004918101,0.004918101,0.0052693887,0.0074400227,0.007971445,0.0052693887,0.007971445,0.004918101,0.004918101,0.0052693887,0.0069440277,0.006049032,0.006049032,0.0069440277,0.004918101,0.007971445,0.007971445,0.0069440277,0.004918101,0.0069440277,0.004918101,0.007971445,0.007971445,0.0074400227,0.0052693887,0.004918101,0.0074400227,0.007971445,0.007971445,0.004918101,0.004918101,0.007971445,0.007971445,0.007971445,0.0064810985,0.004918101,0.0069440277,0.007971445,0.0064810985,0.004918101,0.0052693887,0.004918101,0.0069440277,0.0064810985,0.0064810985,0.004918101,0.004918101,0.006049032,0.006049032,0.005645768,0.007971445,0.004918101,0.0074400227,0.005645768,0.0064810985,0.006049032,0.0074400227,0.0069440277,0.0052693887,0.006049032,0.005645768,0.007971445,0.005645768,0.0069440277,0.0064810985,0.0052693887,0.005645768,0.007971445,0.007971445,0.0052693887,0.0052693887,0.0064810985,0.0064810985,0.005645768,0.004918101,0.006049032,0.007971445,0.007971445,0.0064810985,0.004918101,0.004918101,0.0074400227,9,4
0.0063816938,0.007849182,0.004842669,0.005956254,0.0063816938,0.0063816938,0.007849182,0.0068375226,0.007849182,0.007849182,0.005956254,0.005956254,0.0063816938,0.004842669,0.007849182,0.007849182,0.0068375226,0.005956254,0.007849182,0.0051885685,0.007849182,0.0068375226,0.0063816938,0.0051885685,0.004842669,0.007849182,0.0055591753,0.0055591753,0.004842669,0.007849182,0.007849182,0.0055591753,0.004842669,0.0051885685,0.007849182,0.0063816938,0.0063816938,0.004842669,0.0051885685,0.00732591,0.004842669,0.005956254,0.007849182,0.005956254,0.007849182,0.0068375226,0.0055591753,0.005956254,0.004842669,0.007849182,0.005956254,0.005956254,0.0063816938,0.004842669,0.007849182,0.0051885685,0.004842669,0.00732591,0.004842669,0.007849182,0.007849182,0.005956254,0.0063816938,0.004842669,0.007849182,0.0051885685,0.005956254,0.004842669,0.004842669,0.0068375226,0.0068375226,0.005956254,0.0051885685,0.0055591753,0.007849182,0.0055591753,0.0055591753,0.004842669,0.0055591753,0.005956254,0.0055591753,0.00732591,0.0051885685,0.005956254,0.007849182,0.004842669,0.004842669,0.004842669,0.0068375226,0.005956254,0.0063816938,0.0063816938,0.0055591753,0.004842669,0.007849182,0.005956254,0.004842669,0.0051885685,0.0051885685,0.007849182,0.00732591,0.0063816938,0.0063816938,0.0051885685,0.00732591,0.004842669,0.0055591753,0.004842669,0.004842669,0.007849182,0.0068375226,0.007849182,0.0051885685,0.005956254,0.00732591,0.005956254,0.0068375226,0.004842669,0.0051885685,0.004842669,0.00732591,0.005956254,0.0068375226,0.007849182,0.00732591,0.0063816938,0.007849182,0.005956254,0.007849182,0.0068375226,0.0068375226,0.005956254,0.00732591,0.00732591,0.0055591753,0.00732591,0.0051885685,0.0051885685,0.00732591,0.0055591753,0.005956254,0.005956254,0.005956254,0.005956254,0.0068375226,0.0063816938,0.007849182,0.007849182,0.007849182,0.004842669,0.005956254,0.0055591753,0.0055591753,0.0068375226,0.0055591753,0.007849182,0.005956254,0.0055591753,0.0055591753,0.004842669,1,4
0.0063971668,0.007868213,0.00485441,0.0055726534,0.0063971668,0.00485441,0.0068541006,0.00485441,0.00485441,0.007868213,0.007343672,0.0068541006,0.00485441,0.0052011483,0.007868213,0.0063971668,0.007343672,0.00485441,0.00485441,0.0063971668,0.007868213,0.007343672,0.0052011483,0.00485441,0.0068541006,0.007868213,0.0055726534,0.005970695,0.0055726534,0.007343672,0.007868213,0.0052011483,0.00485441,0.0068541006,0.007868213,0.007343672,0.0063971668,0.0055726534,0.005970695,0.007868213,0.0052011483,0.0063971668,0.007868213,0.005970695,0.007868213,0.007343672,0.0068541006,0.00485441,0.00485441,0.0063971668,0.007343672,0.005970695,0.007868213,0.00485441,0.0068541006,0.00485441,0.0063971668,0.0052011483,0.00485441,0.00485441,0.007868213,0.005970695,0.00485441,0.00485441,0.0068541006,0.0052011483,0.005970695,0.00485441,0.007868213,0.00485441,0.007343672,0.0063971668,0.0052011483,0.0055726534,0.007868213,0.0063971668,0.0063971668,0.00485441,0.0063971668,0.0052011483,0.0063971668,0.007343672,0.00485441,0.00485441,0.007868213,0.00485441,0.00485441,0.0052011483,0.0068541006,0.005970695,0.005970695,0.0068541006,0.00485441,0.007868213,0.007868213,0.0068541006,0.00485441,0.0068541006,0.00485441,0.007868213,0.007868213,0.007343672,0.0055726534,0.00485441,0.007343672,0.007868213,0.007868213,0.00485441,0.00485441,0.007868213,0.007868213,0.007868213,0.0055726534,0.00485441,0.0068541006,0.0068541006,0.0068541006,0.005970695,0.0055726534,0.00485441,0.0052011483,0.0052011483,0.00485441,0.00485441,0.0063971668,0.0068541006,0.007868213,0.00485441,0.00485441,0.007343672,0.007868213,0.0055726534,0.005970695,0.00485441,0.005970695,0.007343672,0.005970695,0.007868213,0.0063971668,0.0068541006,0.0063971668,0.0068541006,0.005970695,0.0063971668,0.0063971668,0.0068541006,0.007868213,0.007868213,0.007868213,0.007343672,0.005970695,0.0063971668,0.00485441,0.00485441,0.0063971668,0.007868213,0.0063971668,0.00485441,0.0055726534,0.00485441,1,4
0.0049600564,0.005693931,0.005693931,0.006536388,0.008039448,0.006536388,0.005314341,0.0049600564,0.0049600564,0.008039448,0.0075034923,0.006100635,0.0049600564,0.005314341,0.008039448,0.005693931,0.006536388,0.006536388,0.005314341,0.006536388,0.0049600564,0.007003266,0.005693931,0.0049600564,0.005693931,0.007003266,0.005693931,0.006536388,0.0049600564,0.008039448,0.008039448,0.005314341,0.0049600564,0.0075034923,0.008039448,0.005693931,0.006536388,0.007003266,0.006536388,0.007003266,0.0049600564,0.006536388,0.008039448,0.007003266,0.008039448,0.0075034923,0.006536388,0.0049600564,0.0049600564,0.008039448,0.006536388,0.005693931,0.005314341,0.0049600564,0.008039448,0.0049600564,0.007003266,0.0049600564,0.0049600564,0.006536388,0.008039448,0.006100635,0.006100635,0.0049600564,0.008039448,0.005314341,0.006100635,0.006536388,0.005693931,0.006536388,0.005314341,0.005314341,0.0049600564,0.005314341,0.008039448,0.005693931,0.006536388,0.0049600564,0.005693931,0.0049600564,0.0049600564,0.0075034923,0.008039448,0.005693931,0.008039448,0.0049600564,0.0049600564,0.005314341,0.007003266,0.006100635,0.006100635,0.007003266,0.0049600564,0.008039448,0.008039448,0.006536388,0.0049600564,0.007003266,0.005693931,0.008039448,0.007003266,0.006536388,0.006100635,0.005314341,0.0075034923,0.008039448,0.0075034923,0.005314341,0.0049600564,0.008039448,0.008039448,0.007003266,0.006100635,0.0049600564,0.007003266,0.007003266,0.006536388,0.0049600564,0.005314341,0.0049600564,0.005693931,0.006100635,0.0049600564,0.007003266,0.005693931,0.0049600564,0.005314341,0.007003266,0.008039448,0.0049600564,0.006100635,0.005693931,0.0075034923,0.0075034923,0.007003266,0.007003266,0.005314341,0.0075034923,0.006536388,0.008039448,0.0049600564,0.005314341,0.007003266,0.005693931,0.007003266,0.0049600564,0.0049600564,0.0049600564,0.0049600564,0.008039448,0.0049600564,0.006100635,0.007003266,0.0049600564,0.008039448,0.008039448,0.006536388,0.0049600564,0.0049600564,0.005314341,4,4
0.0061683715,0.006608963,0.0050151288,0.0050151288,0.008128712,0.0050151288,0.0050151288,0.0050151288,0.0050151288,0.008128712,0.006608963,0.005757152,0.0050151288,0.0061683715,0.008128712,0.007081025,0.007081025,0.0050151288,0.0050151288,0.008128712,0.005373347,0.0050151288,0.005373347,0.005373347,0.006608963,0.008128712,0.005757152,0.006608963,0.005373347,0.008128712,0.008128712,0.0061683715,0.0050151288,0.005757152,0.008128712,0.007586805,0.006608963,0.005757152,0.0061683715,0.008128712,0.005373347,0.007081025,0.007081025,0.005757152,0.008128712,0.0061683715,0.006608963,0.0050151288,0.0050151288,0.0061683715,0.007081025,0.0061683715,0.005757152,0.0050151288,0.007081025,0.0050151288,0.0061683715,0.0050151288,0.0050151288,0.0050151288,0.008128712,0.006608963,0.0050151288,0.005757152,0.008128712,0.007586805,0.008128712,0.0050151288,0.0050151288,0.0050151288,0.0050151288,0.0061683715,0.0050151288,0.005757152,0.008128712,0.005757152,0.006608963,0.0050151288,0.0061683715,0.0050151288,0.0050151288,0.0061683715,0.0061683715,0.0050151288,0.0061683715,0.0050151288,0.0050151288,0.005373347,0.006608963,0.007081025,0.0061683715,0.007081025,0.0050151288,0.008128712,0.008128712,0.0061683715,0.0050151288,0.006608963,0.0050151288,0.008128712,0.007586805,0.007081025,0.0050151288,0.0050151288,0.006608963,0.008128712,0.008128712,0.0050151288,0.0050151288,0.008128712,0.008128712,0.006608963,0.0061683715,0.0050151288,0.007081025,0.005757152,0.007081025,0.006608963,0.005373347,0.0050151288,0.005757152,0.005373347,0.0061683715,0.0050151288,0.0050151288,0.005757152,0.0061683715,0.0050151288,0.0050151288,0.007081025,0.008128712,0.007586805,0.0050151288,0.005757152,0.005757152,0.006608963,0.0050151288,0.008128712,0.006608963,0.005757152,0.008128712,0.0061683715,0.005757152,0.008128712,0.005757152,0.0061683715,0.008128712,0.008128712,0.008128712,0.008128712,0.0061683715,0.005757152,0.0050151288,0.005373347,0.008128712,0.007586805,0.005757152,0.005373347,0.005373347,0.005373347,4,0
0.0061735776,0.007087002,0.007593209,0.007593209,0.004684742,0.007087002,0.007593209,0.006614541,0.007593209,0.004684742,0.0061735776,0.0061735776,0.004684742,0.004684742,0.0053778826,0.007593209,0.0061735776,0.0053778826,0.007593209,0.0053778826,0.007593209,0.007087002,0.005019362,0.005019362,0.005019362,0.007593209,0.0053778826,0.0053778826,0.004684742,0.007593209,0.007593209,0.0057620117,0.007593209,0.0057620117,0.004684742,0.007593209,0.0057620117,0.0061735776,0.004684742,0.007593209,0.0057620117,0.006614541,0.007593209,0.007593209,0.004684742,0.007087002,0.0061735776,0.007593209,0.007593209,0.007593209,0.007593209,0.007087002,0.0061735776,0.007593209,0.0053778826,0.007593209,0.006614541,0.007593209,0.007593209,0.0057620117,0.007593209,0.0057620117,0.004684742,0.004684742,0.007593209,0.0057620117,0.0061735776,0.005019362,0.0053778826,0.006614541,0.007593209,0.007593209,0.004684742,0.005019362,0.0057620117,0.007593209,0.0053778826,0.007087002,0.006614541,0.007087002,0.006614541,0.005019362,0.004684742,0.004684742,0.004684742,0.0053778826,0.0057620117,0.007593209,0.0057620117,0.007593209,0.007593209,0.006614541,0.007593209,0.004684742,0.007593209,0.007593209,0.007593209,0.004684742,0.005019362,0.004684742,0.0053778826,0.0061735776,0.007087002,0.0061735776,0.007087002,0.004684742,0.0053778826,0.0053778826,0.004684742,0.007087002,0.006614541,0.007593209,0.005019362,0.007087002,0.005019362,0.007593209,0.0061735776,0.0053778826,0.007087002,0.004684742,0.007593209,0.0061735776,0.007593209,0.007593209,0.0061735776,0.006614541,0.006614541,0.0057620117,0.006614541,0.0061735776,0.007593209,0.0053778826,0.005019362,0.0053778826,0.007593209,0.007593209,0.0053778826,0.004684742,0.0057620117,0.0057620117,0.0057620117,0.0057620117,0.0053778826,0.004684742,0.0057620117,0.0057620117,0.007593209,0.007593209,0.007593209,0.004684742,0.0061735776,0.0053778826,0.0057620117,0.0061735776,0.0061735776,0.007087002,0.0061735776,0.0061735776,0.0053778826,0.004684742,2,0
0.0061961864,0.0076210164,0.0076210164,0.0076210164,0.005397577,0.007112955,0.0076210164,0.005783113,0.0066387644,0.0047018984,0.005783113,0.005783113,0.0047018984,0.0047018984,0.0047018984,0.005783113,0.0061961864,0.0066387644,0.0076210164,0.005783113,0.007112955,0.007112955,0.005783113,0.005783113,0.0047018984,0.005783113,0.005783113,0.005397577,0.0061961864,0.0050377436,0.0047018984,0.0061961864,0.0076210164,0.0066387644,0.0047018984,0.0061961864,0.0061961864,0.005783113,0.0047018984,0.0066387644,0.0047018984,0.0076210164,0.0076210164,0.0076210164,0.005397577,0.0076210164,0.007112955,0.0076210164,0.0076210164,0.007112955,0.005397577,0.007112955,0.0076210164,0.0076210164,0.0047018984,0.0076210164,0.0066387644,0.0076210164,0.0076210164,0.005783113,0.005397577,0.0066387644,0.0047018984,0.0047018984,0.0047018984,0.0061961864,0.0061961864,0.0050377436,0.005783113,0.0061961864,0.0076210164,0.007112955,0.0047018984,0.0047018984,0.0066387644,0.0076210164,0.0061961864,0.0076210164,0.007112955,0.0076210164,0.0076210164,0.0050377436,0.0047018984,0.0047018984,0.005783113,0.005783113,0.0076210164,0.0076210164,0.005783113,0.0076210164,0.0076210164,0.0066387644,0.0076210164,0.0047018984,0.0076210164,0.007112955,0.0076210164,0.0047018984,0.0061961864,0.0047018984,0.005397577,0.007112955,0.0066387644,0.0050377436,0.0050377436,0.0047018984,0.0061961864,0.0061961864,0.0047018984,0.0047018984,0.0061961864,0.0076210164,0.005397577,0.0066387644,0.0076210164,0.0047018984,0.0066387644,0.0076210164,0.0076210164,0.0066387644,0.007112955,0.007112955,0.0076210164,0.0076210164,0.007112955,0.007112955,0.0076210164,0.0047018984,0.005397577,0.0066387644,0.005783113,0.005397577,0.0050377436,0.0061961864,0.005397577,0.0066387644,0.0061961864,0.0047018984,0.0061961864,0.0061961864,0.005397577,0.0061961864,0.005397577,0.0047018984,0.007112955,0.0050377436,0.0076210164,0.0076210164,0.0076210164,0.0047018984,0.0047018984,0.0066387644,0.0076210164,0.0076210164,0.0050377436,0.005783113,0.007112955,0.0061961864,0.005783113,0.0047018984,1,1
0.005719971,0.007035294,0.00498274,0.005719971,0.008076215,0.005719971,0.005719971,0.00498274,0.00498274,0.008076215,0.007035294,0.006128535,0.00498274,0.008076215,0.008076215,0.005719971,0.0075378083,0.005719971,0.00498274,0.0075378083,0.005719971,0.005338645,0.006128535,0.00498274,0.007035294,0.008076215,0.005719971,0.005338645,0.00498274,0.0075378083,0.007035294,0.005338645,0.00498274,0.005719971,0.008076215,0.005719971,0.006128535,0.006566281,0.006566281,0.005719971,0.005338645,0.0075378083,0.006566281,0.005719971,0.008076215,0.006566281,0.006128535,0.00498274,0.00498274,0.0075378083,0.0075378083,0.006566281,0.007035294,0.00498274,0.008076215,0.00498274,0.006566281,0.00498274,0.00498274,0.00498274,0.008076215,0.006128535,0.005338645,0.005719971,0.008076215,0.0075378083,0.008076215,0.00498274,0.00498274,0.00498274,0.00498274,0.006128535,0.00498274,0.005719971,0.008076215,0.00498274,0.006566281,0.00498274,0.005719971,0.005338645,0.006128535,0.006128535,0.008076215,0.00498274,0.006566281,0.00498274,0.005338645,0.005338645,0.006128535,0.006128535,0.006128535,0.007035294,0.00498274,0.008076215,0.008076215,0.006128535,0.00498274,0.006128535,0.00498274,0.008076215,0.008076215,0.0075378083,0.006128535,0.00498274,0.0075378083,0.008076215,0.008076215,0.00498274,0.00498274,0.008076215,0.008076215,0.007035294,0.006128535,0.00498274,0.007035294,0.005719971,0.007035294,0.006566281,0.005719971,0.005338645,0.006566281,0.005719971,0.007035294,0.00498274,0.00498274,0.00498274,0.008076215,0.006128535,0.008076215,0.006128535,0.008076215,0.0075378083,0.00498274,0.00498274,0.00498274,0.007035294,0.00498274,0.00498274,0.00498274,0.006566281,0.006128535,0.007035294,0.005719971,0.006128535,0.008076215,0.005338645,0.008076215,0.00498274,0.00498274,0.008076215,0.006128535,0.005719971,0.00498274,0.005338645,0.008076215,0.008076215,0.006128535,0.006128535,0.006566281,0.00498274,4,0
0.0061852075,0.007607513,0.007607513,0.007607513,0.0046935673,0.0071003526,0.007607513,0.006627002,0.007607513,0.0046935673,0.0061852075,0.0053880136,0.0046935673,0.0046935673,0.0046935673,0.0061852075,0.0061852075,0.0061852075,0.007607513,0.0057728663,0.0071003526,0.0071003526,0.0061852075,0.0071003526,0.0046935673,0.0061852075,0.0053880136,0.0061852075,0.0061852075,0.0050288173,0.0061852075,0.0057728663,0.007607513,0.0061852075,0.0046935673,0.0050288173,0.0053880136,0.007607513,0.0053880136,0.006627002,0.0046935673,0.006627002,0.0071003526,0.0071003526,0.007607513,0.0057728663,0.0061852075,0.007607513,0.007607513,0.006627002,0.0053880136,0.007607513,0.007607513,0.007607513,0.0050288173,0.007607513,0.006627002,0.007607513,0.007607513,0.0057728663,0.006627002,0.0053880136,0.0046935673,0.0050288173,0.007607513,0.0057728663,0.0061852075,0.0046935673,0.0053880136,0.0053880136,0.006627002,0.007607513,0.0046935673,0.0053880136,0.0050288173,0.007607513,0.0053880136,0.007607513,0.007607513,0.0050288173,0.006627002,0.0050288173,0.0046935673,0.0046935673,0.0053880136,0.0053880136,0.006627002,0.007607513,0.0057728663,0.007607513,0.007607513,0.006627002,0.007607513,0.0046935673,0.007607513,0.007607513,0.007607513,0.0050288173,0.0061852075,0.0046935673,0.0046935673,0.0057728663,0.007607513,0.0061852075,0.0071003526,0.0046935673,0.0057728663,0.0061852075,0.0046935673,0.0061852075,0.0061852075,0.007607513,0.0053880136,0.007607513,0.0071003526,0.0046935673,0.006627002,0.007607513,0.007607513,0.0071003526,0.0057728663,0.0057728663,0.007607513,0.007607513,0.0053880136,0.0061852075,0.006627002,0.0057728663,0.006627002,0.0061852075,0.0071003526,0.0053880136,0.0061852075,0.0061852075,0.0071003526,0.007607513,0.0050288173,0.0046935673,0.0061852075,0.0053880136,0.0057728663,0.0061852075,0.0057728663,0.0053880136,0.0057728663,0.0050288173,0.007607513,0.007607513,0.007607513,0.0046935673,0.0046935673,0.0053880136,0.007607513,0.007607513,0.0057728663,0.0050288173,0.0053880136,0.007607513,0.007607513,0.0050288173,1,1
0.0048247245,0.0051693427,0.0059341835,0.007820098,0.0048247245,0.0059341835,0.007820098,0.006812187,0.007820098,0.006812187,0.006812187,0.0063580475,0.0048247245,0.007820098,0.007820098,0.007820098,0.0051693427,0.0059341835,0.007820098,0.0051693427,0.007820098,0.007298765,0.0055385763,0.0059341835,0.0048247245,0.007820098,0.0055385763,0.0051693427,0.0055385763,0.006812187,0.006812187,0.0055385763,0.0055385763,0.007298765,0.007820098,0.0048247245,0.0051693427,0.0055385763,0.006812187,0.0055385763,0.0048247245,0.0063580475,0.007820098,0.0059341835,0.007820098,0.0048247245,0.0048247245,0.0059341835,0.006812187,0.0055385763,0.0063580475,0.0063580475,0.0059341835,0.0059341835,0.007298765,0.0051693427,0.0059341835,0.0059341835,0.006812187,0.0051693427,0.007820098,0.007298765,0.0063580475,0.0055385763,0.007820098,0.0051693427,0.0059341835,0.0048247245,0.007820098,0.0055385763,0.006812187,0.006812187,0.0055385763,0.0055385763,0.007820098,0.0048247245,0.0051693427,0.006812187,0.0063580475,0.0048247245,0.0051693427,0.0063580475,0.007820098,0.007820098,0.007298765,0.0048247245,0.0048247245,0.0051693427,0.006812187,0.0059341835,0.0059341835,0.0063580475,0.0051693427,0.006812187,0.007820098,0.0051693427,0.0048247245,0.006812187,0.006812187,0.006812187,0.006812187,0.0059341835,0.0063580475,0.0059341835,0.007298765,0.0048247245,0.0055385763,0.0048247245,0.007820098,0.0063580475,0.006812187,0.007820098,0.0055385763,0.007298765,0.0063580475,0.0063580475,0.006812187,0.0055385763,0.0055385763,0.0048247245,0.0048247245,0.0051693427,0.0059341835,0.007820098,0.0048247245,0.0055385763,0.007820098,0.0063580475,0.007820098,0.006812187,0.0063580475,0.0055385763,0.007298765,0.007298765,0.0055385763,0.007820098,0.0063580475,0.0048247245,0.006812187,0.006812187,0.0059341835,0.0063580475,0.0063580475,0.0055385763,0.0055385763,0.0059341835,0.007820098,0.007820098,0.007820098,0.0055385763,0.0059341835,0.0055385763,0.0063580475,0.006812187,0.0055385763,0.007820098,0.0059341835,0.0051693427,0.0059341835,0.0048247245,3,3
0.004970355,0.005325375,0.0057057533,0.004970355,0.0080561405,0.0065499595,0.005325375,0.004970355,0.0057057533,0.0080561405,0.007519072,0.0057057533,0.004970355,0.005325375,0.0080561405,0.0061133015,0.0070178066,0.0065499595,0.0057057533,0.0065499595,0.004970355,0.007519072,0.0057057533,0.005325375,0.007519072,0.0070178066,0.0057057533,0.0061133015,0.004970355,0.0080561405,0.0080561405,0.0057057533,0.004970355,0.0070178066,0.0080561405,0.004970355,0.0065499595,0.0061133015,0.0057057533,0.0070178066,0.004970355,0.0061133015,0.0080561405,0.0065499595,0.0080561405,0.007519072,0.0061133015,0.005325375,0.004970355,0.0080561405,0.0070178066,0.005325375,0.004970355,0.004970355,0.0080561405,0.005325375,0.0070178066,0.004970355,0.004970355,0.0070178066,0.0080561405,0.005325375,0.0065499595,0.005325375,0.0080561405,0.005325375,0.0070178066,0.0061133015,0.005325375,0.0061133015,0.004970355,0.004970355,0.004970355,0.005325375,0.0080561405,0.005325375,0.0065499595,0.004970355,0.004970355,0.004970355,0.004970355,0.004970355,0.004970355,0.0080561405,0.0080561405,0.004970355,0.004970355,0.005325375,0.0065499595,0.0061133015,0.0061133015,0.0070178066,0.004970355,0.0080561405,0.0080561405,0.0065499595,0.004970355,0.0070178066,0.005325375,0.0080561405,0.007519072,0.0070178066,0.0057057533,0.004970355,0.007519072,0.0080561405,0.0070178066,0.004970355,0.004970355,0.0080561405,0.007519072,0.0070178066,0.0065499595,0.0080561405,0.0080561405,0.004970355,0.0070178066,0.004970355,0.005325375,0.004970355,0.005325375,0.0061133015,0.004970355,0.0070178066,0.0057057533,0.004970355,0.005325375,0.0057057533,0.0080561405,0.005325375,0.0061133015,0.0057057533,0.007519072,0.007519072,0.007519072,0.0070178066,0.0057057533,0.0065499595,0.0061133015,0.0080561405,0.004970355,0.005325375,0.007519072,0.0065499595,0.0070178066,0.004970355,0.005325375,0.004970355,0.004970355,0.0080561405,0.004970355,0.0061133015,0.0070178066,0.0065499595,0.0080561405,0.007519072,0.0065499595,0.004970355,0.004970355,0.0080561405,4,4
0.0066950973,0.0076856837,0.0076856837,0.0076856837,0.005080491,0.0071733114,0.0076856837,0.0066950973,0.0076856837,0.004741796,0.0071733114,0.005832185,0.004741796,0.004741796,0.0062487633,0.0076856837,0.0062487633,0.005080491,0.0076856837,0.0062487633,0.0076856837,0.0071733114,0.005832185,0.0054433774,0.004741796,0.0071733114,0.0054433774,0.004741796,0.004741796,0.0076856837,0.0076856837,0.0062487633,0.0062487633,0.005832185,0.004741796,0.0071733114,0.005832185,0.0076856837,0.0062487633,0.0076856837,0.004741796,0.0054433774,0.0054433774,0.0054433774,0.0076856837,0.0076856837,0.005832185,0.005832185,0.004741796,0.0066950973,0.0071733114,0.0066950973,0.004741796,0.005080491,0.004741796,0.0076856837,0.004741796,0.0066950973,0.005832185,0.0062487633,0.0076856837,0.005832185,0.005832185,0.004741796,0.0076856837,0.005080491,0.0054433774,0.005832185,0.0062487633,0.0071733114,0.0076856837,0.0076856837,0.004741796,0.005080491,0.004741796,0.0076856837,0.0062487633,0.005832185,0.0054433774,0.005080491,0.0062487633,0.005080491,0.0076856837,0.0076856837,0.0071733114,0.0066950973,0.005832185,0.0076856837,0.0071733114,0.005832185,0.005832185,0.0066950973,0.0076856837,0.004741796,0.0076856837,0.0071733114,0.0054433774,0.005832185,0.0066950973,0.0054433774,0.0076856837,0.0066950973,0.0066950973,0.0062487633,0.005080491,0.0066950973,0.0054433774,0.005080491,0.004741796,0.0076856837,0.0054433774,0.0076856837,0.0062487633,0.0071733114,0.004741796,0.0076856837,0.0066950973,0.0054433774,0.005080491,0.0054433774,0.0071733114,0.0054433774,0.005832185,0.004741796,0.0071733114,0.0076856837,0.0062487633,0.0054433774,0.005832185,0.0066950973,0.0076856837,0.0054433774,0.0066950973,0.0071733114,0.0071733114,0.0066950973,0.005080491,0.004741796,0.0076856837,0.0062487633,0.0076856837,0.0066950973,0.005832185,0.004741796,0.0062487633,0.0076856837,0.0076856837,0.004741796,0.005080491,0.004741796,0.0062487633,0.0054433774,0.0062487633,0.0066950973,0.0054433774,0.0076856837,0.0062487633,0.0062487633,0.0054433774,0.004741796,1,0
0.007507254,0.007507254,0.007507254,0.007507254,0.004631711,0.007006777,0.007507254,0.006103693,0.0065396647,0.004631711,0.006103693,0.006103693,0.004631711,0.004631711,0.004631711,0.006103693,0.006103693,0.006103693,0.007507254,0.006103693,0.007006777,0.007006777,0.005696786,0.005696786,0.004631711,0.004962543,0.005317005,0.006103693,0.006103693,0.005317005,0.0065396647,0.005696786,0.007507254,0.006103693,0.004631711,0.007006777,0.005696786,0.006103693,0.004962543,0.007006777,0.004631711,0.007507254,0.007507254,0.007507254,0.0065396647,0.007006777,0.006103693,0.007507254,0.007507254,0.007006777,0.005317005,0.007507254,0.007507254,0.007507254,0.004631711,0.007507254,0.0065396647,0.007507254,0.007507254,0.005696786,0.005317005,0.004962543,0.004631711,0.004631711,0.007507254,0.005696786,0.006103693,0.005317005,0.005696786,0.0065396647,0.006103693,0.007507254,0.004631711,0.005317005,0.004631711,0.006103693,0.006103693,0.007507254,0.007507254,0.007507254,0.007507254,0.004631711,0.004631711,0.004631711,0.004631711,0.007507254,0.007006777,0.007507254,0.005696786,0.007507254,0.007507254,0.0065396647,0.007507254,0.004631711,0.007507254,0.007507254,0.007507254,0.004631711,0.006103693,0.004631711,0.005317005,0.006103693,0.006103693,0.005317005,0.007006777,0.004631711,0.006103693,0.005696786,0.004631711,0.005317005,0.007006777,0.007507254,0.005317005,0.007507254,0.007006777,0.004631711,0.0065396647,0.007507254,0.007507254,0.005317005,0.007507254,0.0065396647,0.007507254,0.007507254,0.007507254,0.007507254,0.006103693,0.004631711,0.004631711,0.0065396647,0.007006777,0.005317005,0.006103693,0.007006777,0.006103693,0.0065396647,0.005696786,0.004631711,0.0065396647,0.005696786,0.005696786,0.005696786,0.005696786,0.004631711,0.006103693,0.0065396647,0.007507254,0.007507254,0.007507254,0.004631711,0.004962543,0.005317005,0.007006777,0.007507254,0.007507254,0.004631711,0.007006777,0.007507254,0.007507254,0.0065396647,0,0
0.006161996,0.007073707,0.0075789643,0.0075789643,0.004675954,0.007073707,0.0066021327,0.0066021327,0.0075789643,0.004675954,0.007073707,0.006161996,0.004675954,0.004675954,0.0053677936,0.0075789643,0.006161996,0.005009946,0.0075789643,0.0057512023,0.0075789643,0.007073707,0.005009946,0.005009946,0.004675954,0.0075789643,0.0053677936,0.004675954,0.004675954,0.0075789643,0.0075789643,0.0057512023,0.0075789643,0.006161996,0.004675954,0.0066021327,0.006161996,0.006161996,0.004675954,0.0075789643,0.0075789643,0.0066021327,0.007073707,0.007073707,0.004675954,0.0075789643,0.007073707,0.0066021327,0.0075789643,0.0075789643,0.0075789643,0.0066021327,0.0053677936,0.006161996,0.0053677936,0.0075789643,0.006161996,0.0075789643,0.0075789643,0.0075789643,0.0075789643,0.0057512023,0.005009946,0.0053677936,0.0075789643,0.005009946,0.006161996,0.005009946,0.0057512023,0.007073707,0.0075789643,0.0075789643,0.004675954,0.005009946,0.004675954,0.0075789643,0.0053677936,0.0053677936,0.0057512023,0.006161996,0.0057512023,0.005009946,0.004675954,0.004675954,0.0053677936,0.0075789643,0.0066021327,0.0075789643,0.0053677936,0.0075789643,0.0075789643,0.0066021327,0.0075789643,0.004675954,0.0075789643,0.0075789643,0.0066021327,0.004675954,0.004675954,0.004675954,0.006161996,0.0066021327,0.0075789643,0.006161996,0.007073707,0.004675954,0.0053677936,0.0053677936,0.004675954,0.007073707,0.0066021327,0.0075789643,0.005009946,0.007073707,0.005009946,0.0075789643,0.0053677936,0.004675954,0.0057512023,0.004675954,0.0066021327,0.006161996,0.0075789643,0.0075789643,0.0066021327,0.0075789643,0.007073707,0.0053677936,0.006161996,0.006161996,0.0075789643,0.0053677936,0.006161996,0.0066021327,0.007073707,0.0075789643,0.005009946,0.004675954,0.0057512023,0.0053677936,0.006161996,0.0066021327,0.004675954,0.004675954,0.0066021327,0.0075789643,0.0075789643,0.0075789643,0.0075789643,0.004675954,0.0075789643,0.0053677936,0.006161996,0.006161996,0.006161996,0.0075789643,0.0057512023,0.006161996,0.0053677936,0.004675954,2,0
0.004887806,0.0052369297,0.004887806,0.007922342,0.004887806,0.004887806,0.004887806,0.007394193,0.007922342,0.007922342,0.0069012535,0.0060117706,0.004887806,0.007922342,0.007922342,0.005610991,0.006441176,0.005610991,0.007922342,0.004887806,0.0060117706,0.007394193,0.0052369297,0.006441176,0.005610991,0.007394193,0.0069012535,0.006441176,0.0060117706,0.0069012535,0.007922342,0.005610991,0.004887806,0.004887806,0.007922342,0.0060117706,0.006441176,0.004887806,0.006441176,0.005610991,0.004887806,0.0069012535,0.0069012535,0.005610991,0.007922342,0.004887806,0.0052369297,0.004887806,0.007922342,0.0060117706,0.0060117706,0.0060117706,0.0060117706,0.007922342,0.006441176,0.004887806,0.005610991,0.0052369297,0.0069012535,0.0052369297,0.007922342,0.005610991,0.0060117706,0.005610991,0.0060117706,0.0060117706,0.006441176,0.004887806,0.007922342,0.0052369297,0.0060117706,0.0052369297,0.005610991,0.0052369297,0.007922342,0.004887806,0.0052369297,0.0052369297,0.007922342,0.0052369297,0.004887806,0.0060117706,0.007922342,0.007922342,0.007922342,0.0052369297,0.005610991,0.0060117706,0.007394193,0.007394193,0.0060117706,0.006441176,0.0052369297,0.007922342,0.007922342,0.005610991,0.004887806,0.0069012535,0.0060117706,0.007922342,0.0069012535,0.006441176,0.004887806,0.0052369297,0.006441176,0.004887806,0.005610991,0.004887806,0.007922342,0.007922342,0.0069012535,0.007394193,0.0052369297,0.007394193,0.0069012535,0.0060117706,0.0069012535,0.0052369297,0.0060117706,0.004887806,0.0052369297,0.0052369297,0.0052369297,0.007922342,0.0060117706,0.004887806,0.007922342,0.006441176,0.007922342,0.007922342,0.0069012535,0.005610991,0.007394193,0.007394193,0.0060117706,0.006441176,0.004887806,0.0052369297,0.006441176,0.006441176,0.0052369297,0.0060117706,0.0069012535,0.007394193,0.005610991,0.0052369297,0.007922342,0.007922342,0.007922342,0.007922342,0.005610991,0.005610991,0.006441176,0.0069012535,0.004887806,0.006441176,0.0052369297,0.005610991,0.0060117706,0.004887806,3,3
0.007960678,0.007960678,0.0060408614,0.007960678,0.0049114577,0.005262271,0.0049114577,0.007429973,0.007429973,0.007960678,0.0060408614,0.005262271,0.0049114577,0.007960678,0.0064723445,0.005638142,0.0064723445,0.005262271,0.007960678,0.0049114577,0.0064723445,0.007429973,0.0064723445,0.0069346484,0.005262271,0.0049114577,0.005638142,0.0064723445,0.007429973,0.0049114577,0.007429973,0.0064723445,0.005638142,0.007429973,0.007960678,0.0060408614,0.0064723445,0.0049114577,0.007429973,0.0064723445,0.0049114577,0.0060408614,0.0069346484,0.0060408614,0.007960678,0.007429973,0.0060408614,0.0049114577,0.007960678,0.007429973,0.0069346484,0.0060408614,0.0049114577,0.007960678,0.0064723445,0.005262271,0.0060408614,0.0049114577,0.007960678,0.005638142,0.0060408614,0.005262271,0.0060408614,0.0060408614,0.0069346484,0.005262271,0.0064723445,0.0049114577,0.007960678,0.0049114577,0.0069346484,0.005262271,0.005638142,0.0049114577,0.007960678,0.0049114577,0.005262271,0.0049114577,0.007960678,0.0049114577,0.0049114577,0.0049114577,0.007960678,0.007960678,0.0064723445,0.005262271,0.005262271,0.007960678,0.007429973,0.0064723445,0.0060408614,0.005262271,0.0049114577,0.0049114577,0.005638142,0.005262271,0.0049114577,0.0064723445,0.007429973,0.007960678,0.0064723445,0.0064723445,0.0049114577,0.0060408614,0.0060408614,0.005262271,0.0060408614,0.0049114577,0.007960678,0.005638142,0.005262271,0.0060408614,0.005262271,0.007960678,0.0060408614,0.0069346484,0.0064723445,0.005262271,0.0064723445,0.0049114577,0.0049114577,0.005262271,0.005638142,0.007960678,0.0060408614,0.0049114577,0.007960678,0.0069346484,0.007960678,0.007429973,0.0060408614,0.005638142,0.0064723445,0.007429973,0.0049114577,0.0060408614,0.0049114577,0.0069346484,0.0064723445,0.0060408614,0.0060408614,0.0060408614,0.0064723445,0.007429973,0.007429973,0.005638142,0.005638142,0.007960678,0.007960678,0.007960678,0.005262271,0.005638142,0.0069346484,0.007429973,0.005638142,0.005262271,0.005262271,0.005262271,0.0069346484,0.0049114577,0,3
0.006861951,0.007877225,0.0048599704,0.0059775338,0.0059775338,0.006404494,0.007877225,0.0059775338,0.007877225,0.007877225,0.007877225,0.006861951,0.0055790367,0.005207106,0.0055790367,0.007877225,0.006861951,0.0048599704,0.007877225,0.005207106,0.007877225,0.007352084,0.0059775338,0.005207106,0.006404494,0.007877225,0.0055790367,0.0048599704,0.0048599704,0.007352084,0.007877225,0.0055790367,0.0048599704,0.006404494,0.007877225,0.006861951,0.0055790367,0.0059775338,0.0048599704,0.006861951,0.0048599704,0.006404494,0.006861951,0.0048599704,0.007877225,0.0059775338,0.0059775338,0.0048599704,0.0048599704,0.007352084,0.007352084,0.0059775338,0.005207106,0.0048599704,0.006404494,0.0048599704,0.006404494,0.0055790367,0.0048599704,0.005207106,0.006861951,0.005207106,0.0059775338,0.0048599704,0.006404494,0.005207106,0.0059775338,0.0059775338,0.0055790367,0.006404494,0.007352084,0.007877225,0.005207106,0.0055790367,0.005207106,0.006404494,0.0055790367,0.0048599704,0.006404494,0.007352084,0.0055790367,0.0055790367,0.0048599704,0.0055790367,0.005207106,0.0048599704,0.0048599704,0.005207106,0.007352084,0.0059775338,0.0059775338,0.006861951,0.0048599704,0.007877225,0.007877225,0.006861951,0.0048599704,0.0055790367,0.0059775338,0.007877225,0.007352084,0.006404494,0.006404494,0.0048599704,0.007352084,0.007877225,0.007352084,0.006404494,0.0048599704,0.007877225,0.007877225,0.007877225,0.006404494,0.0055790367,0.0059775338,0.007352084,0.006861951,0.0048599704,0.006404494,0.005207106,0.007877225,0.005207106,0.0048599704,0.0048599704,0.0055790367,0.0059775338,0.007352084,0.0055790367,0.007877225,0.005207106,0.007877225,0.0055790367,0.007352084,0.006861951,0.007352084,0.007352084,0.005207106,0.0048599704,0.005207106,0.007877225,0.0059775338,0.006404494,0.0055790367,0.007877225,0.0059775338,0.006861951,0.007877225,0.006861951,0.007877225,0.005207106,0.005207106,0.0055790367,0.006861951,0.007352084,0.007877225,0.007877225,0.006404494,0.0048599704,0.0055790367,0.0048599704,1,0
0.00485605,0.0052029053,0.007870871,0.007870871,0.00485605,0.0052029053,0.007346153,0.006856416,0.007346153,0.007870871,0.005574536,0.005972712,0.006856416,0.00485605,0.007870871,0.0063993274,0.0063993274,0.006856416,0.007870871,0.00485605,0.0063993274,0.007346153,0.005972712,0.005972712,0.00485605,0.005972712,0.0063993274,0.0063993274,0.005972712,0.0052029053,0.007870871,0.0063993274,0.007346153,0.006856416,0.007870871,0.0052029053,0.0052029053,0.006856416,0.00485605,0.005574536,0.005574536,0.007346153,0.007870871,0.005972712,0.007870871,0.0052029053,0.0052029053,0.007870871,0.0052029053,0.006856416,0.005574536,0.0052029053,0.006856416,0.00485605,0.0063993274,0.00485605,0.00485605,0.007870871,0.0063993274,0.007346153,0.0063993274,0.0052029053,0.007346153,0.00485605,0.007870871,0.005574536,0.005972712,0.0052029053,0.0052029053,0.005574536,0.00485605,0.0063993274,0.005574536,0.005574536,0.007870871,0.00485605,0.0052029053,0.006856416,0.0052029053,0.00485605,0.00485605,0.00485605,0.007346153,0.007870871,0.007870871,0.00485605,0.005574536,0.007870871,0.007346153,0.005972712,0.007346153,0.006856416,0.007870871,0.00485605,0.007870871,0.00485605,0.00485605,0.007870871,0.005972712,0.007346153,0.005972712,0.005972712,0.007346153,0.005574536,0.007346153,0.005972712,0.005574536,0.007870871,0.0052029053,0.007870871,0.0052029053,0.005972712,0.005972712,0.005574536,0.007346153,0.00485605,0.005972712,0.007870871,0.005574536,0.00485605,0.0052029053,0.0052029053,0.007870871,0.007870871,0.005574536,0.005574536,0.007870871,0.006856416,0.007870871,0.006856416,0.0063993274,0.005574536,0.007346153,0.007346153,0.005574536,0.005972712,0.0052029053,0.00485605,0.006856416,0.005574536,0.005972712,0.005574536,0.0063993274,0.005574536,0.005574536,0.0052029053,0.007870871,0.007870871,0.007870871,0.007346153,0.0052029053,0.005574536,0.006856416,0.007346153,0.00485605,0.005972712,0.005574536,0.006856416,0.0052029053,0.00485605,2,2
0.0061594285,0.0075758058,0.0075758058,0.0075758058,0.0046740053,0.0057488056,0.0075758058,0.0061594285,0.006599381,0.0075758058,0.0061594285,0.0057488056,0.0046740053,0.0046740053,0.0061594285,0.0075758058,0.0061594285,0.0053655566,0.007070759,0.0053655566,0.0075758058,0.006599381,0.0046740053,0.005007858,0.0046740053,0.0075758058,0.007070759,0.0053655566,0.0057488056,0.007070759,0.006599381,0.0053655566,0.0057488056,0.0053655566,0.0075758058,0.0061594285,0.0057488056,0.0075758058,0.005007858,0.006599381,0.0046740053,0.0061594285,0.0075758058,0.0057488056,0.0075758058,0.007070759,0.0061594285,0.0075758058,0.0075758058,0.0053655566,0.0053655566,0.0075758058,0.0053655566,0.0075758058,0.0046740053,0.0075758058,0.0061594285,0.0075758058,0.0075758058,0.0075758058,0.0075758058,0.0061594285,0.0053655566,0.005007858,0.0075758058,0.0057488056,0.0053655566,0.005007858,0.0057488056,0.007070759,0.007070759,0.007070759,0.0053655566,0.0053655566,0.0061594285,0.0075758058,0.0061594285,0.0075758058,0.006599381,0.006599381,0.0046740053,0.0057488056,0.0075758058,0.0075758058,0.006599381,0.0053655566,0.005007858,0.0053655566,0.0046740053,0.0075758058,0.007070759,0.006599381,0.0075758058,0.0046740053,0.0075758058,0.0053655566,0.0057488056,0.005007858,0.006599381,0.006599381,0.006599381,0.007070759,0.0061594285,0.005007858,0.007070759,0.0075758058,0.007070759,0.0046740053,0.0046740053,0.007070759,0.006599381,0.0075758058,0.0046740053,0.006599381,0.006599381,0.0046740053,0.006599381,0.0075758058,0.007070759,0.005007858,0.0046740053,0.0057488056,0.0075758058,0.0075758058,0.005007858,0.0053655566,0.007070759,0.006599381,0.0075758058,0.0061594285,0.0057488056,0.006599381,0.0061594285,0.007070759,0.005007858,0.0057488056,0.0053655566,0.0046740053,0.0061594285,0.0053655566,0.0057488056,0.006599381,0.0046740053,0.0046740053,0.0075758058,0.0046740053,0.0075758058,0.0075758058,0.0075758058,0.005007858,0.0046740053,0.0053655566,0.006599381,0.007070759,0.0061594285,0.0075758058,0.0061594285,0.0061594285,0.0057488056,0.0046740053,1,1
0.007444255,0.007444255,0.007444255,0.007444255,0.004592843,0.006947978,0.007444255,0.0064847856,0.006947978,0.004592843,0.007444255,0.0064847856,0.004592843,0.004592843,0.004592843,0.006052472,0.006052472,0.006052472,0.007444255,0.006052472,0.006947978,0.006947978,0.00564898,0.00564898,0.004592843,0.0064847856,0.005272386,0.006052472,0.006052472,0.005272386,0.0064847856,0.00564898,0.007444255,0.006052472,0.004592843,0.006947978,0.005272386,0.006052472,0.004592843,0.006947978,0.004592843,0.006947978,0.005272386,0.006052472,0.007444255,0.006947978,0.0064847856,0.007444255,0.007444255,0.006947978,0.005272386,0.007444255,0.007444255,0.007444255,0.004592843,0.007444255,0.0064847856,0.007444255,0.007444255,0.00564898,0.007444255,0.0049208985,0.004592843,0.004592843,0.007444255,0.006052472,0.006052472,0.0049208985,0.00564898,0.006052472,0.006052472,0.007444255,0.004592843,0.005272386,0.004592843,0.007444255,0.006052472,0.007444255,0.007444255,0.007444255,0.007444255,0.004592843,0.004592843,0.004592843,0.004592843,0.007444255,0.007444255,0.007444255,0.00564898,0.007444255,0.007444255,0.0064847856,0.007444255,0.004592843,0.007444255,0.007444255,0.007444255,0.004592843,0.006052472,0.0049208985,0.006052472,0.007444255,0.0064847856,0.005272386,0.006052472,0.004592843,0.00564898,0.005272386,0.004592843,0.0064847856,0.006947978,0.007444255,0.005272386,0.007444255,0.006052472,0.004592843,0.0064847856,0.007444255,0.0064847856,0.0064847856,0.007444255,0.006052472,0.007444255,0.007444255,0.007444255,0.007444255,0.006052472,0.004592843,0.004592843,0.0064847856,0.007444255,0.005272386,0.006052472,0.0064847856,0.007444255,0.0064847856,0.005272386,0.004592843,0.006052472,0.006052472,0.005272386,0.0064847856,0.00564898,0.004592843,0.0064847856,0.0064847856,0.007444255,0.007444255,0.007444255,0.004592843,0.0049208985,0.005272386,0.006947978,0.007444255,0.0064847856,0.004592843,0.007444255,0.007444255,0.007444255,0.007444255,0,1
0.0075775655,0.0075775655,0.0075775655,0.0075775655,0.005366803,0.0075775655,0.0075775655,0.0070724012,0.0075775655,0.0075775655,0.0075775655,0.006600914,0.004675091,0.004675091,0.005366803,0.006600914,0.006160859,0.006160859,0.0075775655,0.005366803,0.005750141,0.0070724012,0.006160859,0.006160859,0.004675091,0.004675091,0.005366803,0.006160859,0.006600914,0.004675091,0.004675091,0.005750141,0.0075775655,0.006600914,0.004675091,0.006600914,0.006160859,0.005750141,0.004675091,0.0070724012,0.004675091,0.0075775655,0.0075775655,0.0075775655,0.0070724012,0.0075775655,0.006600914,0.0075775655,0.0075775655,0.006600914,0.005366803,0.0075775655,0.0075775655,0.0075775655,0.004675091,0.0075775655,0.006600914,0.0075775655,0.0075775655,0.005750141,0.004675091,0.006600914,0.005009021,0.004675091,0.005366803,0.005009021,0.006160859,0.004675091,0.005366803,0.005366803,0.004675091,0.0075775655,0.004675091,0.005009021,0.004675091,0.0075775655,0.006160859,0.0075775655,0.0075775655,0.0070724012,0.0075775655,0.0070724012,0.004675091,0.004675091,0.006160859,0.004675091,0.0075775655,0.0075775655,0.005750141,0.004675091,0.0070724012,0.006600914,0.0075775655,0.004675091,0.0075775655,0.0075775655,0.0075775655,0.004675091,0.006160859,0.004675091,0.005009021,0.0075775655,0.006600914,0.005009021,0.004675091,0.004675091,0.006160859,0.006160859,0.004675091,0.004675091,0.0075775655,0.0075775655,0.005009021,0.0075775655,0.006160859,0.004675091,0.006600914,0.0075775655,0.0075775655,0.005366803,0.0075775655,0.006600914,0.0075775655,0.0075775655,0.006600914,0.0075775655,0.0070724012,0.004675091,0.004675091,0.006160859,0.006600914,0.005366803,0.006160859,0.0070724012,0.005009021,0.005366803,0.005009021,0.004675091,0.006600914,0.005366803,0.005750141,0.006600914,0.005750141,0.004675091,0.0070724012,0.005366803,0.0075775655,0.0075775655,0.0075775655,0.004675091,0.004675091,0.005366803,0.0075775655,0.0075775655,0.006160859,0.004675091,0.0075775655,0.0075775655,0.0075775655,0.005366803,0,1
0.006963212,0.007460577,0.007460577,0.007460577,0.0046029133,0.006963212,0.007460577,0.0064990036,0.007460577,0.0046029133,0.007460577,0.0064990036,0.0046029133,0.0046029133,0.0046029133,0.007460577,0.0060657426,0.005283946,0.007460577,0.0056613656,0.007460577,0.006963212,0.0046029133,0.004931688,0.004931688,0.007460577,0.005283946,0.004931688,0.0046029133,0.006963212,0.007460577,0.0056613656,0.007460577,0.0056613656,0.0046029133,0.007460577,0.0056613656,0.0056613656,0.0046029133,0.007460577,0.0046029133,0.006963212,0.0064990036,0.0064990036,0.007460577,0.007460577,0.006963212,0.007460577,0.007460577,0.007460577,0.007460577,0.007460577,0.0060657426,0.007460577,0.0064990036,0.007460577,0.0064990036,0.007460577,0.007460577,0.0060657426,0.007460577,0.004931688,0.0046029133,0.004931688,0.007460577,0.0060657426,0.0060657426,0.004931688,0.0056613656,0.0060657426,0.0064990036,0.007460577,0.0046029133,0.005283946,0.0046029133,0.007460577,0.005283946,0.006963212,0.006963212,0.0064990036,0.007460577,0.004931688,0.0046029133,0.0046029133,0.0046029133,0.006963212,0.0060657426,0.007460577,0.0056613656,0.007460577,0.007460577,0.0064990036,0.007460577,0.0046029133,0.007460577,0.007460577,0.007460577,0.0046029133,0.005283946,0.0046029133,0.0056613656,0.0064990036,0.006963212,0.0060657426,0.0060657426,0.0046029133,0.005283946,0.005283946,0.0046029133,0.006963212,0.007460577,0.007460577,0.005283946,0.007460577,0.006963212,0.004931688,0.006963212,0.007460577,0.007460577,0.0056613656,0.007460577,0.0064990036,0.007460577,0.007460577,0.0064990036,0.0064990036,0.0064990036,0.005283946,0.0060657426,0.0060657426,0.007460577,0.005283946,0.005283946,0.005283946,0.007460577,0.007460577,0.004931688,0.0046029133,0.0056613656,0.005283946,0.006963212,0.0064990036,0.004931688,0.0046029133,0.0056613656,0.0064990036,0.007460577,0.007460577,0.007460577,0.0046029133,0.005283946,0.005283946,0.007460577,0.007460577,0.0064990036,0.0046029133,0.0056613656,0.0060657426,0.005283946,0.006963212,1,1
0.0053122705,0.0053122705,0.008036316,0.008036316,0.004958124,0.0053122705,0.0070005376,0.0070005376,0.0075005693,0.008036316,0.0056917127,0.0053122705,0.0053122705,0.0060982583,0.0060982583,0.0065338416,0.0053122705,0.0070005376,0.008036316,0.004958124,0.0060982583,0.0060982583,0.0056917127,0.0053122705,0.004958124,0.004958124,0.0056917127,0.0065338416,0.0053122705,0.004958124,0.0075005693,0.0056917127,0.0056917127,0.0075005693,0.0065338416,0.0053122705,0.0053122705,0.008036316,0.004958124,0.0056917127,0.004958124,0.0075005693,0.0075005693,0.004958124,0.008036316,0.0060982583,0.004958124,0.008036316,0.0056917127,0.0065338416,0.0056917127,0.004958124,0.0070005376,0.0053122705,0.0056917127,0.0053122705,0.004958124,0.008036316,0.0060982583,0.0056917127,0.004958124,0.0060982583,0.0075005693,0.004958124,0.0065338416,0.0065338416,0.0056917127,0.0053122705,0.004958124,0.0056917127,0.0056917127,0.0053122705,0.0056917127,0.0056917127,0.0070005376,0.0056917127,0.0053122705,0.008036316,0.0075005693,0.0060982583,0.008036316,0.0053122705,0.008036316,0.008036316,0.0065338416,0.0053122705,0.004958124,0.008036316,0.008036316,0.004958124,0.0075005693,0.004958124,0.008036316,0.004958124,0.008036316,0.004958124,0.004958124,0.008036316,0.0065338416,0.0075005693,0.0053122705,0.0060982583,0.0075005693,0.0053122705,0.0070005376,0.004958124,0.0056917127,0.0075005693,0.0056917127,0.008036316,0.004958124,0.004958124,0.0075005693,0.0056917127,0.0070005376,0.0070005376,0.0070005376,0.0056917127,0.004958124,0.0056917127,0.0053122705,0.0053122705,0.008036316,0.008036316,0.0053122705,0.0056917127,0.0075005693,0.0070005376,0.008036316,0.0065338416,0.0053122705,0.0056917127,0.0075005693,0.0075005693,0.0053122705,0.0056917127,0.0053122705,0.0053122705,0.008036316,0.0056917127,0.0053122705,0.0060982583,0.0075005693,0.0053122705,0.0060982583,0.004958124,0.008036316,0.008036316,0.008036316,0.0065338416,0.0053122705,0.0056917127,0.0075005693,0.008036316,0.004958124,0.0060982583,0.0056917127,0.0065338416,0.0065338416,0.0053122705,2,2
0.0063588354,0.0063588354,0.007821067,0.007821067,0.004825323,0.005169984,0.0063588354,0.0068130316,0.0072996696,0.007821067,0.005934919,0.005934919,0.005934919,0.0055392627,0.0068130316,0.004825323,0.0063588354,0.0063588354,0.0072996696,0.0055392627,0.0068130316,0.0072996696,0.005934919,0.0068130316,0.004825323,0.004825323,0.0055392627,0.0063588354,0.0063588354,0.004825323,0.005169984,0.0055392627,0.0068130316,0.0072996696,0.007821067,0.004825323,0.004825323,0.0072996696,0.004825323,0.0055392627,0.005169984,0.0068130316,0.007821067,0.005934919,0.007821067,0.004825323,0.004825323,0.007821067,0.004825323,0.0068130316,0.0055392627,0.004825323,0.007821067,0.005169984,0.0055392627,0.004825323,0.0055392627,0.007821067,0.0063588354,0.0055392627,0.0072996696,0.005169984,0.0072996696,0.005169984,0.007821067,0.005169984,0.0055392627,0.005169984,0.0055392627,0.0063588354,0.005934919,0.0055392627,0.0055392627,0.004825323,0.007821067,0.0055392627,0.005169984,0.007821067,0.0055392627,0.004825323,0.0068130316,0.0055392627,0.007821067,0.007821067,0.007821067,0.004825323,0.005934919,0.007821067,0.007821067,0.005934919,0.0068130316,0.005934919,0.007821067,0.004825323,0.007821067,0.004825323,0.004825323,0.0072996696,0.0063588354,0.0072996696,0.007821067,0.007821067,0.0068130316,0.005169984,0.0063588354,0.0055392627,0.0055392627,0.007821067,0.005169984,0.007821067,0.005169984,0.005169984,0.0072996696,0.007821067,0.0063588354,0.005934919,0.0068130316,0.007821067,0.0055392627,0.004825323,0.005169984,0.005169984,0.007821067,0.007821067,0.0055392627,0.0063588354,0.0068130316,0.0063588354,0.0072996696,0.0068130316,0.004825323,0.0055392627,0.0072996696,0.0072996696,0.005169984,0.005934919,0.005934919,0.0068130316,0.007821067,0.0055392627,0.0068130316,0.005934919,0.0063588354,0.0055392627,0.005934919,0.005169984,0.007821067,0.007821067,0.007821067,0.004825323,0.004825323,0.0055392627,0.0068130316,0.0072996696,0.004825323,0.0072996696,0.005934919,0.0068130316,0.0063588354,0.004825323,2,2
0.0071753585,0.006697008,0.007687877,0.005444931,0.004743149,0.006697008,0.007687877,0.006697008,0.007687877,0.006697008,0.0071753585,0.006697008,0.005444931,0.006250547,0.005444931,0.007687877,0.0071753585,0.005444931,0.007687877,0.005444931,0.007687877,0.0071753585,0.0058338493,0.0050819404,0.004743149,0.007687877,0.005444931,0.0050819404,0.004743149,0.007687877,0.007687877,0.005444931,0.004743149,0.006697008,0.007687877,0.006250547,0.006250547,0.006250547,0.005444931,0.007687877,0.004743149,0.006250547,0.006697008,0.0050819404,0.007687877,0.006250547,0.005444931,0.004743149,0.004743149,0.006697008,0.006697008,0.0058338493,0.0050819404,0.004743149,0.006697008,0.004743149,0.006250547,0.006697008,0.004743149,0.004743149,0.007687877,0.006250547,0.005444931,0.006697008,0.007687877,0.0050819404,0.006250547,0.005444931,0.006250547,0.007687877,0.007687877,0.007687877,0.005444931,0.005444931,0.004743149,0.006697008,0.006250547,0.004743149,0.006697008,0.0050819404,0.0058338493,0.006250547,0.007687877,0.007687877,0.006697008,0.004743149,0.004743149,0.0050819404,0.006697008,0.0058338493,0.0058338493,0.006697008,0.004743149,0.007687877,0.007687877,0.006697008,0.004743149,0.005444931,0.004743149,0.007687877,0.0071753585,0.006250547,0.0071753585,0.005444931,0.0071753585,0.007687877,0.005444931,0.004743149,0.007687877,0.006697008,0.007687877,0.007687877,0.006250547,0.004743149,0.006250547,0.007687877,0.006697008,0.004743149,0.005444931,0.004743149,0.007687877,0.0050819404,0.0050819404,0.0058338493,0.006697008,0.007687877,0.007687877,0.005444931,0.005444931,0.0058338493,0.007687877,0.005444931,0.006697008,0.006250547,0.0071753585,0.006697008,0.0058338493,0.007687877,0.006250547,0.006697008,0.0071753585,0.006697008,0.0058338493,0.005444931,0.005444931,0.007687877,0.007687877,0.005444931,0.007687877,0.004743149,0.0058338493,0.005444931,0.0050819404,0.0071753585,0.007687877,0.007687877,0.006250547,0.004743149,0.005444931,0.004743149,2,0
0.006662199,0.006662199,0.0081941895,0.0081941895,0.0058035264,0.00541663,0.0050555263,0.0050555263,0.0050555263,0.0081941895,0.007138063,0.0058035264,0.0050555263,0.00541663,0.0081941895,0.0058035264,0.00541663,0.007138063,0.007138063,0.0058035264,0.0058035264,0.0062180585,0.006662199,0.0058035264,0.0058035264,0.007138063,0.0058035264,0.006662199,0.0050555263,0.0081941895,0.0081941895,0.0058035264,0.0050555263,0.007138063,0.0081941895,0.00541663,0.006662199,0.0058035264,0.00541663,0.007138063,0.00541663,0.0062180585,0.0081941895,0.0062180585,0.0081941895,0.006662199,0.0062180585,0.0050555263,0.0050555263,0.0076479176,0.006662199,0.0050555263,0.006662199,0.0050555263,0.0081941895,0.0050555263,0.007138063,0.0050555263,0.0050555263,0.007138063,0.0081941895,0.0062180585,0.0058035264,0.0058035264,0.0081941895,0.0062180585,0.0062180585,0.0062180585,0.0050555263,0.0050555263,0.0050555263,0.0050555263,0.0050555263,0.00541663,0.0081941895,0.0050555263,0.006662199,0.0050555263,0.0050555263,0.0050555263,0.0050555263,0.006662199,0.006662199,0.0081941895,0.0081941895,0.0050555263,0.0050555263,0.0050555263,0.006662199,0.0062180585,0.0062180585,0.007138063,0.0050555263,0.0081941895,0.0081941895,0.0062180585,0.0050555263,0.0050555263,0.0058035264,0.007138063,0.0058035264,0.006662199,0.0076479176,0.0050555263,0.0081941895,0.0076479176,0.007138063,0.0050555263,0.0050555263,0.0081941895,0.006662199,0.0058035264,0.006662199,0.0081941895,0.0081941895,0.00541663,0.006662199,0.0050555263,0.00541663,0.0050555263,0.0050555263,0.0058035264,0.0050555263,0.0050555263,0.0058035264,0.0050555263,0.00541663,0.0058035264,0.00541663,0.0050555263,0.00541663,0.0062180585,0.0076479176,0.006662199,0.0081941895,0.007138063,0.00541663,0.007138063,0.006662199,0.0081941895,0.0050555263,0.0058035264,0.0076479176,0.007138063,0.007138063,0.0050555263,0.0050555263,0.0050555263,0.0050555263,0.0081941895,0.00541663,0.0058035264,0.0050555263,0.0058035264,0.006662199,0.0076479176,0.0062180585,0.0050555263,0.0050555263,0.0076479176,2,4
0.0076514473,0.0058062053,0.0076514473,0.0076514473,0.0047206734,0.0071413578,0.006220928,0.0066652736,0.0076514473,0.0076514473,0.006220928,0.0058062053,0.0047206734,0.0047206734,0.0058062053,0.0076514473,0.006220928,0.0054191295,0.0076514473,0.0058062053,0.0076514473,0.0071413578,0.0054191295,0.0050578592,0.0047206734,0.0071413578,0.0054191295,0.0058062053,0.0050578592,0.0076514473,0.0076514473,0.0054191295,0.0076514473,0.0058062053,0.0047206734,0.0076514473,0.006220928,0.0071413578,0.0054191295,0.0076514473,0.0054191295,0.0076514473,0.0071413578,0.0076514473,0.0066652736,0.0071413578,0.0050578592,0.0054191295,0.0047206734,0.006220928,0.0076514473,0.0076514473,0.0054191295,0.0076514473,0.0071413578,0.0076514473,0.0058062053,0.0050578592,0.006220928,0.0071413578,0.0076514473,0.0050578592,0.0047206734,0.0050578592,0.0076514473,0.006220928,0.006220928,0.0050578592,0.0058062053,0.006220928,0.0066652736,0.0076514473,0.0050578592,0.0050578592,0.0047206734,0.0076514473,0.0054191295,0.0050578592,0.0050578592,0.0058062053,0.0076514473,0.0047206734,0.0047206734,0.0047206734,0.0047206734,0.0076514473,0.0071413578,0.0076514473,0.0058062053,0.0076514473,0.0076514473,0.0066652736,0.0076514473,0.0047206734,0.0076514473,0.0076514473,0.0066652736,0.0047206734,0.0047206734,0.0047206734,0.0058062053,0.0066652736,0.0058062053,0.006220928,0.0071413578,0.0047206734,0.0054191295,0.0050578592,0.0047206734,0.0076514473,0.0076514473,0.0076514473,0.0047206734,0.0071413578,0.006220928,0.0071413578,0.0058062053,0.0050578592,0.0050578592,0.0047206734,0.0076514473,0.0066652736,0.006220928,0.0047206734,0.0076514473,0.0076514473,0.0054191295,0.0047206734,0.0047206734,0.0071413578,0.0076514473,0.0054191295,0.006220928,0.0066652736,0.0076514473,0.0066652736,0.0050578592,0.0047206734,0.0071413578,0.006220928,0.0076514473,0.0066652736,0.0050578592,0.0050578592,0.0054191295,0.0076514473,0.0076514473,0.0076514473,0.0050578592,0.0047206734,0.0066652736,0.0054191295,0.0047206734,0.0066652736,0.0076514473,0.0047206734,0.0054191295,0.006220928,0.0071413578,0.0076514473,0,0
0.00654903,0.0070168115,0.007518005,0.007518005,0.004638344,0.0070168115,0.0070168115,0.00654903,0.007518005,0.004638344,0.007518005,0.006112434,0.004638344,0.004638344,0.004638344,0.007518005,0.006112434,0.0053246194,0.007518005,0.0057049445,0.0070168115,0.0070168115,0.0053246194,0.00496965,0.0053246194,0.007518005,0.0053246194,0.00496965,0.004638344,0.007518005,0.007518005,0.0057049445,0.007518005,0.0057049445,0.004638344,0.00654903,0.0053246194,0.00654903,0.004638344,0.007518005,0.00654903,0.0070168115,0.007518005,0.007518005,0.004638344,0.0070168115,0.006112434,0.007518005,0.007518005,0.007518005,0.007518005,0.007518005,0.006112434,0.007518005,0.0057049445,0.007518005,0.00654903,0.007518005,0.007518005,0.0057049445,0.007518005,0.0057049445,0.00496965,0.0053246194,0.007518005,0.00496965,0.006112434,0.00496965,0.0057049445,0.0070168115,0.0057049445,0.007518005,0.004638344,0.0053246194,0.0053246194,0.007518005,0.0053246194,0.007518005,0.007518005,0.006112434,0.0057049445,0.00496965,0.004638344,0.004638344,0.0057049445,0.00654903,0.006112434,0.007518005,0.0057049445,0.007518005,0.007518005,0.00654903,0.007518005,0.004638344,0.007518005,0.007518005,0.007518005,0.004638344,0.0053246194,0.004638344,0.006112434,0.00654903,0.007518005,0.006112434,0.00654903,0.004638344,0.0053246194,0.0053246194,0.004638344,0.0070168115,0.0057049445,0.007518005,0.0053246194,0.007518005,0.00496965,0.0057049445,0.00654903,0.007518005,0.007518005,0.004638344,0.007518005,0.00654903,0.007518005,0.007518005,0.00654903,0.006112434,0.00654903,0.0057049445,0.00654903,0.006112434,0.007518005,0.0053246194,0.0053246194,0.006112434,0.00654903,0.006112434,0.00496965,0.0053246194,0.00654903,0.0053246194,0.006112434,0.00654903,0.00496965,0.004638344,0.0057049445,0.00654903,0.007518005,0.007518005,0.007518005,0.004638344,0.00654903,0.0053246194,0.00654903,0.0070168115,0.0053246194,0.00654903,0.0057049445,0.00654903,0.0057049445,0.004638344,2,0
0.004851886,0.0051984447,0.005967591,0.007864122,0.004851886,0.0051984447,0.005967591,0.0073398547,0.0073398547,0.007864122,0.006393841,0.0051984447,0.004851886,0.007864122,0.007864122,0.004851886,0.006393841,0.006393841,0.007864122,0.004851886,0.005967591,0.0073398547,0.005967591,0.0068505374,0.0051984447,0.004851886,0.0055697565,0.006393841,0.0068505374,0.004851886,0.0051984447,0.0055697565,0.006393841,0.0068505374,0.0073398547,0.0055697565,0.006393841,0.004851886,0.006393841,0.0055697565,0.0055697565,0.0073398547,0.006393841,0.0055697565,0.007864122,0.0051984447,0.0055697565,0.0068505374,0.007864122,0.006393841,0.005967591,0.005967591,0.0068505374,0.007864122,0.0055697565,0.0051984447,0.006393841,0.0051984447,0.0068505374,0.0055697565,0.0073398547,0.0051984447,0.006393841,0.006393841,0.0073398547,0.0051984447,0.006393841,0.0051984447,0.007864122,0.006393841,0.006393841,0.0055697565,0.0055697565,0.0051984447,0.007864122,0.004851886,0.0051984447,0.004851886,0.0068505374,0.004851886,0.004851886,0.0051984447,0.007864122,0.007864122,0.007864122,0.004851886,0.004851886,0.0055697565,0.0073398547,0.004851886,0.005967591,0.0068505374,0.004851886,0.0073398547,0.007864122,0.005967591,0.004851886,0.0068505374,0.0068505374,0.0068505374,0.0073398547,0.007864122,0.0051984447,0.0051984447,0.005967591,0.004851886,0.0055697565,0.004851886,0.007864122,0.007864122,0.0068505374,0.0068505374,0.0068505374,0.0073398547,0.006393841,0.005967591,0.0068505374,0.007864122,0.006393841,0.004851886,0.004851886,0.0051984447,0.007864122,0.007864122,0.0055697565,0.005967591,0.0073398547,0.006393841,0.007864122,0.0073398547,0.0055697565,0.0055697565,0.0073398547,0.0073398547,0.004851886,0.0055697565,0.0051984447,0.0051984447,0.0068505374,0.006393841,0.0055697565,0.005967591,0.0068505374,0.0068505374,0.0055697565,0.0051984447,0.007864122,0.007864122,0.007864122,0.007864122,0.006393841,0.0055697565,0.0068505374,0.0073398547,0.004851886,0.0073398547,0.0051984447,0.0055697565,0.006393841,0.004851886,3,3
0.0069434755,0.007439431,0.007439431,0.007439431,0.004589867,0.0069434755,0.006480583,0.0069434755,0.007439431,0.0056453194,0.007439431,0.006480583,0.004589867,0.004589867,0.004589867,0.007439431,0.00604855,0.0049177096,0.007439431,0.0056453194,0.007439431,0.0069434755,0.004589867,0.0049177096,0.004589867,0.007439431,0.005268969,0.004589867,0.004589867,0.007439431,0.007439431,0.005268969,0.007439431,0.0056453194,0.004589867,0.007439431,0.005268969,0.006480583,0.004589867,0.007439431,0.006480583,0.0069434755,0.007439431,0.007439431,0.004589867,0.007439431,0.00604855,0.007439431,0.007439431,0.007439431,0.007439431,0.007439431,0.00604855,0.007439431,0.00604855,0.007439431,0.006480583,0.007439431,0.007439431,0.0056453194,0.007439431,0.0049177096,0.004589867,0.0049177096,0.007439431,0.00604855,0.00604855,0.0049177096,0.0056453194,0.00604855,0.006480583,0.007439431,0.004589867,0.005268969,0.004589867,0.007439431,0.005268969,0.007439431,0.0069434755,0.007439431,0.007439431,0.0049177096,0.004589867,0.004589867,0.004589867,0.007439431,0.006480583,0.007439431,0.005268969,0.007439431,0.007439431,0.006480583,0.007439431,0.004589867,0.007439431,0.007439431,0.007439431,0.004589867,0.005268969,0.004589867,0.005268969,0.00604855,0.006480583,0.0056453194,0.0069434755,0.004589867,0.005268969,0.005268969,0.004589867,0.0069434755,0.006480583,0.007439431,0.005268969,0.007439431,0.00604855,0.0049177096,0.0069434755,0.007439431,0.007439431,0.0056453194,0.007439431,0.006480583,0.007439431,0.007439431,0.007439431,0.006480583,0.00604855,0.005268969,0.00604855,0.00604855,0.007439431,0.005268969,0.006480583,0.0069434755,0.00604855,0.006480583,0.0049177096,0.005268969,0.006480583,0.0056453194,0.007439431,0.006480583,0.0049177096,0.004589867,0.005268969,0.006480583,0.007439431,0.007439431,0.007439431,0.004589867,0.006480583,0.005268969,0.006480583,0.0069434755,0.0069434755,0.004589867,0.0056453194,0.006480583,0.0056453194,0.0069434755,1,0
0.005941588,0.0063659805,0.0048307446,0.0048307446,0.0063659805,0.0063659805,0.005175793,0.0048307446,0.0048307446,0.005175793,0.0068206866,0.0063659805,0.0048307446,0.007829855,0.007829855,0.0063659805,0.0073078717,0.0048307446,0.0048307446,0.0063659805,0.007829855,0.0073078717,0.005175793,0.0048307446,0.007829855,0.0073078717,0.0055454867,0.0063659805,0.0048307446,0.007829855,0.007829855,0.0055454867,0.0048307446,0.005175793,0.007829855,0.0068206866,0.0063659805,0.005175793,0.0063659805,0.007829855,0.005175793,0.0068206866,0.007829855,0.0068206866,0.007829855,0.007829855,0.0068206866,0.005941588,0.0048307446,0.0063659805,0.0073078717,0.005941588,0.0055454867,0.0048307446,0.007829855,0.0048307446,0.005941588,0.005175793,0.0048307446,0.005175793,0.007829855,0.0063659805,0.005175793,0.005175793,0.007829855,0.0055454867,0.005941588,0.005175793,0.007829855,0.0055454867,0.0068206866,0.005941588,0.0048307446,0.0055454867,0.007829855,0.0073078717,0.0063659805,0.0048307446,0.0048307446,0.005941588,0.0068206866,0.0073078717,0.0048307446,0.0048307446,0.007829855,0.0048307446,0.0048307446,0.0048307446,0.0063659805,0.005941588,0.005941588,0.0068206866,0.0048307446,0.007829855,0.007829855,0.0068206866,0.0048307446,0.005941588,0.0055454867,0.007829855,0.0073078717,0.0063659805,0.0048307446,0.0048307446,0.0063659805,0.007829855,0.0073078717,0.0048307446,0.0048307446,0.007829855,0.007829855,0.007829855,0.0048307446,0.0073078717,0.0073078717,0.0073078717,0.0068206866,0.0048307446,0.0055454867,0.005175793,0.0073078717,0.005941588,0.0048307446,0.0048307446,0.0063659805,0.0068206866,0.007829855,0.0048307446,0.0048307446,0.0063659805,0.007829855,0.005941588,0.0068206866,0.0063659805,0.0068206866,0.007829855,0.005941588,0.0068206866,0.0063659805,0.007829855,0.0068206866,0.0068206866,0.0055454867,0.0063659805,0.0063659805,0.0068206866,0.007829855,0.0073078717,0.007829855,0.007829855,0.0068206866,0.0055454867,0.0048307446,0.005175793,0.007829855,0.007829855,0.0055454867,0.0055454867,0.005175793,0.0048307446,13,4
0.0062024533,0.0066454792,0.0076287244,0.0076287244,0.005042839,0.0071201497,0.0076287244,0.0066454792,0.0071201497,0.005042839,0.0062024533,0.0057889624,0.004706654,0.004706654,0.0057889624,0.0071201497,0.0062024533,0.0057889624,0.0076287244,0.0057889624,0.0071201497,0.0071201497,0.0054030363,0.005042839,0.004706654,0.0076287244,0.0054030363,0.0054030363,0.004706654,0.0062024533,0.0076287244,0.0057889624,0.0076287244,0.0057889624,0.004706654,0.0071201497,0.0054030363,0.0057889624,0.004706654,0.0076287244,0.0057889624,0.0066454792,0.0076287244,0.0076287244,0.004706654,0.0066454792,0.0057889624,0.0076287244,0.0076287244,0.0076287244,0.0057889624,0.0076287244,0.0071201497,0.0076287244,0.004706654,0.0076287244,0.0057889624,0.0076287244,0.0076287244,0.0071201497,0.0076287244,0.0057889624,0.004706654,0.004706654,0.0076287244,0.0057889624,0.0062024533,0.005042839,0.0057889624,0.0057889624,0.0076287244,0.0076287244,0.004706654,0.005042839,0.0057889624,0.0076287244,0.0054030363,0.0071201497,0.0076287244,0.0057889624,0.0076287244,0.004706654,0.004706654,0.004706654,0.004706654,0.0076287244,0.0057889624,0.0076287244,0.0054030363,0.0066454792,0.0076287244,0.0066454792,0.0076287244,0.004706654,0.0076287244,0.0071201497,0.0076287244,0.004706654,0.0062024533,0.004706654,0.0066454792,0.0057889624,0.0066454792,0.0062024533,0.0057889624,0.004706654,0.0057889624,0.0062024533,0.004706654,0.0057889624,0.0071201497,0.0076287244,0.0054030363,0.0076287244,0.0066454792,0.0076287244,0.0062024533,0.005042839,0.0054030363,0.005042839,0.0057889624,0.0057889624,0.0076287244,0.0076287244,0.0054030363,0.0062024533,0.0066454792,0.0057889624,0.0062024533,0.0062024533,0.0071201497,0.0054030363,0.0057889624,0.0062024533,0.0062024533,0.0071201497,0.0057889624,0.004706654,0.0057889624,0.0054030363,0.0054030363,0.0066454792,0.0057889624,0.004706654,0.0057889624,0.005042839,0.0076287244,0.0076287244,0.0076287244,0.004706654,0.0076287244,0.0054030363,0.0062024533,0.0066454792,0.0066454792,0.0071201497,0.0062024533,0.0062024533,0.0057889624,0.005042839,2,0
0.00499366,0.00499366,0.0061419657,0.008093914,0.00499366,0.0053503443,0.00499366,0.0070507117,0.007554327,0.008093914,0.0057325065,0.0053503443,0.00499366,0.008093914,0.008093914,0.00499366,0.0061419657,0.0057325065,0.008093914,0.00499366,0.0053503443,0.007554327,0.0061419657,0.006580671,0.0053503443,0.0057325065,0.0057325065,0.006580671,0.0070507117,0.0053503443,0.0070507117,0.006580671,0.0061419657,0.007554327,0.008093914,0.0057325065,0.006580671,0.00499366,0.008093914,0.0057325065,0.00499366,0.006580671,0.0070507117,0.0057325065,0.008093914,0.00499366,0.0053503443,0.00499366,0.008093914,0.0070507117,0.0057325065,0.0057325065,0.0057325065,0.008093914,0.0061419657,0.00499366,0.0057325065,0.0053503443,0.0070507117,0.0061419657,0.008093914,0.0053503443,0.0053503443,0.006580671,0.0057325065,0.0053503443,0.0061419657,0.00499366,0.008093914,0.0053503443,0.00499366,0.00499366,0.0057325065,0.0057325065,0.008093914,0.0053503443,0.0053503443,0.0061419657,0.008093914,0.0053503443,0.00499366,0.00499366,0.008093914,0.008093914,0.006580671,0.00499366,0.0057325065,0.0070507117,0.0070507117,0.0061419657,0.0061419657,0.0061419657,0.0053503443,0.008093914,0.0057325065,0.0053503443,0.00499366,0.0057325065,0.0070507117,0.008093914,0.0053503443,0.0070507117,0.00499366,0.006580671,0.0070507117,0.00499366,0.0057325065,0.0057325065,0.0070507117,0.006580671,0.00499366,0.00499366,0.0053503443,0.008093914,0.0061419657,0.0057325065,0.0070507117,0.00499366,0.006580671,0.00499366,0.0053503443,0.0053503443,0.0061419657,0.008093914,0.0061419657,0.00499366,0.008093914,0.0070507117,0.008093914,0.007554327,0.0053503443,0.0057325065,0.007554327,0.007554327,0.0053503443,0.0057325065,0.00499366,0.00499366,0.006580671,0.0057325065,0.00499366,0.0057325065,0.0070507117,0.008093914,0.006580671,0.0057325065,0.006580671,0.008093914,0.008093914,0.008093914,0.0061419657,0.0057325065,0.0070507117,0.007554327,0.0053503443,0.0070507117,0.0057325065,0.0053503443,0.0061419657,0.00499366,3,3
0.0065809195,0.0075546126,0.0075546126,0.0075546126,0.0049938485,0.0070509785,0.0065809195,0.0065809195,0.0075546126,0.0065809195,0.0065809195,0.0057327235,0.0046609296,0.0046609296,0.0053505464,0.0075546126,0.006142197,0.0053505464,0.0075546126,0.0057327235,0.0075546126,0.0070509785,0.0049938485,0.0049938485,0.0049938485,0.0070509785,0.0053505464,0.0057327235,0.0046609296,0.0065809195,0.0075546126,0.0053505464,0.0075546126,0.0065809195,0.0046609296,0.0070509785,0.0057327235,0.0070509785,0.0049938485,0.0075546126,0.0057327235,0.0065809195,0.0075546126,0.0075546126,0.0046609296,0.0075546126,0.006142197,0.006142197,0.0065809195,0.0065809195,0.0075546126,0.0070509785,0.0057327235,0.0075546126,0.0053505464,0.0075546126,0.0057327235,0.0075546126,0.0075546126,0.0070509785,0.0075546126,0.0057327235,0.0046609296,0.0053505464,0.0075546126,0.006142197,0.006142197,0.0049938485,0.0057327235,0.0057327235,0.0070509785,0.0075546126,0.0046609296,0.0049938485,0.0046609296,0.0075546126,0.0053505464,0.0053505464,0.0057327235,0.0057327235,0.0065809195,0.0049938485,0.0046609296,0.0046609296,0.0046609296,0.0075546126,0.0070509785,0.0075546126,0.0057327235,0.0075546126,0.0070509785,0.0065809195,0.0075546126,0.0046609296,0.0075546126,0.0075546126,0.0070509785,0.0046609296,0.0046609296,0.0046609296,0.0065809195,0.0070509785,0.0075546126,0.006142197,0.0065809195,0.0046609296,0.0053505464,0.0049938485,0.0046609296,0.0075546126,0.0057327235,0.0075546126,0.0053505464,0.0075546126,0.0049938485,0.006142197,0.0065809195,0.0070509785,0.0065809195,0.0046609296,0.0075546126,0.006142197,0.0075546126,0.0075546126,0.0053505464,0.0065809195,0.0070509785,0.0057327235,0.006142197,0.006142197,0.0075546126,0.0053505464,0.0049938485,0.0070509785,0.0075546126,0.0075546126,0.0049938485,0.0046609296,0.006142197,0.006142197,0.0065809195,0.0065809195,0.0046609296,0.0046609296,0.0065809195,0.0075546126,0.0075546126,0.0075546126,0.006142197,0.0046609296,0.0065809195,0.0053505464,0.0065809195,0.0065809195,0.0065809195,0.0057327235,0.0057327235,0.006142197,0.0057327235,0.0053505464,1,0
0.0049242894,0.0052760197,0.007981476,0.007981476,0.0049242894,0.0052760197,0.006952766,0.006952766,0.006952766,0.007981476,0.0056528724,0.0060566436,0.0074493852,0.0049242894,0.007981476,0.0056528724,0.0064892545,0.006952766,0.007981476,0.0049242894,0.0052760197,0.006952766,0.0064892545,0.0064892545,0.0049242894,0.0052760197,0.0056528724,0.0064892545,0.0060566436,0.0049242894,0.0064892545,0.0064892545,0.0060566436,0.006952766,0.0074493852,0.0052760197,0.0052760197,0.007981476,0.0049242894,0.0056528724,0.0049242894,0.006952766,0.0074493852,0.0060566436,0.007981476,0.0052760197,0.0049242894,0.0074493852,0.0049242894,0.007981476,0.0056528724,0.0060566436,0.0052760197,0.0049242894,0.0056528724,0.0049242894,0.0049242894,0.007981476,0.0056528724,0.0074493852,0.0064892545,0.0052760197,0.0074493852,0.0049242894,0.007981476,0.0064892545,0.0060566436,0.0052760197,0.0049242894,0.0056528724,0.0049242894,0.0052760197,0.0056528724,0.0056528724,0.0074493852,0.0049242894,0.0052760197,0.007981476,0.0052760197,0.0056528724,0.0049242894,0.0049242894,0.007981476,0.007981476,0.007981476,0.0049242894,0.0056528724,0.007981476,0.0074493852,0.0049242894,0.006952766,0.006952766,0.007981476,0.0049242894,0.007981476,0.0049242894,0.0049242894,0.0064892545,0.0060566436,0.007981476,0.0056528724,0.0060566436,0.007981476,0.0060566436,0.007981476,0.0049242894,0.0056528724,0.007981476,0.0049242894,0.007981476,0.0052760197,0.0049242894,0.0074493852,0.0056528724,0.0060566436,0.0056528724,0.006952766,0.007981476,0.0056528724,0.0049242894,0.0060566436,0.0056528724,0.007981476,0.007981476,0.0060566436,0.0056528724,0.0074493852,0.006952766,0.007981476,0.006952766,0.0060566436,0.0056528724,0.0074493852,0.0074493852,0.0052760197,0.0056528724,0.0052760197,0.0049242894,0.0064892545,0.0056528724,0.0049242894,0.0052760197,0.0074493852,0.0052760197,0.0056528724,0.0052760197,0.007981476,0.007981476,0.007981476,0.007981476,0.0049242894,0.0056528724,0.0074493852,0.007981476,0.0049242894,0.0056528724,0.0049242894,0.006952766,0.0049242894,0.0052760197,2,2
0.007089257,0.007595625,0.007595625,0.007595625,0.005763845,0.006175542,0.007595625,0.007089257,0.007595625,0.007595625,0.0066166455,0.0066166455,0.0046862327,0.0046862327,0.0046862327,0.0066166455,0.007089257,0.0066166455,0.007595625,0.0053795935,0.0066166455,0.007089257,0.006175542,0.006175542,0.0046862327,0.0046862327,0.0053795935,0.006175542,0.006175542,0.0053795935,0.0046862327,0.006175542,0.007595625,0.0066166455,0.0046862327,0.0066166455,0.006175542,0.005763845,0.0046862327,0.007089257,0.0046862327,0.007595625,0.007595625,0.007595625,0.007595625,0.007595625,0.0066166455,0.007595625,0.007595625,0.0066166455,0.0053795935,0.007595625,0.007595625,0.007595625,0.0046862327,0.007595625,0.0066166455,0.007595625,0.007595625,0.006175542,0.0046862327,0.006175542,0.005020959,0.0046862327,0.0046862327,0.005020959,0.006175542,0.0046862327,0.0053795935,0.005763845,0.0053795935,0.007595625,0.0046862327,0.005020959,0.0046862327,0.007595625,0.006175542,0.007595625,0.007595625,0.007089257,0.007595625,0.006175542,0.0046862327,0.0046862327,0.0046862327,0.0046862327,0.007595625,0.007595625,0.005763845,0.0046862327,0.007595625,0.0066166455,0.007595625,0.0046862327,0.007595625,0.007595625,0.007595625,0.0046862327,0.006175542,0.0046862327,0.005020959,0.007595625,0.0066166455,0.005020959,0.0053795935,0.0046862327,0.006175542,0.006175542,0.0046862327,0.0046862327,0.007089257,0.007595625,0.005020959,0.007595625,0.005763845,0.0046862327,0.0066166455,0.007595625,0.007595625,0.0053795935,0.007595625,0.007089257,0.007595625,0.007595625,0.005763845,0.007595625,0.007089257,0.0046862327,0.0046862327,0.006175542,0.005763845,0.0053795935,0.0066166455,0.007089257,0.005020959,0.0053795935,0.0046862327,0.0046862327,0.007089257,0.0053795935,0.0053795935,0.0066166455,0.005763845,0.0046862327,0.0066166455,0.0053795935,0.007595625,0.007595625,0.007595625,0.0046862327,0.0046862327,0.0053795935,0.007595625,0.007595625,0.006175542,0.0046862327,0.007089257,0.007595625,0.007595625,0.0066166455,1,1
0.004941642,0.005294611,0.008009601,0.008009601,0.004941642,0.005294611,0.006977266,0.006977266,0.007475635,0.008009601,0.005672792,0.005294611,0.008009601,0.004941642,0.008009601,0.006977266,0.005672792,0.0065121213,0.008009601,0.004941642,0.004941642,0.005672792,0.006077986,0.006077986,0.004941642,0.0065121213,0.005672792,0.006077986,0.005294611,0.005672792,0.006977266,0.006977266,0.006977266,0.006977266,0.0065121213,0.005672792,0.004941642,0.008009601,0.004941642,0.005672792,0.004941642,0.006977266,0.006977266,0.005672792,0.008009601,0.005294611,0.004941642,0.008009601,0.004941642,0.006977266,0.005672792,0.005672792,0.006977266,0.004941642,0.005672792,0.004941642,0.004941642,0.008009601,0.006077986,0.0065121213,0.006077986,0.006077986,0.007475635,0.004941642,0.008009601,0.0065121213,0.005672792,0.005672792,0.004941642,0.005672792,0.004941642,0.005294611,0.005672792,0.005672792,0.006977266,0.005672792,0.005294611,0.008009601,0.006077986,0.005294611,0.004941642,0.004941642,0.008009601,0.008009601,0.006977266,0.004941642,0.004941642,0.008009601,0.008009601,0.004941642,0.006977266,0.006977266,0.008009601,0.004941642,0.008009601,0.004941642,0.004941642,0.008009601,0.006077986,0.006977266,0.005294611,0.0065121213,0.008009601,0.005672792,0.006977266,0.005294611,0.005672792,0.008009601,0.005294611,0.008009601,0.004941642,0.004941642,0.006977266,0.004941642,0.006077986,0.006077986,0.005672792,0.008009601,0.004941642,0.004941642,0.005294611,0.005294611,0.008009601,0.008009601,0.005672792,0.005672792,0.007475635,0.006977266,0.008009601,0.0065121213,0.005672792,0.005672792,0.007475635,0.007475635,0.005294611,0.005672792,0.004941642,0.005294611,0.007475635,0.005672792,0.004941642,0.006077986,0.007475635,0.004941642,0.006077986,0.005294611,0.008009601,0.008009601,0.008009601,0.006977266,0.006077986,0.005672792,0.007475635,0.008009601,0.004941642,0.005294611,0.004941642,0.007475635,0.006077986,0.006077986,2,2
0.0050677196,0.004729876,0.0076663634,0.0076663634,0.004729876,0.005817524,0.0076663634,0.006678267,0.0076663634,0.0076663634,0.006233055,0.005817524,0.004729876,0.004729876,0.0076663634,0.0076663634,0.005429694,0.004729876,0.0076663634,0.006678267,0.006233055,0.007155279,0.005817524,0.005429694,0.0050677196,0.0076663634,0.005429694,0.004729876,0.0050677196,0.006233055,0.006233055,0.006678267,0.007155279,0.006233055,0.006233055,0.006678267,0.005429694,0.0076663634,0.005817524,0.006233055,0.004729876,0.007155279,0.005817524,0.005817524,0.0076663634,0.006233055,0.005817524,0.0076663634,0.0076663634,0.005817524,0.006678267,0.006233055,0.005429694,0.005429694,0.005429694,0.0076663634,0.004729876,0.0076663634,0.005817524,0.006233055,0.006678267,0.005429694,0.006233055,0.005817524,0.0076663634,0.005429694,0.005817524,0.004729876,0.005429694,0.0076663634,0.004729876,0.006233055,0.005429694,0.0050677196,0.0076663634,0.007155279,0.006233055,0.0076663634,0.0076663634,0.006233055,0.005817524,0.005429694,0.005817524,0.006233055,0.0050677196,0.0076663634,0.0076663634,0.0076663634,0.006233055,0.004729876,0.006233055,0.006678267,0.0076663634,0.004729876,0.0076663634,0.007155279,0.005429694,0.005429694,0.006678267,0.004729876,0.007155279,0.006233055,0.005429694,0.004729876,0.007155279,0.006233055,0.005817524,0.006233055,0.004729876,0.005817524,0.006233055,0.0076663634,0.004729876,0.007155279,0.006678267,0.006233055,0.007155279,0.005429694,0.005429694,0.006233055,0.005817524,0.005817524,0.0076663634,0.0076663634,0.005429694,0.0050677196,0.006678267,0.006678267,0.0076663634,0.006233055,0.0076663634,0.005429694,0.006233055,0.006678267,0.0050677196,0.007155279,0.005817524,0.004729876,0.006233055,0.005429694,0.0076663634,0.006678267,0.004729876,0.005429694,0.006233055,0.005429694,0.0076663634,0.0076663634,0.0076663634,0.006233055,0.0076663634,0.005429694,0.007155279,0.007155279,0.005429694,0.006233055,0.005817524,0.006233055,0.005817524,0.004729876,2,0
0.0074757827,0.0074757827,0.0074757827,0.0074757827,0.0052947155,0.006977404,0.0074757827,0.006977404,0.0074757827,0.004941739,0.005672904,0.0052947155,0.0046122945,0.0046122945,0.0046122945,0.0060781054,0.0060781054,0.0060781054,0.0074757827,0.005672904,0.006977404,0.006977404,0.0060781054,0.0060781054,0.0046122945,0.0052947155,0.0052947155,0.0060781054,0.005672904,0.00651225,0.00651225,0.005672904,0.0074757827,0.0060781054,0.0046122945,0.006977404,0.005672904,0.00651225,0.0052947155,0.00651225,0.004941739,0.0074757827,0.0074757827,0.0074757827,0.00651225,0.00651225,0.005672904,0.0074757827,0.0074757827,0.00651225,0.0052947155,0.0074757827,0.0074757827,0.0074757827,0.0046122945,0.0074757827,0.00651225,0.0074757827,0.0074757827,0.005672904,0.0052947155,0.004941739,0.0046122945,0.0046122945,0.0074757827,0.0060781054,0.0060781054,0.005672904,0.0060781054,0.0060781054,0.005672904,0.0074757827,0.004941739,0.004941739,0.0046122945,0.006977404,0.0060781054,0.0074757827,0.0074757827,0.0074757827,0.0074757827,0.0046122945,0.0046122945,0.0046122945,0.0046122945,0.0074757827,0.00651225,0.0074757827,0.005672904,0.0074757827,0.0074757827,0.00651225,0.0074757827,0.0046122945,0.0074757827,0.0074757827,0.0074757827,0.0046122945,0.0060781054,0.0046122945,0.0052947155,0.0060781054,0.0060781054,0.0052947155,0.00651225,0.0046122945,0.005672904,0.0060781054,0.0046122945,0.005672904,0.006977404,0.0074757827,0.0052947155,0.0074757827,0.006977404,0.0046122945,0.006977404,0.0074757827,0.0074757827,0.0060781054,0.0074757827,0.0060781054,0.0074757827,0.0074757827,0.0074757827,0.0074757827,0.0060781054,0.0046122945,0.0046122945,0.00651225,0.00651225,0.0052947155,0.0060781054,0.006977404,0.005672904,0.00651225,0.005672904,0.0046122945,0.00651225,0.005672904,0.005672904,0.005672904,0.0052947155,0.0046122945,0.0060781054,0.0060781054,0.0074757827,0.0074757827,0.0074757827,0.0046122945,0.0052947155,0.0052947155,0.006977404,0.0074757827,0.0074757827,0.0046122945,0.0074757827,0.0074757827,0.0074757827,0.0074757827,0,2
0.0059999377,0.0068876697,0.004878185,0.007906749,0.0064284983,0.004878185,0.0064284983,0.004878185,0.0073796394,0.007906749,0.007906749,0.0064284983,0.004878185,0.007906749,0.007906749,0.0059999377,0.0073796394,0.004878185,0.004878185,0.0059999377,0.0064284983,0.0073796394,0.0052266223,0.0059999377,0.0064284983,0.0068876697,0.0055999467,0.0064284983,0.0059999377,0.0052266223,0.007906749,0.0055999467,0.004878185,0.0068876697,0.007906749,0.0059999377,0.0064284983,0.0052266223,0.0059999377,0.0055999467,0.0055999467,0.0073796394,0.007906749,0.0059999377,0.007906749,0.007906749,0.0064284983,0.004878185,0.004878185,0.007906749,0.0064284983,0.0059999377,0.0073796394,0.004878185,0.0068876697,0.004878185,0.0064284983,0.004878185,0.004878185,0.004878185,0.007906749,0.0064284983,0.004878185,0.004878185,0.0064284983,0.0064284983,0.0064284983,0.004878185,0.007906749,0.004878185,0.0055999467,0.0059999377,0.0052266223,0.0055999467,0.007906749,0.0052266223,0.0064284983,0.004878185,0.0059999377,0.004878185,0.0052266223,0.0068876697,0.004878185,0.004878185,0.007906749,0.004878185,0.004878185,0.0052266223,0.0064284983,0.0064284983,0.0059999377,0.0068876697,0.004878185,0.007906749,0.007906749,0.0052266223,0.004878185,0.0068876697,0.0064284983,0.007906749,0.0068876697,0.0064284983,0.0052266223,0.004878185,0.0064284983,0.007906749,0.007906749,0.004878185,0.004878185,0.007906749,0.007906749,0.0073796394,0.0055999467,0.0068876697,0.0068876697,0.0059999377,0.0068876697,0.0068876697,0.0052266223,0.004878185,0.004878185,0.0052266223,0.004878185,0.004878185,0.0064284983,0.0052266223,0.007906749,0.004878185,0.004878185,0.0064284983,0.0068876697,0.0059999377,0.0073796394,0.0073796394,0.0073796394,0.0068876697,0.0055999467,0.007906749,0.0064284983,0.0064284983,0.0064284983,0.0068876697,0.0059999377,0.0064284983,0.0073796394,0.0052266223,0.007906749,0.007906749,0.007906749,0.007906749,0.0055999467,0.0055999467,0.004878185,0.0073796394,0.0073796394,0.007906749,0.0055999467,0.004878185,0.0052266223,0.0064284983,3,4
0.005223796,0.0064250217,0.007902473,0.007902473,0.0048755473,0.0048755473,0.0064250217,0.0073756487,0.0073756487,0.007902473,0.0055969185,0.0055969185,0.0059966934,0.005223796,0.0064250217,0.0059966934,0.0064250217,0.0068839453,0.007902473,0.0048755473,0.0068839453,0.0073756487,0.0059966934,0.0064250217,0.0048755473,0.0048755473,0.0055969185,0.0064250217,0.0064250217,0.0048755473,0.0048755473,0.0064250217,0.007902473,0.0073756487,0.007902473,0.0059966934,0.0055969185,0.007902473,0.0048755473,0.0068839453,0.0048755473,0.0073756487,0.007902473,0.0059966934,0.007902473,0.0048755473,0.0048755473,0.007902473,0.0048755473,0.0064250217,0.0055969185,0.005223796,0.007902473,0.0048755473,0.0055969185,0.0048755473,0.0048755473,0.007902473,0.0059966934,0.0059966934,0.0068839453,0.005223796,0.0073756487,0.005223796,0.007902473,0.0059966934,0.0059966934,0.0048755473,0.0048755473,0.0059966934,0.0064250217,0.0048755473,0.0055969185,0.0055969185,0.007902473,0.0048755473,0.005223796,0.007902473,0.0048755473,0.0048755473,0.0048755473,0.0048755473,0.007902473,0.007902473,0.0068839453,0.0048755473,0.0055969185,0.007902473,0.0073756487,0.0055969185,0.0068839453,0.0068839453,0.007902473,0.0048755473,0.007902473,0.0048755473,0.0048755473,0.007902473,0.0059966934,0.0073756487,0.0068839453,0.007902473,0.0073756487,0.0059966934,0.0073756487,0.0055969185,0.0055969185,0.007902473,0.005223796,0.007902473,0.005223796,0.0048755473,0.0068839453,0.0064250217,0.0059966934,0.0059966934,0.0068839453,0.007902473,0.0059966934,0.0048755473,0.005223796,0.005223796,0.007902473,0.007902473,0.0059966934,0.0055969185,0.0073756487,0.0068839453,0.007902473,0.0068839453,0.0055969185,0.0055969185,0.0073756487,0.0073756487,0.0055969185,0.0055969185,0.005223796,0.0048755473,0.0064250217,0.0055969185,0.0048755473,0.0059966934,0.0073756487,0.005223796,0.0055969185,0.005223796,0.007902473,0.007902473,0.007902473,0.0068839453,0.0048755473,0.0055969185,0.0068839453,0.0073756487,0.0048755473,0.0059966934,0.0055969185,0.0068839453,0.0048755473,0.0048755473,2,2
0.0061776885,0.007598265,0.007598265,0.007598265,0.005022704,0.0061776885,0.007598265,0.0061776885,0.007091721,0.005765849,0.005765849,0.0061776885,0.0046878615,0.0046878615,0.0046878615,0.005765849,0.0061776885,0.005765849,0.007598265,0.007091721,0.006618946,0.007091721,0.0061776885,0.0061776885,0.0046878615,0.0046878615,0.0053814636,0.0061776885,0.006618946,0.0046878615,0.0046878615,0.005765849,0.007598265,0.006618946,0.0046878615,0.006618946,0.0061776885,0.005765849,0.0046878615,0.007598265,0.0046878615,0.007598265,0.007598265,0.007598265,0.007091721,0.007598265,0.007091721,0.007598265,0.007598265,0.006618946,0.0053814636,0.007598265,0.007598265,0.007598265,0.0046878615,0.007598265,0.006618946,0.007598265,0.007598265,0.005765849,0.0046878615,0.006618946,0.0046878615,0.0046878615,0.005765849,0.005022704,0.0061776885,0.0046878615,0.0053814636,0.0053814636,0.005765849,0.007598265,0.0046878615,0.005022704,0.0046878615,0.007598265,0.0061776885,0.007598265,0.007598265,0.006618946,0.007598265,0.005765849,0.0046878615,0.0046878615,0.0046878615,0.006618946,0.007598265,0.007598265,0.005765849,0.007598265,0.007598265,0.006618946,0.007598265,0.0046878615,0.007598265,0.007598265,0.007598265,0.0046878615,0.0061776885,0.0046878615,0.0053814636,0.007598265,0.006618946,0.005022704,0.0061776885,0.0046878615,0.005765849,0.0061776885,0.0046878615,0.0053814636,0.007598265,0.007598265,0.0046878615,0.007091721,0.0061776885,0.0046878615,0.006618946,0.007598265,0.007598265,0.0053814636,0.007598265,0.006618946,0.007598265,0.007598265,0.0061776885,0.007598265,0.007091721,0.0046878615,0.0046878615,0.006618946,0.006618946,0.005765849,0.006618946,0.007091721,0.0053814636,0.0053814636,0.005022704,0.0046878615,0.0061776885,0.0053814636,0.0053814636,0.006618946,0.005765849,0.0046878615,0.007091721,0.005022704,0.007598265,0.007598265,0.007598265,0.0046878615,0.0046878615,0.0053814636,0.007598265,0.007598265,0.006618946,0.0046878615,0.007091721,0.007598265,0.007598265,0.0053814636,1,1
0.0064868857,0.006950228,0.0049224924,0.0074466662,0.006950228,0.0052740937,0.0049224924,0.0064868857,0.007978563,0.007978563,0.0064868857,0.0052740937,0.0049224924,0.007978563,0.006950228,0.005650809,0.0064868857,0.0052740937,0.007978563,0.0049224924,0.006054433,0.0074466662,0.006054433,0.0064868857,0.0052740937,0.0049224924,0.005650809,0.0064868857,0.0074466662,0.0049224924,0.0074466662,0.0064868857,0.005650809,0.0074466662,0.007978563,0.0064868857,0.0064868857,0.0049224924,0.006950228,0.006950228,0.0049224924,0.0064868857,0.006950228,0.006054433,0.007978563,0.006950228,0.005650809,0.005650809,0.007978563,0.006950228,0.0064868857,0.005650809,0.005650809,0.007978563,0.005650809,0.0049224924,0.006054433,0.0049224924,0.007978563,0.0049224924,0.0052740937,0.006054433,0.0049224924,0.006950228,0.0052740937,0.0052740937,0.0064868857,0.0049224924,0.007978563,0.0049224924,0.0064868857,0.0049224924,0.005650809,0.0049224924,0.007978563,0.0049224924,0.0052740937,0.0049224924,0.007978563,0.0049224924,0.006950228,0.0049224924,0.007978563,0.007978563,0.0064868857,0.0052740937,0.0052740937,0.006950228,0.007978563,0.006054433,0.006054433,0.005650809,0.0049224924,0.007978563,0.0049224924,0.0049224924,0.0049224924,0.005650809,0.007978563,0.007978563,0.006054433,0.0064868857,0.0049224924,0.006054433,0.0064868857,0.0074466662,0.0064868857,0.0049224924,0.007978563,0.007978563,0.005650809,0.0052740937,0.0064868857,0.0064868857,0.0052740937,0.0064868857,0.0064868857,0.0049224924,0.0064868857,0.0049224924,0.0074466662,0.0052740937,0.0049224924,0.007978563,0.005650809,0.0049224924,0.0074466662,0.006950228,0.007978563,0.0064868857,0.006054433,0.005650809,0.0064868857,0.0074466662,0.0064868857,0.005650809,0.0049224924,0.0049224924,0.0064868857,0.006950228,0.005650809,0.0052740937,0.0074466662,0.0074466662,0.005650809,0.005650809,0.005650809,0.007978563,0.007978563,0.007978563,0.006950228,0.005650809,0.006950228,0.0074466662,0.005650809,0.0052740937,0.0052740937,0.0052740937,0.006950228,0.0049224924,8,3
0.0071061226,0.007613695,0.007613695,0.007613695,0.0057775574,0.006632387,0.007613695,0.006632387,0.007613695,0.007613695,0.006190234,0.006632387,0.0046973815,0.0046973815,0.0046973815,0.006190234,0.0071061226,0.006632387,0.007613695,0.0053923917,0.006190234,0.0071061226,0.006190234,0.006190234,0.0046973815,0.0046973815,0.0053923917,0.006190234,0.006190234,0.0046973815,0.0046973815,0.006190234,0.007613695,0.006632387,0.0046973815,0.0071061226,0.006190234,0.0057775574,0.0046973815,0.0071061226,0.005032904,0.007613695,0.007613695,0.007613695,0.006190234,0.007613695,0.006632387,0.007613695,0.007613695,0.0071061226,0.0053923917,0.007613695,0.007613695,0.007613695,0.0046973815,0.007613695,0.006632387,0.007613695,0.007613695,0.006190234,0.0046973815,0.0071061226,0.0046973815,0.0046973815,0.0053923917,0.005032904,0.006190234,0.0046973815,0.0053923917,0.0057775574,0.0053923917,0.007613695,0.0046973815,0.005032904,0.0046973815,0.007613695,0.006190234,0.007613695,0.007613695,0.007613695,0.007613695,0.0053923917,0.0046973815,0.0046973815,0.0046973815,0.0046973815,0.007613695,0.007613695,0.0057775574,0.0046973815,0.007613695,0.006632387,0.007613695,0.0046973815,0.007613695,0.007613695,0.007613695,0.0046973815,0.006190234,0.0046973815,0.005032904,0.007613695,0.006632387,0.005032904,0.005032904,0.0046973815,0.006190234,0.0057775574,0.0046973815,0.0046973815,0.0071061226,0.007613695,0.005032904,0.007613695,0.006190234,0.0046973815,0.006632387,0.007613695,0.007613695,0.0057775574,0.007613695,0.0071061226,0.007613695,0.007613695,0.0057775574,0.007613695,0.0071061226,0.0046973815,0.0046973815,0.006632387,0.0053923917,0.0057775574,0.006632387,0.0071061226,0.0046973815,0.0053923917,0.0046973815,0.0046973815,0.006632387,0.0053923917,0.0057775574,0.006632387,0.0057775574,0.0046973815,0.0071061226,0.0057775574,0.007613695,0.007613695,0.007613695,0.0046973815,0.0046973815,0.0053923917,0.007613695,0.007613695,0.006190234,0.0046973815,0.006632387,0.007613695,0.007613695,0.005032904,1,1
0.0061992183,0.0066420133,0.007624746,0.007624746,0.0047041993,0.0071164365,0.007624746,0.0066420133,0.0071164365,0.0061992183,0.0071164365,0.0061992183,0.0047041993,0.0047041993,0.007624746,0.0071164365,0.0071164365,0.005785943,0.007624746,0.0061992183,0.007624746,0.0071164365,0.0054002185,0.005040209,0.0047041993,0.007624746,0.0054002185,0.0047041993,0.0047041993,0.0071164365,0.0061992183,0.0061992183,0.007624746,0.0061992183,0.0047041993,0.005040209,0.005785943,0.007624746,0.005785943,0.0061992183,0.0047041993,0.0066420133,0.007624746,0.0061992183,0.007624746,0.005785943,0.0054002185,0.007624746,0.007624746,0.0066420133,0.005785943,0.0071164365,0.0054002185,0.0054002185,0.005040209,0.007624746,0.0047041993,0.007624746,0.0061992183,0.0047041993,0.007624746,0.005785943,0.005040209,0.0054002185,0.007624746,0.005040209,0.005785943,0.0054002185,0.0061992183,0.0071164365,0.007624746,0.007624746,0.0054002185,0.005040209,0.0047041993,0.007624746,0.0061992183,0.007624746,0.0071164365,0.0061992183,0.0047041993,0.0047041993,0.007624746,0.007624746,0.007624746,0.0054002185,0.0066420133,0.007624746,0.0071164365,0.0047041993,0.0061992183,0.0066420133,0.007624746,0.0047041993,0.007624746,0.0047041993,0.0054002185,0.005785943,0.0061992183,0.0047041993,0.007624746,0.0066420133,0.0061992183,0.0054002185,0.0054002185,0.0047041993,0.0054002185,0.0047041993,0.0047041993,0.007624746,0.005785943,0.007624746,0.0047041993,0.005785943,0.0066420133,0.005785943,0.0066420133,0.007624746,0.007624746,0.0061992183,0.005785943,0.005785943,0.007624746,0.007624746,0.0054002185,0.0061992183,0.0066420133,0.0061992183,0.0066420133,0.0061992183,0.005785943,0.0054002185,0.0066420133,0.0066420133,0.007624746,0.0066420133,0.005785943,0.005785943,0.007624746,0.0061992183,0.0054002185,0.005785943,0.0047041993,0.0047041993,0.007624746,0.0054002185,0.007624746,0.007624746,0.007624746,0.0047041993,0.0047041993,0.0054002185,0.0071164365,0.007624746,0.0054002185,0.0071164365,0.0061992183,0.0061992183,0.005785943,0.0047041993,2,2
0.0049901013,0.005346532,0.006137589,0.008088146,0.0049901013,0.005346532,0.005346532,0.0070456876,0.0075489436,0.008088146,0.006137589,0.005346532,0.0049901013,0.008088146,0.006575981,0.0049901013,0.0057284213,0.005346532,0.008088146,0.0049901013,0.0049901013,0.0075489436,0.006137589,0.006575981,0.0049901013,0.0070456876,0.0057284213,0.006575981,0.006575981,0.006575981,0.0070456876,0.006575981,0.0057284213,0.0075489436,0.008088146,0.006137589,0.006575981,0.0049901013,0.008088146,0.0057284213,0.0049901013,0.006575981,0.0075489436,0.006137589,0.008088146,0.006137589,0.006137589,0.0057284213,0.008088146,0.006575981,0.0057284213,0.005346532,0.0057284213,0.008088146,0.0057284213,0.0049901013,0.0057284213,0.005346532,0.0070456876,0.0049901013,0.006137589,0.0057284213,0.0057284213,0.0070456876,0.0057284213,0.005346532,0.006137589,0.0049901013,0.008088146,0.005346532,0.0049901013,0.0049901013,0.0057284213,0.0057284213,0.0075489436,0.0049901013,0.005346532,0.0049901013,0.008088146,0.0049901013,0.0049901013,0.0049901013,0.008088146,0.008088146,0.0070456876,0.0049901013,0.0057284213,0.008088146,0.006575981,0.006137589,0.006137589,0.006137589,0.0049901013,0.008088146,0.0049901013,0.005346532,0.0049901013,0.006575981,0.008088146,0.006575981,0.006137589,0.006575981,0.0049901013,0.006137589,0.0070456876,0.0049901013,0.0057284213,0.0049901013,0.008088146,0.006137589,0.005346532,0.0057284213,0.006575981,0.008088146,0.006137589,0.0057284213,0.006575981,0.0049901013,0.006137589,0.0049901013,0.005346532,0.005346532,0.006575981,0.008088146,0.005346532,0.0049901013,0.008088146,0.0070456876,0.008088146,0.0075489436,0.006137589,0.006137589,0.0075489436,0.0075489436,0.005346532,0.0057284213,0.005346532,0.0049901013,0.0070456876,0.0057284213,0.006575981,0.006137589,0.0075489436,0.0070456876,0.006137589,0.005346532,0.008088146,0.008088146,0.008088146,0.008088146,0.005346532,0.0057284213,0.0070456876,0.0075489436,0.0049901013,0.006137589,0.005346532,0.0057284213,0.0049901013,0.005346532,3,3
0.0049255863,0.006058239,0.0049255863,0.0049255863,0.007983578,0.0064909635,0.0049255863,0.0049255863,0.0049255863,0.007983578,0.007451347,0.0064909635,0.0049255863,0.005277409,0.006954597,0.005654361,0.0064909635,0.006058239,0.0049255863,0.0064909635,0.0049255863,0.007451347,0.005654361,0.005277409,0.007983578,0.006954597,0.005654361,0.005654361,0.0049255863,0.007983578,0.007983578,0.005654361,0.0049255863,0.006954597,0.007983578,0.006058239,0.005654361,0.006954597,0.006058239,0.007451347,0.006058239,0.0064909635,0.005654361,0.005654361,0.0064909635,0.007983578,0.006058239,0.0049255863,0.0049255863,0.0064909635,0.007983578,0.006954597,0.0049255863,0.0049255863,0.007983578,0.0049255863,0.0064909635,0.005277409,0.0049255863,0.006058239,0.007983578,0.006058239,0.005654361,0.0049255863,0.007983578,0.005277409,0.006058239,0.006058239,0.005277409,0.0064909635,0.005277409,0.007983578,0.005277409,0.005277409,0.006954597,0.007983578,0.0064909635,0.0049255863,0.0049255863,0.0049255863,0.005277409,0.0064909635,0.005654361,0.007983578,0.007983578,0.0049255863,0.0049255863,0.005277409,0.007451347,0.006058239,0.006058239,0.006954597,0.0049255863,0.007983578,0.007983578,0.006954597,0.0049255863,0.006954597,0.0049255863,0.007983578,0.007451347,0.0064909635,0.0064909635,0.005277409,0.006954597,0.007983578,0.007983578,0.005277409,0.0049255863,0.007983578,0.007983578,0.007983578,0.0064909635,0.006058239,0.007451347,0.007983578,0.0064909635,0.0049255863,0.005277409,0.0049255863,0.006058239,0.0064909635,0.0049255863,0.0049255863,0.0049255863,0.006058239,0.006058239,0.005277409,0.007983578,0.0049255863,0.007983578,0.005654361,0.006954597,0.0064909635,0.007451347,0.006954597,0.005654361,0.0064909635,0.006058239,0.007983578,0.0049255863,0.0064909635,0.006954597,0.005277409,0.005654361,0.007983578,0.006954597,0.0049255863,0.0049255863,0.007983578,0.005654361,0.005654361,0.0049255863,0.0049255863,0.007983578,0.007983578,0.006954597,0.0049255863,0.005654361,0.007983578,4,4
0.004960331,0.005314635,0.008039894,0.006100973,0.004960331,0.00653675,0.004960331,0.004960331,0.004960331,0.008039894,0.007503908,0.007003654,0.005314635,0.005314635,0.00653675,0.007003654,0.007003654,0.006100973,0.004960331,0.00653675,0.008039894,0.004960331,0.006100973,0.004960331,0.004960331,0.007003654,0.0056942464,0.004960331,0.004960331,0.00653675,0.007503908,0.004960331,0.004960331,0.0056942464,0.008039894,0.006100973,0.006100973,0.006100973,0.0056942464,0.007503908,0.004960331,0.006100973,0.008039894,0.00653675,0.008039894,0.008039894,0.00653675,0.004960331,0.004960331,0.008039894,0.007003654,0.006100973,0.008039894,0.004960331,0.008039894,0.004960331,0.007003654,0.004960331,0.004960331,0.007503908,0.007003654,0.006100973,0.00653675,0.004960331,0.00653675,0.005314635,0.006100973,0.006100973,0.005314635,0.006100973,0.004960331,0.004960331,0.004960331,0.005314635,0.008039894,0.0056942464,0.00653675,0.004960331,0.0056942464,0.004960331,0.004960331,0.008039894,0.008039894,0.004960331,0.008039894,0.004960331,0.004960331,0.005314635,0.007503908,0.006100973,0.006100973,0.007003654,0.004960331,0.008039894,0.008039894,0.007003654,0.004960331,0.007003654,0.00653675,0.007503908,0.007503908,0.00653675,0.007003654,0.005314635,0.007003654,0.008039894,0.007503908,0.00653675,0.004960331,0.008039894,0.008039894,0.007003654,0.006100973,0.005314635,0.006100973,0.007003654,0.007003654,0.005314635,0.00653675,0.004960331,0.005314635,0.0056942464,0.004960331,0.007003654,0.0056942464,0.007003654,0.005314635,0.0056942464,0.007503908,0.007003654,0.008039894,0.00653675,0.004960331,0.004960331,0.007003654,0.007003654,0.00653675,0.006100973,0.004960331,0.008039894,0.004960331,0.006100973,0.007503908,0.0056942464,0.0056942464,0.005314635,0.005314635,0.008039894,0.008039894,0.004960331,0.005314635,0.00653675,0.00653675,0.004960331,0.008039894,0.008039894,0.00653675,0.005314635,0.006100973,0.004960331,2,0
0.006522891,0.007487999,0.007487999,0.007487999,0.004619831,0.006088038,0.007487999,0.006522891,0.007487999,0.007487999,0.006088038,0.0056821746,0.004619831,0.004619831,0.0053033675,0.006088038,0.006088038,0.006088038,0.007487999,0.0056821746,0.0069888057,0.0069888057,0.0056821746,0.0053033675,0.004619831,0.006088038,0.0069888057,0.0056821746,0.006522891,0.007487999,0.006088038,0.0056821746,0.007487999,0.006522891,0.004619831,0.0069888057,0.0056821746,0.006088038,0.0053033675,0.006088038,0.0049498146,0.007487999,0.007487999,0.007487999,0.004619831,0.007487999,0.0069888057,0.007487999,0.007487999,0.0069888057,0.0053033675,0.007487999,0.007487999,0.007487999,0.004619831,0.007487999,0.006522891,0.007487999,0.007487999,0.006088038,0.007487999,0.006088038,0.004619831,0.004619831,0.007487999,0.006088038,0.006088038,0.0049498146,0.0056821746,0.0056821746,0.0069888057,0.007487999,0.0053033675,0.0049498146,0.004619831,0.007487999,0.006088038,0.007487999,0.007487999,0.007487999,0.007487999,0.004619831,0.004619831,0.004619831,0.004619831,0.007487999,0.0069888057,0.007487999,0.0056821746,0.007487999,0.007487999,0.006522891,0.007487999,0.004619831,0.007487999,0.007487999,0.007487999,0.004619831,0.006088038,0.004619831,0.0056821746,0.007487999,0.006088038,0.0053033675,0.006088038,0.004619831,0.0056821746,0.0053033675,0.004619831,0.006088038,0.0069888057,0.007487999,0.0049498146,0.007487999,0.007487999,0.004619831,0.0069888057,0.007487999,0.007487999,0.006522891,0.0056821746,0.0056821746,0.007487999,0.007487999,0.0049498146,0.006088038,0.0056821746,0.0049498146,0.0053033675,0.006522891,0.0069888057,0.0053033675,0.006088038,0.0069888057,0.0056821746,0.006522891,0.0056821746,0.004619831,0.006088038,0.006088038,0.0056821746,0.0056821746,0.0053033675,0.0049498146,0.0053033675,0.0049498146,0.007487999,0.007487999,0.007487999,0.004619831,0.0049498146,0.0053033675,0.007487999,0.007487999,0.007487999,0.0049498146,0.006088038,0.0069888057,0.006522891,0.0049498146,1,1
0.005507998,0.005507998,0.0077769235,0.0077769235,0.0047980878,0.0067745773,0.0077769235,0.0067745773,0.0077769235,0.0059014214,0.006322945,0.006322945,0.0047980878,0.0047980878,0.0059014214,0.006322945,0.006322945,0.0067745773,0.0077769235,0.0047980878,0.0077769235,0.007258469,0.005507998,0.0067745773,0.0047980878,0.0051408033,0.005507998,0.006322945,0.007258469,0.0059014214,0.0047980878,0.006322945,0.0077769235,0.007258469,0.0047980878,0.0067745773,0.006322945,0.006322945,0.0047980878,0.007258469,0.0077769235,0.005507998,0.006322945,0.0059014214,0.0047980878,0.005507998,0.0051408033,0.0077769235,0.0077769235,0.0059014214,0.005507998,0.007258469,0.0077769235,0.0077769235,0.0047980878,0.0077769235,0.0067745773,0.0077769235,0.0077769235,0.0067745773,0.0051408033,0.005507998,0.0059014214,0.0059014214,0.005507998,0.0051408033,0.006322945,0.0047980878,0.005507998,0.0051408033,0.006322945,0.0059014214,0.005507998,0.0051408033,0.0047980878,0.0077769235,0.006322945,0.0077769235,0.0077769235,0.0077769235,0.0077769235,0.0047980878,0.0047980878,0.0047980878,0.0047980878,0.0059014214,0.0077769235,0.0077769235,0.005507998,0.0077769235,0.0077769235,0.0067745773,0.0077769235,0.0047980878,0.0077769235,0.0047980878,0.0047980878,0.0059014214,0.006322945,0.0047980878,0.006322945,0.0077769235,0.006322945,0.0047980878,0.0067745773,0.0047980878,0.0059014214,0.006322945,0.0047980878,0.0059014214,0.0059014214,0.0077769235,0.0047980878,0.0067745773,0.0067745773,0.0059014214,0.006322945,0.007258469,0.0067745773,0.0047980878,0.0051408033,0.0059014214,0.0077769235,0.0077769235,0.0051408033,0.0067745773,0.0059014214,0.005507998,0.006322945,0.0067745773,0.006322945,0.005507998,0.006322945,0.007258469,0.0047980878,0.0067745773,0.0059014214,0.0047980878,0.006322945,0.007258469,0.0051408033,0.006322945,0.005507998,0.0051408033,0.0067745773,0.0051408033,0.0077769235,0.0077769235,0.0077769235,0.0047980878,0.006322945,0.006322945,0.007258469,0.0077769235,0.0047980878,0.006322945,0.0067745773,0.007258469,0.006322945,0.0047980878,2,2
0.0048198043,0.0051640715,0.007812123,0.007812123,0.0048198043,0.0059281318,0.007812123,0.0068052397,0.007812123,0.007812123,0.005532928,0.005532928,0.007812123,0.0048198043,0.007812123,0.005532928,0.006351563,0.0068052397,0.007812123,0.0048198043,0.007812123,0.005532928,0.0059281318,0.0051640715,0.0048198043,0.007812123,0.006351563,0.0059281318,0.0051640715,0.007812123,0.006351563,0.0059281318,0.006351563,0.0072913216,0.007812123,0.0048198043,0.005532928,0.007812123,0.0048198043,0.005532928,0.0048198043,0.0059281318,0.007812123,0.0059281318,0.007812123,0.005532928,0.0051640715,0.007812123,0.0059281318,0.0072913216,0.005532928,0.0051640715,0.006351563,0.0048198043,0.005532928,0.0048198043,0.0048198043,0.007812123,0.0059281318,0.0072913216,0.005532928,0.0051640715,0.0072913216,0.0048198043,0.007812123,0.006351563,0.005532928,0.0051640715,0.005532928,0.006351563,0.005532928,0.005532928,0.005532928,0.005532928,0.006351563,0.0048198043,0.0051640715,0.007812123,0.005532928,0.005532928,0.0051640715,0.006351563,0.007812123,0.007812123,0.007812123,0.0048198043,0.005532928,0.007812123,0.007812123,0.0059281318,0.006351563,0.0068052397,0.007812123,0.0048198043,0.007812123,0.005532928,0.0048198043,0.006351563,0.0059281318,0.007812123,0.006351563,0.0068052397,0.0072913216,0.005532928,0.0072913216,0.0048198043,0.005532928,0.0068052397,0.0048198043,0.007812123,0.0059281318,0.006351563,0.006351563,0.0068052397,0.0059281318,0.005532928,0.0059281318,0.007812123,0.0051640715,0.0048198043,0.0051640715,0.0051640715,0.007812123,0.007812123,0.0059281318,0.005532928,0.007812123,0.0068052397,0.007812123,0.0068052397,0.006351563,0.006351563,0.0072913216,0.0072913216,0.0051640715,0.0059281318,0.0051640715,0.005532928,0.007812123,0.005532928,0.005532928,0.006351563,0.006351563,0.0051640715,0.005532928,0.0051640715,0.007812123,0.007812123,0.007812123,0.0059281318,0.0051640715,0.005532928,0.0072913216,0.007812123,0.0048198043,0.0051640715,0.0048198043,0.007812123,0.0059281318,0.005532928,2,2
0.006226786,0.0066715498,0.0076586525,0.0076586525,0.0047251186,0.006226786,0.0076586525,0.0066715498,0.0071480824,0.0076586525,0.0066715498,0.006226786,0.0050626225,0.0047251186,0.0076586525,0.0050626225,0.006226786,0.006226786,0.0076586525,0.0054242327,0.0076586525,0.0066715498,0.0050626225,0.0054242327,0.0047251186,0.0076586525,0.006226786,0.0047251186,0.0050626225,0.0058116727,0.0071480824,0.0058116727,0.0066715498,0.006226786,0.0058116727,0.0050626225,0.0047251186,0.0076586525,0.0058116727,0.0054242327,0.0047251186,0.0058116727,0.0076586525,0.0058116727,0.0076586525,0.0066715498,0.0054242327,0.0076586525,0.0076586525,0.006226786,0.0054242327,0.0076586525,0.0076586525,0.0050626225,0.0047251186,0.0050626225,0.0047251186,0.0076586525,0.006226786,0.0054242327,0.0066715498,0.0058116727,0.006226786,0.0047251186,0.0076586525,0.0050626225,0.0054242327,0.0050626225,0.0054242327,0.0058116727,0.0066715498,0.0076586525,0.0054242327,0.0054242327,0.006226786,0.006226786,0.0050626225,0.0076586525,0.0058116727,0.0054242327,0.0047251186,0.0050626225,0.0076586525,0.0076586525,0.0066715498,0.0066715498,0.0054242327,0.0076586525,0.0076586525,0.0058116727,0.0071480824,0.0066715498,0.0076586525,0.0047251186,0.0076586525,0.0054242327,0.0054242327,0.0066715498,0.006226786,0.0066715498,0.0076586525,0.0066715498,0.0058116727,0.0047251186,0.0066715498,0.0054242327,0.0058116727,0.006226786,0.0047251186,0.0076586525,0.006226786,0.0076586525,0.0058116727,0.006226786,0.006226786,0.0058116727,0.0066715498,0.0066715498,0.0058116727,0.0054242327,0.0058116727,0.0054242327,0.0076586525,0.0076586525,0.0047251186,0.006226786,0.0076586525,0.0054242327,0.006226786,0.0071480824,0.006226786,0.006226786,0.0066715498,0.0071480824,0.0058116727,0.0066715498,0.006226786,0.0047251186,0.0066715498,0.006226786,0.0071480824,0.0066715498,0.006226786,0.0054242327,0.0058116727,0.0050626225,0.0076586525,0.0076586525,0.0076586525,0.0047251186,0.0054242327,0.0054242327,0.0071480824,0.0076586525,0.0050626225,0.0076586525,0.006226786,0.0071480824,0.0066715498,0.0047251186,2,2
0.0062409216,0.0071643097,0.007676039,0.007676039,0.0058248662,0.0066866954,0.007676039,0.0066866954,0.007676039,0.0066866954,0.0062409216,0.0058248662,0.0047358456,0.0047358456,0.0058248662,0.0058248662,0.0062409216,0.0062409216,0.007676039,0.0050741155,0.0071643097,0.0071643097,0.0047358456,0.0047358456,0.0047358456,0.007676039,0.0054365466,0.0058248662,0.0050741155,0.0062409216,0.007676039,0.0058248662,0.007676039,0.0058248662,0.0047358456,0.0050741155,0.0054365466,0.0058248662,0.0047358456,0.0054365466,0.0062409216,0.0062409216,0.0058248662,0.0054365466,0.0047358456,0.007676039,0.0071643097,0.007676039,0.007676039,0.007676039,0.0054365466,0.007676039,0.0071643097,0.0066866954,0.0047358456,0.007676039,0.0058248662,0.007676039,0.0071643097,0.0066866954,0.007676039,0.0062409216,0.0047358456,0.0047358456,0.007676039,0.0058248662,0.0062409216,0.0047358456,0.0054365466,0.0066866954,0.0071643097,0.007676039,0.0047358456,0.0054365466,0.0047358456,0.007676039,0.0062409216,0.007676039,0.007676039,0.0062409216,0.007676039,0.0050741155,0.0047358456,0.0047358456,0.0047358456,0.0058248662,0.0062409216,0.007676039,0.0058248662,0.007676039,0.007676039,0.0066866954,0.007676039,0.0047358456,0.007676039,0.0066866954,0.007676039,0.0047358456,0.0062409216,0.0047358456,0.0071643097,0.0071643097,0.0054365466,0.0054365466,0.007676039,0.0047358456,0.0058248662,0.0054365466,0.0047358456,0.0058248662,0.0066866954,0.007676039,0.0047358456,0.0054365466,0.0071643097,0.0066866954,0.0058248662,0.0050741155,0.0050741155,0.0050741155,0.0071643097,0.0071643097,0.007676039,0.007676039,0.0054365466,0.0062409216,0.007676039,0.0050741155,0.0062409216,0.0066866954,0.007676039,0.0054365466,0.0054365466,0.0058248662,0.0058248662,0.007676039,0.0058248662,0.0047358456,0.0062409216,0.0054365466,0.0058248662,0.0066866954,0.0050741155,0.0047358456,0.0062409216,0.0050741155,0.007676039,0.007676039,0.007676039,0.0047358456,0.0071643097,0.0066866954,0.007676039,0.007676039,0.0047358456,0.0066866954,0.0062409216,0.0062409216,0.0062409216,0.0047358456,2,0
0.005016088,0.005374375,0.005016088,0.005016088,0.008130266,0.005016088,0.005374375,0.005016088,0.005016088,0.008130266,0.0066102264,0.005758253,0.005016088,0.0066102264,0.008130266,0.005374375,0.006169551,0.005016088,0.005016088,0.008130266,0.0066102264,0.0075882557,0.005374375,0.005016088,0.007082379,0.007082379,0.005758253,0.0066102264,0.005374375,0.008130266,0.008130266,0.005758253,0.005016088,0.005374375,0.008130266,0.0075882557,0.0066102264,0.005374375,0.006169551,0.007082379,0.005374375,0.0066102264,0.0066102264,0.006169551,0.008130266,0.0066102264,0.006169551,0.005016088,0.005016088,0.006169551,0.007082379,0.006169551,0.005758253,0.005016088,0.008130266,0.005016088,0.0066102264,0.005374375,0.005016088,0.005016088,0.0075882557,0.007082379,0.005016088,0.005758253,0.006169551,0.0075882557,0.008130266,0.005016088,0.005016088,0.005016088,0.005758253,0.005758253,0.005374375,0.005758253,0.008130266,0.005758253,0.0066102264,0.005016088,0.005758253,0.005016088,0.005758253,0.0075882557,0.005016088,0.005016088,0.008130266,0.005016088,0.005016088,0.005016088,0.0066102264,0.007082379,0.006169551,0.007082379,0.005016088,0.008130266,0.008130266,0.006169551,0.005016088,0.007082379,0.005016088,0.008130266,0.007082379,0.0066102264,0.005016088,0.005374375,0.006169551,0.008130266,0.008130266,0.005016088,0.005016088,0.008130266,0.008130266,0.008130266,0.006169551,0.005016088,0.0066102264,0.005374375,0.007082379,0.005758253,0.005758253,0.005374375,0.005016088,0.005758253,0.005016088,0.005016088,0.0066102264,0.005016088,0.008130266,0.005016088,0.005016088,0.008130266,0.008130266,0.007082379,0.006169551,0.0066102264,0.006169551,0.0075882557,0.005374375,0.008130266,0.006169551,0.007082379,0.006169551,0.005758253,0.0066102264,0.008130266,0.007082379,0.005758253,0.008130266,0.005758253,0.005758253,0.008130266,0.0066102264,0.005758253,0.005016088,0.005016088,0.008130266,0.0075882557,0.005758253,0.005374375,0.005016088,0.005758253,4,4
0.0048939935,0.0052435594,0.006019381,0.007932371,0.0048939935,0.0052435594,0.007403554,0.00690999,0.007932371,0.007932371,0.005618094,0.0052435594,0.0048939935,0.00690999,0.007932371,0.0052435594,0.006019381,0.006019381,0.007932371,0.0048939935,0.00644933,0.007403554,0.005618094,0.00644933,0.0048939935,0.00690999,0.007403554,0.00644933,0.005618094,0.00690999,0.007403554,0.006019381,0.00644933,0.00690999,0.007932371,0.0052435594,0.0052435594,0.0048939935,0.0048939935,0.005618094,0.0048939935,0.00690999,0.007932371,0.006019381,0.007403554,0.0048939935,0.005618094,0.007403554,0.00644933,0.00690999,0.005618094,0.006019381,0.00644933,0.005618094,0.00690999,0.0048939935,0.0052435594,0.00644933,0.006019381,0.006019381,0.00644933,0.00644933,0.00644933,0.0048939935,0.007932371,0.006019381,0.006019381,0.0048939935,0.006019381,0.00644933,0.0048939935,0.006019381,0.005618094,0.005618094,0.007932371,0.0048939935,0.0052435594,0.0052435594,0.00690999,0.005618094,0.005618094,0.00644933,0.007932371,0.007932371,0.007932371,0.0048939935,0.006019381,0.00690999,0.00644933,0.006019381,0.006019381,0.00644933,0.00644933,0.0048939935,0.007932371,0.0048939935,0.0048939935,0.006019381,0.00690999,0.007932371,0.00690999,0.007403554,0.005618094,0.0052435594,0.006019381,0.0048939935,0.005618094,0.0048939935,0.0048939935,0.007932371,0.00644933,0.007932371,0.006019381,0.007932371,0.00644933,0.006019381,0.00690999,0.007403554,0.006019381,0.0048939935,0.0048939935,0.0052435594,0.00644933,0.007932371,0.00644933,0.0052435594,0.007403554,0.00690999,0.007932371,0.00644933,0.006019381,0.005618094,0.007403554,0.007403554,0.005618094,0.005618094,0.006019381,0.0052435594,0.007403554,0.005618094,0.0048939935,0.006019381,0.00690999,0.005618094,0.00690999,0.0052435594,0.007932371,0.007932371,0.007932371,0.007932371,0.0052435594,0.005618094,0.00690999,0.007403554,0.0052435594,0.006019381,0.0052435594,0.00690999,0.0048939935,0.0052435594,3,4
0.004978296,0.004978296,0.008069011,0.008069011,0.004978296,0.005714869,0.004978296,0.007029019,0.0075310846,0.008069011,0.005714869,0.005333883,0.0061230687,0.0061230687,0.0075310846,0.004978296,0.006560424,0.0061230687,0.008069011,0.004978296,0.005333883,0.0075310846,0.006560424,0.007029019,0.004978296,0.004978296,0.005714869,0.006560424,0.0061230687,0.004978296,0.004978296,0.007029019,0.008069011,0.007029019,0.004978296,0.0061230687,0.004978296,0.008069011,0.004978296,0.0061230687,0.004978296,0.006560424,0.007029019,0.0061230687,0.008069011,0.004978296,0.004978296,0.008069011,0.004978296,0.008069011,0.007029019,0.005333883,0.008069011,0.005714869,0.005714869,0.004978296,0.004978296,0.008069011,0.0061230687,0.0061230687,0.005714869,0.005333883,0.007029019,0.005714869,0.006560424,0.005333883,0.005714869,0.005333883,0.005333883,0.006560424,0.006560424,0.004978296,0.005714869,0.005333883,0.008069011,0.004978296,0.005333883,0.006560424,0.0061230687,0.004978296,0.006560424,0.004978296,0.008069011,0.008069011,0.006560424,0.004978296,0.004978296,0.008069011,0.0075310846,0.004978296,0.006560424,0.005714869,0.007029019,0.004978296,0.008069011,0.004978296,0.004978296,0.008069011,0.005714869,0.0075310846,0.005333883,0.0075310846,0.0061230687,0.005714869,0.005714869,0.004978296,0.005714869,0.008069011,0.005333883,0.008069011,0.004978296,0.004978296,0.0075310846,0.007029019,0.006560424,0.005714869,0.006560424,0.008069011,0.005714869,0.004978296,0.005333883,0.005333883,0.008069011,0.008069011,0.0061230687,0.005714869,0.008069011,0.006560424,0.0075310846,0.0075310846,0.004978296,0.005714869,0.0075310846,0.0075310846,0.005333883,0.005714869,0.004978296,0.004978296,0.006560424,0.005714869,0.004978296,0.005333883,0.0075310846,0.005333883,0.007029019,0.005714869,0.006560424,0.008069011,0.008069011,0.008069011,0.0061230687,0.005714869,0.007029019,0.0075310846,0.004978296,0.004978296,0.004978296,0.0075310846,0.006560424,0.0061230687,2,2
0.004976578,0.005332043,0.004976578,0.008066228,0.004976578,0.0057128975,0.0065581608,0.0070265937,0.008066228,0.008066228,0.0057128975,0.005332043,0.004976578,0.007528486,0.008066228,0.004976578,0.0057128975,0.005332043,0.008066228,0.004976578,0.004976578,0.006120956,0.006120956,0.006120956,0.004976578,0.0070265937,0.0057128975,0.0065581608,0.0057128975,0.007528486,0.0070265937,0.0065581608,0.005332043,0.007528486,0.008066228,0.005332043,0.0065581608,0.004976578,0.008066228,0.0057128975,0.004976578,0.0070265937,0.007528486,0.0057128975,0.008066228,0.004976578,0.0057128975,0.004976578,0.008066228,0.006120956,0.006120956,0.0057128975,0.004976578,0.008066228,0.006120956,0.004976578,0.005332043,0.005332043,0.007528486,0.0057128975,0.008066228,0.006120956,0.004976578,0.0070265937,0.004976578,0.0065581608,0.0065581608,0.004976578,0.008066228,0.004976578,0.004976578,0.006120956,0.004976578,0.0057128975,0.007528486,0.005332043,0.005332043,0.005332043,0.008066228,0.005332043,0.004976578,0.006120956,0.008066228,0.008066228,0.008066228,0.004976578,0.0057128975,0.007528486,0.007528486,0.0057128975,0.006120956,0.006120956,0.005332043,0.008066228,0.004976578,0.004976578,0.004976578,0.004976578,0.008066228,0.0065581608,0.0070265937,0.0065581608,0.004976578,0.004976578,0.0065581608,0.004976578,0.0057128975,0.005332043,0.0070265937,0.006120956,0.0065581608,0.0070265937,0.004976578,0.008066228,0.0065581608,0.006120956,0.0065581608,0.004976578,0.006120956,0.004976578,0.004976578,0.005332043,0.004976578,0.008066228,0.0057128975,0.004976578,0.008066228,0.0070265937,0.008066228,0.007528486,0.0070265937,0.006120956,0.007528486,0.007528486,0.0057128975,0.0057128975,0.005332043,0.004976578,0.0065581608,0.0057128975,0.005332043,0.006120956,0.007528486,0.008066228,0.0057128975,0.005332043,0.008066228,0.008066228,0.008066228,0.008066228,0.0065581608,0.0057128975,0.0070265937,0.007528486,0.004976578,0.006120956,0.005332043,0.006120956,0.0057128975,0.004976578,3,3
0.0066278055,0.0057735667,0.007608436,0.007608436,0.004694137,0.0066278055,0.007608436,0.007101214,0.007608436,0.007608436,0.007608436,0.0066278055,0.004694137,0.004694137,0.0057735667,0.004694137,0.007101214,0.006185958,0.007608436,0.004694137,0.006185958,0.007101214,0.0057735667,0.0066278055,0.005388667,0.005388667,0.005388667,0.006185958,0.006185958,0.0050294274,0.004694137,0.0057735667,0.007608436,0.0066278055,0.004694137,0.0066278055,0.006185958,0.006185958,0.004694137,0.006185958,0.0050294274,0.0066278055,0.007608436,0.007101214,0.006185958,0.006185958,0.005388667,0.007608436,0.007608436,0.005388667,0.006185958,0.007608436,0.007608436,0.007608436,0.005388667,0.007608436,0.0066278055,0.007608436,0.007608436,0.006185958,0.004694137,0.0057735667,0.0066278055,0.0066278055,0.005388667,0.006185958,0.006185958,0.004694137,0.005388667,0.007101214,0.004694137,0.007608436,0.004694137,0.0050294274,0.004694137,0.007608436,0.0057735667,0.007608436,0.007608436,0.006185958,0.007101214,0.004694137,0.004694137,0.004694137,0.004694137,0.006185958,0.007608436,0.007608436,0.0057735667,0.007608436,0.007101214,0.0066278055,0.007608436,0.004694137,0.007608436,0.007608436,0.007608436,0.004694137,0.006185958,0.004694137,0.0057735667,0.007608436,0.006185958,0.0050294274,0.007101214,0.004694137,0.0057735667,0.006185958,0.004694137,0.0050294274,0.007101214,0.007608436,0.004694137,0.007608436,0.006185958,0.004694137,0.007101214,0.007608436,0.007101214,0.0050294274,0.007608436,0.0066278055,0.007608436,0.007608436,0.0066278055,0.007608436,0.007101214,0.004694137,0.004694137,0.0066278055,0.0066278055,0.005388667,0.0066278055,0.007101214,0.0050294274,0.005388667,0.004694137,0.004694137,0.0066278055,0.005388667,0.0057735667,0.006185958,0.005388667,0.004694137,0.0066278055,0.0050294274,0.007608436,0.007608436,0.007608436,0.0050294274,0.004694137,0.005388667,0.007608436,0.007608436,0.0066278055,0.004694137,0.007608436,0.007608436,0.007608436,0.004694137,2,3
0.0068567195,0.005203136,0.0073464783,0.0059729763,0.0048562647,0.0068567195,0.006399611,0.005574783,0.0048562647,0.007871219,0.006399611,0.006399611,0.0048562647,0.007871219,0.007871219,0.007871219,0.0068567195,0.0048562647,0.0048562647,0.0068567195,0.0068567195,0.0059729763,0.005574783,0.0048562647,0.0048562647,0.007871219,0.005574783,0.006399611,0.005203136,0.007871219,0.007871219,0.005203136,0.0048562647,0.006399611,0.007871219,0.0059729763,0.0059729763,0.0059729763,0.006399611,0.0059729763,0.007871219,0.0048562647,0.005203136,0.005203136,0.0048562647,0.007871219,0.006399611,0.005203136,0.0048562647,0.006399611,0.007871219,0.0059729763,0.006399611,0.0048562647,0.007871219,0.0048562647,0.006399611,0.0048562647,0.0048562647,0.0048562647,0.007871219,0.0059729763,0.005574783,0.005574783,0.0068567195,0.0073464783,0.007871219,0.005203136,0.005203136,0.005203136,0.0068567195,0.005574783,0.005203136,0.005203136,0.007871219,0.007871219,0.006399611,0.0048562647,0.0048562647,0.0048562647,0.007871219,0.0073464783,0.0059729763,0.0048562647,0.0068567195,0.0048562647,0.0048562647,0.0048562647,0.006399611,0.0059729763,0.0059729763,0.0068567195,0.0048562647,0.007871219,0.005203136,0.0073464783,0.0048562647,0.0059729763,0.005574783,0.007871219,0.007871219,0.0073464783,0.0048562647,0.0048562647,0.006399611,0.007871219,0.0068567195,0.0048562647,0.007871219,0.007871219,0.007871219,0.007871219,0.0059729763,0.0048562647,0.0068567195,0.007871219,0.006399611,0.0048562647,0.005203136,0.0048562647,0.007871219,0.005574783,0.007871219,0.0048562647,0.005203136,0.007871219,0.0048562647,0.0048562647,0.0048562647,0.007871219,0.007871219,0.0059729763,0.0048562647,0.0048562647,0.006399611,0.007871219,0.0059729763,0.0073464783,0.006399611,0.007871219,0.007871219,0.005203136,0.0048562647,0.006399611,0.006399611,0.0073464783,0.007871219,0.007871219,0.007871219,0.0073464783,0.0068567195,0.005574783,0.0068567195,0.0073464783,0.0068567195,0.007871219,0.0059729763,0.005203136,0.005203136,0.0048562647,9,0
0.006484262,0.0056485236,0.007975336,0.007975336,0.006484262,0.006051984,0.0049205013,0.0049205013,0.0049205013,0.007975336,0.0074436544,0.0069474173,0.0049205013,0.0052719605,0.0069474173,0.0056485236,0.006484262,0.006484262,0.0052719605,0.006484262,0.006051984,0.0049205013,0.0056485236,0.0052719605,0.0049205013,0.0069474173,0.0056485236,0.0056485236,0.0049205013,0.007975336,0.007975336,0.0056485236,0.0049205013,0.0069474173,0.007975336,0.006051984,0.006051984,0.0069474173,0.006051984,0.0074436544,0.0069474173,0.006484262,0.0052719605,0.0052719605,0.006484262,0.007975336,0.006051984,0.0049205013,0.0049205013,0.006484262,0.007975336,0.006051984,0.0056485236,0.0049205013,0.007975336,0.0049205013,0.006484262,0.0052719605,0.0049205013,0.0052719605,0.007975336,0.006051984,0.006484262,0.0049205013,0.007975336,0.0052719605,0.006051984,0.006051984,0.0052719605,0.006484262,0.0049205013,0.007975336,0.0049205013,0.0052719605,0.0069474173,0.007975336,0.006484262,0.0049205013,0.0049205013,0.0049205013,0.0052719605,0.0069474173,0.0056485236,0.006051984,0.007975336,0.0049205013,0.0049205013,0.0052719605,0.0074436544,0.006051984,0.006051984,0.0069474173,0.0049205013,0.007975336,0.007975336,0.0069474173,0.0049205013,0.006051984,0.0049205013,0.007975336,0.0074436544,0.006484262,0.007975336,0.006484262,0.0069474173,0.007975336,0.0074436544,0.006484262,0.0049205013,0.007975336,0.007975336,0.007975336,0.006484262,0.0056485236,0.0069474173,0.007975336,0.006484262,0.0049205013,0.0052719605,0.0049205013,0.0069474173,0.0056485236,0.006051984,0.0049205013,0.0049205013,0.006484262,0.006051984,0.0052719605,0.007975336,0.0049205013,0.0074436544,0.0056485236,0.006484262,0.0056485236,0.0074436544,0.0074436544,0.006051984,0.006051984,0.006051984,0.007975336,0.0052719605,0.0052719605,0.006484262,0.0056485236,0.006051984,0.0074436544,0.0049205013,0.0049205013,0.007975336,0.006484262,0.0069474173,0.0056485236,0.0049205013,0.0049205013,0.007975336,0.007975336,0.006484262,0.0049205013,0.0056485236,0.0074436544,2,4
0.005186209,0.005186209,0.007845612,0.007845612,0.004840466,0.0059535448,0.004840466,0.006834413,0.0073225787,0.007845612,0.0055566467,0.0059535448,0.0063787918,0.004840466,0.007845612,0.0055566467,0.005186209,0.006834413,0.007845612,0.004840466,0.0055566467,0.006834413,0.0059535448,0.0055566467,0.006834413,0.005186209,0.0055566467,0.0063787918,0.0059535448,0.004840466,0.006834413,0.006834413,0.0063787918,0.006834413,0.007845612,0.0055566467,0.004840466,0.007845612,0.004840466,0.0063787918,0.004840466,0.0055566467,0.006834413,0.005186209,0.007845612,0.005186209,0.004840466,0.007845612,0.004840466,0.0063787918,0.0063787918,0.0055566467,0.007845612,0.004840466,0.0055566467,0.004840466,0.004840466,0.007845612,0.0059535448,0.0059535448,0.0059535448,0.0063787918,0.006834413,0.004840466,0.007845612,0.0063787918,0.0063787918,0.004840466,0.004840466,0.0063787918,0.005186209,0.005186209,0.0055566467,0.0055566467,0.0073225787,0.0055566467,0.005186209,0.007845612,0.007845612,0.0059535448,0.0073225787,0.004840466,0.007845612,0.007845612,0.007845612,0.0063787918,0.0055566467,0.007845612,0.0073225787,0.0055566467,0.006834413,0.0063787918,0.007845612,0.004840466,0.007845612,0.0055566467,0.005186209,0.0063787918,0.0063787918,0.0063787918,0.005186209,0.0059535448,0.006834413,0.005186209,0.0059535448,0.0055566467,0.0055566467,0.007845612,0.004840466,0.007845612,0.004840466,0.004840466,0.0073225787,0.004840466,0.0063787918,0.0063787918,0.006834413,0.006834413,0.006834413,0.0055566467,0.0055566467,0.0059535448,0.007845612,0.007845612,0.004840466,0.004840466,0.007845612,0.006834413,0.007845612,0.006834413,0.006834413,0.0055566467,0.0073225787,0.0073225787,0.0063787918,0.0063787918,0.004840466,0.004840466,0.0063787918,0.0055566467,0.006834413,0.0059535448,0.0073225787,0.005186209,0.0063787918,0.0055566467,0.007845612,0.007845612,0.007845612,0.007845612,0.0073225787,0.0055566467,0.0073225787,0.007845612,0.005186209,0.005186209,0.005186209,0.006834413,0.006834413,0.004840466,2,2
0.006115696,0.007020556,0.0075220168,0.0075220168,0.004640819,0.007020556,0.0075220168,0.006115696,0.007020556,0.0049723014,0.0075220168,0.006552525,0.004640819,0.004640819,0.004640819,0.0075220168,0.006115696,0.0049723014,0.0075220168,0.0057079885,0.0075220168,0.007020556,0.004640819,0.0049723014,0.004640819,0.0075220168,0.005327461,0.0049723014,0.004640819,0.0075220168,0.0075220168,0.0057079885,0.0075220168,0.006115696,0.004640819,0.006115696,0.0057079885,0.006115696,0.004640819,0.0075220168,0.004640819,0.006552525,0.0075220168,0.0075220168,0.007020556,0.0075220168,0.007020556,0.0075220168,0.0075220168,0.0075220168,0.0057079885,0.007020556,0.006552525,0.0075220168,0.004640819,0.0075220168,0.006115696,0.0075220168,0.0075220168,0.007020556,0.0075220168,0.0057079885,0.0049723014,0.005327461,0.007020556,0.0049723014,0.0057079885,0.0049723014,0.0057079885,0.007020556,0.006552525,0.0075220168,0.005327461,0.005327461,0.005327461,0.0075220168,0.005327461,0.0075220168,0.0075220168,0.006115696,0.006115696,0.0049723014,0.004640819,0.004640819,0.006552525,0.005327461,0.0057079885,0.0075220168,0.0057079885,0.0075220168,0.0075220168,0.006552525,0.0075220168,0.004640819,0.0075220168,0.0075220168,0.007020556,0.004640819,0.006552525,0.004640819,0.005327461,0.007020556,0.0075220168,0.006115696,0.007020556,0.004640819,0.005327461,0.005327461,0.004640819,0.007020556,0.006552525,0.0075220168,0.004640819,0.006552525,0.005327461,0.004640819,0.007020556,0.006552525,0.0075220168,0.006552525,0.0075220168,0.006552525,0.0075220168,0.0075220168,0.006552525,0.006552525,0.006552525,0.0057079885,0.006115696,0.006115696,0.0075220168,0.005327461,0.005327461,0.006115696,0.0075220168,0.007020556,0.0049723014,0.004640819,0.0057079885,0.005327461,0.0057079885,0.006552525,0.004640819,0.004640819,0.0057079885,0.006552525,0.0075220168,0.0075220168,0.0075220168,0.004640819,0.0057079885,0.006115696,0.007020556,0.007020556,0.005327461,0.0075220168,0.0057079885,0.006115696,0.0057079885,0.004640819,2,0
0.0061722826,0.0066131535,0.007591616,0.007591616,0.0053767543,0.005760803,0.007591616,0.005760803,0.0066131535,0.005760803,0.0061722826,0.0061722826,0.0046837595,0.0046837595,0.0061722826,0.005760803,0.0066131535,0.0066131535,0.007591616,0.005760803,0.007591616,0.007085515,0.0050183088,0.005760803,0.0046837595,0.0061722826,0.0061722826,0.005760803,0.0061722826,0.007591616,0.0061722826,0.0061722826,0.007591616,0.0066131535,0.0050183088,0.0050183088,0.0053767543,0.005760803,0.0046837595,0.005760803,0.0053767543,0.007591616,0.007591616,0.0066131535,0.0046837595,0.007085515,0.0066131535,0.007591616,0.007591616,0.007085515,0.0053767543,0.0066131535,0.0066131535,0.007591616,0.0050183088,0.007591616,0.0061722826,0.007591616,0.007591616,0.007591616,0.007085515,0.005760803,0.0050183088,0.0046837595,0.007591616,0.0050183088,0.0061722826,0.0053767543,0.005760803,0.0061722826,0.0061722826,0.007591616,0.0050183088,0.0046837595,0.005760803,0.007591616,0.0061722826,0.007591616,0.007591616,0.007591616,0.0066131535,0.0050183088,0.0050183088,0.0050183088,0.0046837595,0.0053767543,0.007085515,0.007591616,0.005760803,0.007591616,0.007591616,0.0066131535,0.007591616,0.0046837595,0.007591616,0.0066131535,0.007591616,0.0046837595,0.0061722826,0.0053767543,0.005760803,0.0061722826,0.007591616,0.005760803,0.007085515,0.0046837595,0.005760803,0.0061722826,0.0046837595,0.0061722826,0.007591616,0.007591616,0.0053767543,0.007085515,0.007085515,0.0066131535,0.0053767543,0.005760803,0.0061722826,0.0046837595,0.007085515,0.0066131535,0.007591616,0.007591616,0.0061722826,0.0066131535,0.007591616,0.0046837595,0.0053767543,0.007085515,0.007591616,0.005760803,0.005760803,0.0066131535,0.0046837595,0.007085515,0.0061722826,0.0046837595,0.0061722826,0.005760803,0.005760803,0.005760803,0.0046837595,0.0046837595,0.0061722826,0.0050183088,0.007591616,0.007591616,0.007591616,0.0050183088,0.0050183088,0.0061722826,0.007085515,0.007085515,0.0046837595,0.007085515,0.0061722826,0.0066131535,0.0061722826,0.0046837595,2,1
0.0048036403,0.006330262,0.0048036403,0.005908251,0.0048036403,0.006330262,0.0077859233,0.006782417,0.0077859233,0.006330262,0.006782417,0.005908251,0.0048036403,0.0077859233,0.0077859233,0.0077859233,0.005908251,0.005908251,0.0077859233,0.0051467526,0.0077859233,0.007266869,0.005514372,0.005514372,0.0048036403,0.007266869,0.005514372,0.006330262,0.0048036403,0.0077859233,0.0077859233,0.0051467526,0.0048036403,0.006782417,0.0077859233,0.005908251,0.0051467526,0.006782417,0.006330262,0.0077859233,0.0048036403,0.006330262,0.0077859233,0.006782417,0.0077859233,0.0051467526,0.005908251,0.0048036403,0.0077859233,0.005908251,0.006782417,0.005908251,0.0048036403,0.0051467526,0.0077859233,0.0048036403,0.005908251,0.0048036403,0.007266869,0.0048036403,0.0077859233,0.007266869,0.0048036403,0.005908251,0.007266869,0.006330262,0.005908251,0.0051467526,0.0077859233,0.006330262,0.007266869,0.0077859233,0.005514372,0.005514372,0.0048036403,0.005514372,0.005514372,0.0048036403,0.007266869,0.0051467526,0.0048036403,0.005908251,0.0077859233,0.0077859233,0.007266869,0.0048036403,0.0048036403,0.0051467526,0.007266869,0.005908251,0.005908251,0.006782417,0.0051467526,0.0077859233,0.0077859233,0.006782417,0.0048036403,0.005514372,0.0051467526,0.0077859233,0.0077859233,0.007266869,0.005514372,0.0048036403,0.007266869,0.0048036403,0.005514372,0.0048036403,0.0077859233,0.0051467526,0.006330262,0.0077859233,0.005514372,0.0077859233,0.006330262,0.005514372,0.006782417,0.0048036403,0.0051467526,0.0048036403,0.0048036403,0.0051467526,0.0048036403,0.0077859233,0.005514372,0.006330262,0.0077859233,0.005514372,0.0077859233,0.006782417,0.007266869,0.006330262,0.006782417,0.006782417,0.006330262,0.0077859233,0.005514372,0.006782417,0.006330262,0.005908251,0.005514372,0.006330262,0.006330262,0.006782417,0.005514372,0.006782417,0.0077859233,0.0077859233,0.0077859233,0.0051467526,0.006330262,0.005514372,0.006782417,0.007266869,0.005514372,0.0077859233,0.005908251,0.005514372,0.005514372,0.0048036403,6,3
0.0056239003,0.0060256026,0.00794057,0.00794057,0.004899052,0.00794057,0.0056239003,0.004899052,0.004899052,0.004899052,0.006455996,0.005248979,0.004899052,0.006455996,0.00794057,0.006455996,0.006455996,0.0069171316,0.004899052,0.0069171316,0.0056239003,0.0056239003,0.006455996,0.0060256026,0.0060256026,0.0074112057,0.006455996,0.0060256026,0.004899052,0.00794057,0.0069171316,0.004899052,0.004899052,0.0069171316,0.00794057,0.004899052,0.0056239003,0.0074112057,0.0056239003,0.0069171316,0.004899052,0.0060256026,0.00794057,0.0060256026,0.00794057,0.0069171316,0.0056239003,0.004899052,0.004899052,0.00794057,0.0074112057,0.004899052,0.006455996,0.004899052,0.00794057,0.004899052,0.0069171316,0.004899052,0.004899052,0.0074112057,0.00794057,0.0060256026,0.006455996,0.0060256026,0.00794057,0.0069171316,0.0074112057,0.0060256026,0.006455996,0.0056239003,0.0056239003,0.0056239003,0.004899052,0.005248979,0.0060256026,0.0056239003,0.006455996,0.004899052,0.006455996,0.005248979,0.004899052,0.0074112057,0.0074112057,0.006455996,0.00794057,0.004899052,0.004899052,0.005248979,0.0069171316,0.0060256026,0.0060256026,0.0069171316,0.004899052,0.00794057,0.00794057,0.0056239003,0.004899052,0.0056239003,0.006455996,0.0074112057,0.0074112057,0.006455996,0.0074112057,0.0056239003,0.0074112057,0.00794057,0.0074112057,0.004899052,0.004899052,0.00794057,0.006455996,0.006455996,0.0060256026,0.0060256026,0.0069171316,0.006455996,0.0069171316,0.0056239003,0.0056239003,0.005248979,0.0069171316,0.0069171316,0.0056239003,0.0069171316,0.004899052,0.004899052,0.005248979,0.0056239003,0.00794057,0.005248979,0.006455996,0.0056239003,0.0074112057,0.0069171316,0.0074112057,0.0069171316,0.004899052,0.006455996,0.006455996,0.00794057,0.004899052,0.0060256026,0.0074112057,0.0060256026,0.006455996,0.0060256026,0.005248979,0.00794057,0.00794057,0.005248979,0.005248979,0.0056239003,0.004899052,0.0056239003,0.0074112057,0.00794057,0.0060256026,0.004899052,0.004899052,0.00794057,2,4
0.0047820765,0.0047820765,0.0067519704,0.0077509717,0.0047820765,0.0054896176,0.0051236483,0.0067519704,0.0067519704,0.0077509717,0.0077509717,0.0054896176,0.0047820765,0.006301845,0.0077509717,0.0051236483,0.0047820765,0.006301845,0.0077509717,0.0051236483,0.0067519704,0.0067519704,0.005881728,0.0047820765,0.0047820765,0.0067519704,0.0054896176,0.0051236483,0.006301845,0.0054896176,0.0077509717,0.005881728,0.0054896176,0.0047820765,0.0077509717,0.006301845,0.0051236483,0.0077509717,0.0047820765,0.0067519704,0.0054896176,0.0072342474,0.0067519704,0.0051236483,0.0077509717,0.0077509717,0.006301845,0.0067519704,0.0077509717,0.005881728,0.0067519704,0.0051236483,0.0077509717,0.0077509717,0.0054896176,0.006301845,0.005881728,0.0047820765,0.0047820765,0.0047820765,0.006301845,0.0051236483,0.0054896176,0.0047820765,0.006301845,0.0051236483,0.005881728,0.0051236483,0.0072342474,0.005881728,0.0047820765,0.006301845,0.0051236483,0.0054896176,0.0077509717,0.0067519704,0.006301845,0.0051236483,0.0047820765,0.0067519704,0.005881728,0.005881728,0.0077509717,0.0077509717,0.0067519704,0.0047820765,0.0054896176,0.0077509717,0.0072342474,0.005881728,0.006301845,0.0051236483,0.0047820765,0.0072342474,0.0051236483,0.005881728,0.0047820765,0.0077509717,0.005881728,0.0067519704,0.0077509717,0.0072342474,0.0072342474,0.0054896176,0.0072342474,0.0067519704,0.0054896176,0.006301845,0.0077509717,0.0072342474,0.006301845,0.0077509717,0.006301845,0.0077509717,0.005881728,0.005881728,0.0067519704,0.0077509717,0.0054896176,0.0047820765,0.006301845,0.005881728,0.0077509717,0.0077509717,0.0051236483,0.006301845,0.0077509717,0.005881728,0.0077509717,0.0077509717,0.0072342474,0.0054896176,0.0072342474,0.0072342474,0.006301845,0.0067519704,0.0051236483,0.0051236483,0.006301845,0.0067519704,0.0067519704,0.005881728,0.006301845,0.005881728,0.0054896176,0.0051236483,0.0077509717,0.0077509717,0.0077509717,0.006301845,0.0051236483,0.0054896176,0.006301845,0.0072342474,0.0047820765,0.0077509717,0.006301845,0.0067519704,0.005881728,0.0047820765,3,2
0.0062776557,0.0077212197,0.0077212197,0.0077212197,0.0047637206,0.0072064786,0.0077212197,0.006726053,0.0077212197,0.005468546,0.005468546,0.0062776557,0.0047637206,0.0047637206,0.0047637206,0.005468546,0.006726053,0.006726053,0.0077212197,0.005859151,0.0072064786,0.0072064786,0.005103981,0.0047637206,0.0047637206,0.005103981,0.005468546,0.0062776557,0.0062776557,0.0047637206,0.0047637206,0.005859151,0.0077212197,0.006726053,0.0047637206,0.005468546,0.0062776557,0.005859151,0.0047637206,0.005859151,0.0047637206,0.0072064786,0.0072064786,0.0077212197,0.005103981,0.0077212197,0.0072064786,0.0077212197,0.0077212197,0.0077212197,0.005468546,0.0077212197,0.0077212197,0.0077212197,0.0047637206,0.0077212197,0.006726053,0.0077212197,0.006726053,0.005468546,0.005103981,0.006726053,0.0047637206,0.0047637206,0.005468546,0.005468546,0.0062776557,0.0047637206,0.005468546,0.0062776557,0.006726053,0.0077212197,0.0047637206,0.005103981,0.0047637206,0.0077212197,0.0062776557,0.0077212197,0.0077212197,0.006726053,0.0062776557,0.005103981,0.0047637206,0.0047637206,0.0047637206,0.0047637206,0.0077212197,0.0077212197,0.005859151,0.0047637206,0.0077212197,0.006726053,0.0077212197,0.0047637206,0.0077212197,0.0072064786,0.0077212197,0.0047637206,0.0062776557,0.0047637206,0.005103981,0.006726053,0.006726053,0.005103981,0.006726053,0.0047637206,0.0062776557,0.0062776557,0.0047637206,0.0047637206,0.0062776557,0.0077212197,0.005468546,0.006726053,0.0072064786,0.0047637206,0.006726053,0.0077212197,0.0077212197,0.0072064786,0.0077212197,0.0072064786,0.0077212197,0.0077212197,0.006726053,0.0077212197,0.0077212197,0.0047637206,0.005468546,0.006726053,0.005859151,0.005859151,0.005103981,0.006726053,0.0047637206,0.005859151,0.0062776557,0.0047637206,0.0062776557,0.005468546,0.005859151,0.006726053,0.005859151,0.0047637206,0.0072064786,0.0047637206,0.0077212197,0.0077212197,0.0077212197,0.0047637206,0.0047637206,0.0062776557,0.0077212197,0.0077212197,0.005859151,0.005859151,0.0072064786,0.0062776557,0.005859151,0.005468546,1,3
0.0048224526,0.0051669087,0.007816415,0.007816415,0.0048224526,0.0051669087,0.0063550533,0.006808979,0.0072953277,0.007816415,0.005535968,0.005535968,0.0072953277,0.0048224526,0.007816415,0.0051669087,0.0063550533,0.006808979,0.007816415,0.0048224526,0.005931389,0.0072953277,0.0063550533,0.0063550533,0.0048224526,0.005535968,0.005535968,0.0063550533,0.005535968,0.0048224526,0.0048224526,0.005931389,0.007816415,0.0072953277,0.007816415,0.0051669087,0.0048224526,0.0072953277,0.0048224526,0.005535968,0.0051669087,0.0072953277,0.007816415,0.005931389,0.007816415,0.0048224526,0.0051669087,0.007816415,0.005931389,0.006808979,0.005535968,0.0048224526,0.006808979,0.0048224526,0.0063550533,0.0048224526,0.0048224526,0.007816415,0.005931389,0.0072953277,0.006808979,0.0051669087,0.006808979,0.0048224526,0.007816415,0.0051669087,0.005931389,0.005535968,0.0051669087,0.0063550533,0.0048224526,0.006808979,0.005535968,0.0051669087,0.007816415,0.0051669087,0.0051669087,0.007816415,0.005931389,0.0048224526,0.0048224526,0.0051669087,0.007816415,0.007816415,0.007816415,0.0048224526,0.005931389,0.007816415,0.006808979,0.005931389,0.006808979,0.006808979,0.007816415,0.0048224526,0.007816415,0.0048224526,0.0048224526,0.007816415,0.006808979,0.0072953277,0.0072953277,0.007816415,0.006808979,0.0051669087,0.0063550533,0.005535968,0.005535968,0.007816415,0.0051669087,0.007816415,0.006808979,0.006808979,0.0051669087,0.007816415,0.006808979,0.005931389,0.006808979,0.007816415,0.005535968,0.0048224526,0.0048224526,0.0051669087,0.007816415,0.007816415,0.005535968,0.005931389,0.007816415,0.006808979,0.007816415,0.0072953277,0.005931389,0.005535968,0.0072953277,0.0072953277,0.005535968,0.005535968,0.005535968,0.005931389,0.007816415,0.005535968,0.005535968,0.005931389,0.0063550533,0.0051669087,0.005535968,0.0051669087,0.007816415,0.007816415,0.007816415,0.006808979,0.0048224526,0.005535968,0.0072953277,0.007816415,0.0048224526,0.005535968,0.005931389,0.006808979,0.005535968,0.0051669087,2,2
0.0062003965,0.0076261945,0.0076261945,0.0076261945,0.0054012444,0.0066432753,0.0076261945,0.0057870424,0.0066432753,0.0062003965,0.0062003965,0.0057870424,0.0047050933,0.0047050933,0.0047050933,0.0054012444,0.0062003965,0.0062003965,0.0076261945,0.0047050933,0.0071177883,0.0071177883,0.0047050933,0.0054012444,0.0047050933,0.0076261945,0.0054012444,0.0062003965,0.0071177883,0.0076261945,0.0062003965,0.0057870424,0.0076261945,0.0062003965,0.0047050933,0.0050411667,0.0054012444,0.0062003965,0.0047050933,0.0054012444,0.0050411667,0.0062003965,0.0076261945,0.0066432753,0.0062003965,0.0066432753,0.0066432753,0.0076261945,0.0076261945,0.0071177883,0.0054012444,0.0071177883,0.0076261945,0.0076261945,0.0047050933,0.0076261945,0.0066432753,0.0076261945,0.0076261945,0.0062003965,0.0076261945,0.0062003965,0.0047050933,0.0047050933,0.0076261945,0.0057870424,0.0057870424,0.0047050933,0.0054012444,0.0066432753,0.0062003965,0.0076261945,0.0047050933,0.0050411667,0.0050411667,0.0076261945,0.0062003965,0.0076261945,0.0076261945,0.0066432753,0.0057870424,0.0050411667,0.0047050933,0.0047050933,0.0047050933,0.0066432753,0.0076261945,0.0076261945,0.0062003965,0.0054012444,0.0076261945,0.0066432753,0.0076261945,0.0047050933,0.0076261945,0.0057870424,0.0076261945,0.0047050933,0.0062003965,0.0054012444,0.0062003965,0.0057870424,0.0076261945,0.0062003965,0.0066432753,0.0047050933,0.0057870424,0.0062003965,0.0047050933,0.0057870424,0.0066432753,0.0071177883,0.0047050933,0.0071177883,0.0066432753,0.0047050933,0.0071177883,0.0076261945,0.0076261945,0.0050411667,0.0054012444,0.0057870424,0.0076261945,0.0076261945,0.0050411667,0.0066432753,0.0076261945,0.0050411667,0.0062003965,0.0066432753,0.0066432753,0.0062003965,0.0062003965,0.0071177883,0.0054012444,0.0066432753,0.0057870424,0.0050411667,0.0062003965,0.0054012444,0.0057870424,0.0066432753,0.0057870424,0.0047050933,0.0071177883,0.0054012444,0.0076261945,0.0076261945,0.0076261945,0.0047050933,0.0057870424,0.0054012444,0.0071177883,0.0076261945,0.0071177883,0.0066432753,0.0062003965,0.0062003965,0.0062003965,0.0050411667,1,3
0.0053030867,0.0065225456,0.004949552,0.008022423,0.004949552,0.0053030867,0.006988435,0.006988435,0.007487602,0.008022423,0.005681873,0.0053030867,0.004949552,0.008022423,0.008022423,0.0053030867,0.0065225456,0.0065225456,0.008022423,0.004949552,0.0053030867,0.0065225456,0.0060877157,0.0065225456,0.004949552,0.005681873,0.0060877157,0.0065225456,0.0060877157,0.004949552,0.005681873,0.0060877157,0.005681873,0.007487602,0.008022423,0.005681873,0.0065225456,0.004949552,0.0065225456,0.005681873,0.004949552,0.008022423,0.007487602,0.0060877157,0.008022423,0.004949552,0.005681873,0.004949552,0.006988435,0.006988435,0.005681873,0.0053030867,0.0065225456,0.008022423,0.0065225456,0.004949552,0.005681873,0.0053030867,0.006988435,0.006988435,0.006988435,0.005681873,0.0053030867,0.006988435,0.0065225456,0.0053030867,0.0065225456,0.004949552,0.008022423,0.004949552,0.004949552,0.0053030867,0.005681873,0.005681873,0.008022423,0.004949552,0.0053030867,0.0053030867,0.007487602,0.004949552,0.004949552,0.004949552,0.008022423,0.008022423,0.005681873,0.004949552,0.004949552,0.0060877157,0.006988435,0.005681873,0.0060877157,0.005681873,0.0053030867,0.007487602,0.005681873,0.004949552,0.004949552,0.005681873,0.008022423,0.008022423,0.0053030867,0.006988435,0.0053030867,0.0065225456,0.006988435,0.0053030867,0.005681873,0.004949552,0.008022423,0.007487602,0.006988435,0.005681873,0.004949552,0.007487602,0.007487602,0.0060877157,0.006988435,0.005681873,0.0065225456,0.004949552,0.0065225456,0.0053030867,0.0053030867,0.006988435,0.007487602,0.0060877157,0.008022423,0.006988435,0.008022423,0.007487602,0.005681873,0.005681873,0.007487602,0.007487602,0.0053030867,0.0060877157,0.004949552,0.0053030867,0.007487602,0.005681873,0.005681873,0.005681873,0.0060877157,0.008022423,0.007487602,0.0053030867,0.008022423,0.008022423,0.008022423,0.008022423,0.004949552,0.005681873,0.006988435,0.007487602,0.004949552,0.005681873,0.005681873,0.0065225456,0.005681873,0.0053030867,3,3
0.0056983083,0.006105324,0.00750926,0.00750926,0.004632949,0.0065414123,0.00750926,0.0070086494,0.00750926,0.00750926,0.00750926,0.0056983083,0.004632949,0.004632949,0.004632949,0.0065414123,0.0065414123,0.006105324,0.00750926,0.0056983083,0.0070086494,0.0070086494,0.0056983083,0.0056983083,0.004632949,0.0049638688,0.0056983083,0.006105324,0.006105324,0.0070086494,0.006105324,0.0056983083,0.0070086494,0.0065414123,0.0049638688,0.0070086494,0.006105324,0.006105324,0.004632949,0.0070086494,0.004632949,0.00750926,0.00750926,0.00750926,0.006105324,0.006105324,0.0056983083,0.00750926,0.00750926,0.0053184256,0.0053184256,0.00750926,0.00750926,0.00750926,0.004632949,0.00750926,0.0065414123,0.00750926,0.00750926,0.0056983083,0.0070086494,0.0053184256,0.004632949,0.0049638688,0.00750926,0.006105324,0.006105324,0.0053184256,0.006105324,0.0065414123,0.0056983083,0.00750926,0.0053184256,0.0049638688,0.004632949,0.00750926,0.006105324,0.00750926,0.00750926,0.00750926,0.00750926,0.004632949,0.004632949,0.004632949,0.004632949,0.00750926,0.00750926,0.00750926,0.004632949,0.00750926,0.00750926,0.0065414123,0.00750926,0.004632949,0.00750926,0.00750926,0.00750926,0.004632949,0.006105324,0.004632949,0.0053184256,0.00750926,0.0056983083,0.004632949,0.0065414123,0.004632949,0.0056983083,0.006105324,0.004632949,0.0056983083,0.0070086494,0.00750926,0.0049638688,0.00750926,0.006105324,0.004632949,0.0070086494,0.00750926,0.00750926,0.0049638688,0.00750926,0.0070086494,0.00750926,0.00750926,0.006105324,0.00750926,0.0056983083,0.004632949,0.0053184256,0.0065414123,0.006105324,0.0053184256,0.0065414123,0.0070086494,0.0056983083,0.0065414123,0.0049638688,0.004632949,0.006105324,0.006105324,0.0056983083,0.0056983083,0.0053184256,0.004632949,0.0065414123,0.0049638688,0.00750926,0.00750926,0.00750926,0.004632949,0.0053184256,0.0053184256,0.0070086494,0.00750926,0.00750926,0.004632949,0.0065414123,0.00750926,0.00750926,0.006105324,2,1
0.0061504706,0.007564788,0.007564788,0.007564788,0.0053577535,0.0065897834,0.007564788,0.005740445,0.0065897834,0.0061504706,0.0061504706,0.0053577535,0.0046672076,0.0046672076,0.0046672076,0.0061504706,0.0061504706,0.0061504706,0.007564788,0.005740445,0.0070604756,0.0070604756,0.0053577535,0.005740445,0.0046672076,0.007564788,0.0053577535,0.0053577535,0.005000575,0.005740445,0.0061504706,0.005740445,0.007564788,0.0065897834,0.0053577535,0.0065897834,0.0053577535,0.0061504706,0.0046672076,0.0065897834,0.0046672076,0.0065897834,0.007564788,0.005740445,0.0061504706,0.007564788,0.0070604756,0.007564788,0.007564788,0.007564788,0.0053577535,0.0065897834,0.0065897834,0.007564788,0.0046672076,0.007564788,0.0065897834,0.007564788,0.007564788,0.005740445,0.007564788,0.0061504706,0.0046672076,0.0046672076,0.007564788,0.005000575,0.005740445,0.0046672076,0.0053577535,0.0070604756,0.0070604756,0.0070604756,0.005000575,0.005000575,0.0053577535,0.007564788,0.0061504706,0.007564788,0.007564788,0.0070604756,0.0070604756,0.0053577535,0.0070604756,0.005740445,0.0065897834,0.007564788,0.007564788,0.007564788,0.0065897834,0.0046672076,0.007564788,0.0065897834,0.007564788,0.0046672076,0.007564788,0.0065897834,0.0070604756,0.005000575,0.0061504706,0.0046672076,0.0070604756,0.0070604756,0.005740445,0.0053577535,0.0061504706,0.0046672076,0.005740445,0.0061504706,0.0046672076,0.005740445,0.0065897834,0.0070604756,0.0046672076,0.0070604756,0.0061504706,0.0046672076,0.0065897834,0.007564788,0.007564788,0.0046672076,0.007564788,0.0070604756,0.007564788,0.007564788,0.005740445,0.0065897834,0.007564788,0.0046672076,0.0061504706,0.0065897834,0.0070604756,0.005740445,0.005000575,0.0061504706,0.0053577535,0.0065897834,0.005740445,0.0046672076,0.0061504706,0.0065897834,0.007564788,0.0065897834,0.0053577535,0.0046672076,0.0061504706,0.0046672076,0.007564788,0.007564788,0.007564788,0.0046672076,0.0070604756,0.0053577535,0.0070604756,0.0070604756,0.0046672076,0.0061504706,0.0061504706,0.0061504706,0.0053577535,0.005000575,1,0
0.0070803734,0.007586107,0.007586107,0.007586107,0.0053728526,0.0070803734,0.007586107,0.0070803734,0.007586107,0.006608355,0.006608355,0.006167804,0.0046803607,0.0046803607,0.0046803607,0.006167804,0.0070803734,0.0057566226,0.007586107,0.006608355,0.0070803734,0.0070803734,0.006167804,0.006167804,0.0046803607,0.0046803607,0.0053728526,0.006167804,0.006608355,0.0046803607,0.0046803607,0.006167804,0.007586107,0.006608355,0.0046803607,0.006608355,0.006167804,0.0057566226,0.0046803607,0.007586107,0.0046803607,0.007586107,0.007586107,0.007586107,0.0070803734,0.007586107,0.006608355,0.007586107,0.007586107,0.006608355,0.0053728526,0.007586107,0.007586107,0.007586107,0.0046803607,0.007586107,0.006608355,0.007586107,0.007586107,0.006167804,0.0046803607,0.0070803734,0.0046803607,0.0046803607,0.0050146673,0.0057566226,0.006167804,0.0050146673,0.0057566226,0.0053728526,0.0053728526,0.007586107,0.0046803607,0.0050146673,0.0046803607,0.007586107,0.006167804,0.007586107,0.007586107,0.007586107,0.007586107,0.0057566226,0.0046803607,0.0046803607,0.0057566226,0.0046803607,0.007586107,0.007586107,0.0057566226,0.0046803607,0.007586107,0.006608355,0.007586107,0.0046803607,0.007586107,0.007586107,0.007586107,0.0046803607,0.006167804,0.0046803607,0.0050146673,0.007586107,0.006608355,0.0050146673,0.0046803607,0.0046803607,0.0057566226,0.006167804,0.0046803607,0.0050146673,0.0070803734,0.007586107,0.0050146673,0.007586107,0.0057566226,0.0046803607,0.006608355,0.007586107,0.007586107,0.0053728526,0.007586107,0.0070803734,0.007586107,0.007586107,0.0050146673,0.007586107,0.0070803734,0.0046803607,0.0046803607,0.006167804,0.006608355,0.0057566226,0.006608355,0.0070803734,0.0057566226,0.0057566226,0.0050146673,0.0046803607,0.006167804,0.0053728526,0.0053728526,0.006608355,0.0057566226,0.0046803607,0.0070803734,0.0053728526,0.007586107,0.0070803734,0.006608355,0.0046803607,0.0046803607,0.0053728526,0.007586107,0.007586107,0.006167804,0.0046803607,0.0070803734,0.007586107,0.007586107,0.006167804,1,1
0.0065144063,0.0065144063,0.008012412,0.008012412,0.0069797146,0.005296469,0.004943376,0.004943376,0.004943376,0.008012412,0.0069797146,0.005296469,0.004943376,0.005296469,0.008012412,0.0056747827,0.0065144063,0.0065144063,0.004943376,0.0069797146,0.005296469,0.0074782586,0.0065144063,0.005296469,0.008012412,0.0074782586,0.0069797146,0.004943376,0.004943376,0.008012412,0.008012412,0.0056747827,0.004943376,0.0069797146,0.008012412,0.006080119,0.0065144063,0.006080119,0.0065144063,0.0074782586,0.004943376,0.0065144063,0.008012412,0.0069797146,0.008012412,0.008012412,0.0074782586,0.004943376,0.004943376,0.008012412,0.006080119,0.005296469,0.0069797146,0.004943376,0.008012412,0.004943376,0.0069797146,0.004943376,0.004943376,0.0074782586,0.008012412,0.005296469,0.006080119,0.005296469,0.008012412,0.005296469,0.0069797146,0.006080119,0.006080119,0.008012412,0.004943376,0.004943376,0.005296469,0.005296469,0.008012412,0.005296469,0.0056747827,0.004943376,0.0056747827,0.0056747827,0.004943376,0.005296469,0.004943376,0.008012412,0.008012412,0.004943376,0.004943376,0.005296469,0.0065144063,0.006080119,0.006080119,0.0069797146,0.004943376,0.008012412,0.008012412,0.006080119,0.004943376,0.0065144063,0.0056747827,0.008012412,0.0069797146,0.0069797146,0.0056747827,0.005296469,0.0074782586,0.008012412,0.0069797146,0.005296469,0.004943376,0.008012412,0.008012412,0.0069797146,0.006080119,0.004943376,0.0069797146,0.0056747827,0.0069797146,0.004943376,0.0065144063,0.004943376,0.0056747827,0.0065144063,0.006080119,0.0065144063,0.005296469,0.004943376,0.005296469,0.0056747827,0.008012412,0.005296469,0.0065144063,0.0069797146,0.0074782586,0.0069797146,0.0065144063,0.0056747827,0.004943376,0.004943376,0.004943376,0.0074782586,0.0056747827,0.0065144063,0.0065144063,0.005296469,0.0074782586,0.004943376,0.0056747827,0.004943376,0.004943376,0.008012412,0.004943376,0.0056747827,0.0069797146,0.0056747827,0.008012412,0.004943376,0.006080119,0.005296469,0.005296469,0.0074782586,2,4
0.0064504948,0.007933804,0.006020468,0.005619108,0.007404891,0.0064504948,0.007404891,0.005619108,0.006020468,0.007933804,0.0069112377,0.0064504948,0.0052445065,0.0052445065,0.0064504948,0.0064504948,0.007404891,0.006020468,0.0048948773,0.006020468,0.0048948773,0.007404891,0.0052445065,0.0052445065,0.006020468,0.007404891,0.0069112377,0.0052445065,0.0048948773,0.007933804,0.007933804,0.005619108,0.005619108,0.0069112377,0.007933804,0.006020468,0.006020468,0.0069112377,0.006020468,0.007404891,0.0048948773,0.0064504948,0.005619108,0.005619108,0.007404891,0.007933804,0.0064504948,0.0048948773,0.0048948773,0.0064504948,0.007933804,0.0064504948,0.0064504948,0.0048948773,0.007933804,0.0048948773,0.0064504948,0.0052445065,0.0048948773,0.0048948773,0.007933804,0.005619108,0.005619108,0.0052445065,0.007933804,0.0052445065,0.0069112377,0.006020468,0.0052445065,0.007404891,0.007933804,0.007933804,0.005619108,0.005619108,0.006020468,0.007933804,0.0064504948,0.0048948773,0.0048948773,0.0048948773,0.0048948773,0.0052445065,0.007933804,0.007933804,0.0069112377,0.0048948773,0.0052445065,0.005619108,0.007404891,0.006020468,0.006020468,0.0069112377,0.0048948773,0.007933804,0.007933804,0.0069112377,0.0048948773,0.005619108,0.0048948773,0.007933804,0.007404891,0.0064504948,0.007404891,0.005619108,0.0069112377,0.007933804,0.007404891,0.0064504948,0.0048948773,0.007933804,0.007933804,0.007404891,0.0064504948,0.0064504948,0.007404891,0.007933804,0.0064504948,0.0048948773,0.005619108,0.0048948773,0.0052445065,0.005619108,0.0048948773,0.0048948773,0.005619108,0.005619108,0.007933804,0.0048948773,0.005619108,0.005619108,0.007933804,0.005619108,0.0064504948,0.006020468,0.007404891,0.007933804,0.0048948773,0.0052445065,0.005619108,0.007933804,0.0052445065,0.005619108,0.0064504948,0.005619108,0.005619108,0.0048948773,0.0069112377,0.0052445065,0.0048948773,0.0069112377,0.005619108,0.005619108,0.0048948773,0.0048948773,0.007933804,0.007933804,0.006020468,0.0048948773,0.0048948773,0.007404891,1,4
0.0065362393,0.007003107,0.007503322,0.007503322,0.004629285,0.007003107,0.007503322,0.0065362393,0.007003107,0.004629285,0.007503322,0.0065362393,0.004629285,0.004629285,0.004629285,0.006100496,0.006100496,0.006100496,0.007503322,0.00531422,0.007003107,0.007003107,0.005693802,0.005693802,0.004629285,0.00531422,0.00531422,0.006100496,0.007003107,0.006100496,0.0065362393,0.006100496,0.007503322,0.006100496,0.004629285,0.007003107,0.005693802,0.0065362393,0.00531422,0.006100496,0.0049599437,0.007503322,0.007503322,0.007503322,0.004629285,0.0065362393,0.006100496,0.007503322,0.007503322,0.007003107,0.00531422,0.007003107,0.007503322,0.007503322,0.004629285,0.007503322,0.0065362393,0.007503322,0.007503322,0.005693802,0.0065362393,0.00531422,0.004629285,0.004629285,0.007503322,0.006100496,0.006100496,0.0049599437,0.005693802,0.006100496,0.006100496,0.007503322,0.0049599437,0.0049599437,0.004629285,0.007503322,0.006100496,0.007503322,0.007503322,0.007503322,0.007503322,0.004629285,0.004629285,0.004629285,0.004629285,0.007503322,0.007003107,0.007503322,0.005693802,0.007503322,0.007503322,0.0065362393,0.007503322,0.004629285,0.007503322,0.007503322,0.007503322,0.0049599437,0.006100496,0.004629285,0.004629285,0.006100496,0.0065362393,0.00531422,0.006100496,0.004629285,0.006100496,0.005693802,0.004629285,0.00531422,0.007003107,0.007503322,0.00531422,0.007503322,0.006100496,0.004629285,0.007003107,0.007503322,0.007503322,0.006100496,0.0065362393,0.006100496,0.007503322,0.007503322,0.006100496,0.007003107,0.006100496,0.005693802,0.006100496,0.006100496,0.007003107,0.00531422,0.006100496,0.007003107,0.005693802,0.0065362393,0.00531422,0.004629285,0.006100496,0.006100496,0.005693802,0.005693802,0.005693802,0.004629285,0.006100496,0.0065362393,0.007503322,0.007503322,0.007503322,0.004629285,0.0049599437,0.00531422,0.007503322,0.007503322,0.007503322,0.005693802,0.007003107,0.006100496,0.0065362393,0.007503322,2,2
0.007531729,0.007531729,0.007531729,0.007531729,0.0053343396,0.0070296205,0.007531729,0.0070296205,0.007531729,0.007531729,0.0057153585,0.0057153585,0.004646811,0.004646811,0.004646811,0.0065609855,0.0070296205,0.0065609855,0.007531729,0.006123592,0.0070296205,0.0070296205,0.006123592,0.006123592,0.004646811,0.004646811,0.0053343396,0.006123592,0.0070296205,0.0057153585,0.004646811,0.0057153585,0.007531729,0.0065609855,0.004646811,0.0065609855,0.006123592,0.0057153585,0.004646811,0.007531729,0.004646811,0.007531729,0.007531729,0.007531729,0.0070296205,0.007531729,0.0065609855,0.007531729,0.007531729,0.006123592,0.0053343396,0.007531729,0.007531729,0.007531729,0.004646811,0.007531729,0.0065609855,0.007531729,0.007531729,0.006123592,0.004646811,0.007531729,0.004646811,0.004646811,0.0057153585,0.0049787215,0.006123592,0.004646811,0.0053343396,0.0053343396,0.004646811,0.007531729,0.004646811,0.0049787215,0.004646811,0.007531729,0.006123592,0.007531729,0.007531729,0.007531729,0.007531729,0.0049787215,0.004646811,0.004646811,0.004646811,0.0053343396,0.007531729,0.007531729,0.0057153585,0.0065609855,0.007531729,0.0065609855,0.007531729,0.004646811,0.007531729,0.007531729,0.007531729,0.004646811,0.006123592,0.004646811,0.0049787215,0.007531729,0.0065609855,0.0049787215,0.0070296205,0.004646811,0.006123592,0.006123592,0.004646811,0.004646811,0.0070296205,0.007531729,0.006123592,0.007531729,0.0065609855,0.004646811,0.0065609855,0.007531729,0.007531729,0.0053343396,0.007531729,0.0065609855,0.007531729,0.007531729,0.006123592,0.007531729,0.0070296205,0.004646811,0.004646811,0.006123592,0.0065609855,0.0053343396,0.0065609855,0.0070296205,0.0049787215,0.0053343396,0.0049787215,0.0049787215,0.0070296205,0.0053343396,0.0053343396,0.0065609855,0.006123592,0.004646811,0.0065609855,0.0057153585,0.007531729,0.007531729,0.007531729,0.004646811,0.004646811,0.0053343396,0.007531729,0.007531729,0.006123592,0.004646811,0.0070296205,0.007531729,0.007531729,0.0049787215,0,1
0.005270857,0.006482905,0.004919471,0.007973666,0.004919471,0.005270857,0.0069459626,0.0069459626,0.007442096,0.007973666,0.006050717,0.005270857,0.004919471,0.007973666,0.006482905,0.004919471,0.006482905,0.005647341,0.007973666,0.005647341,0.004919471,0.006482905,0.006050717,0.006482905,0.004919471,0.005647341,0.006050717,0.006482905,0.006482905,0.004919471,0.0069459626,0.006482905,0.004919471,0.007442096,0.007973666,0.005647341,0.006482905,0.004919471,0.006482905,0.005647341,0.004919471,0.007442096,0.007442096,0.006050717,0.007973666,0.007442096,0.0069459626,0.004919471,0.007973666,0.0069459626,0.005647341,0.004919471,0.005647341,0.007973666,0.005647341,0.004919471,0.006050717,0.004919471,0.007973666,0.004919471,0.0069459626,0.005270857,0.005270857,0.006482905,0.0069459626,0.005270857,0.006482905,0.004919471,0.007973666,0.004919471,0.004919471,0.005270857,0.005647341,0.005647341,0.007973666,0.004919471,0.005270857,0.004919471,0.007973666,0.004919471,0.0069459626,0.006482905,0.007973666,0.007973666,0.0069459626,0.004919471,0.004919471,0.006050717,0.0069459626,0.005647341,0.006050717,0.006482905,0.004919471,0.007973666,0.005270857,0.004919471,0.004919471,0.006050717,0.007973666,0.007973666,0.005270857,0.0069459626,0.005270857,0.006482905,0.0069459626,0.006482905,0.005647341,0.004919471,0.007973666,0.006482905,0.0069459626,0.005647341,0.006050717,0.0069459626,0.0069459626,0.006050717,0.0069459626,0.005647341,0.006482905,0.004919471,0.007973666,0.005647341,0.004919471,0.007973666,0.005270857,0.005647341,0.007973666,0.0069459626,0.007973666,0.0069459626,0.005647341,0.005647341,0.007442096,0.007442096,0.005270857,0.006050717,0.004919471,0.005270857,0.007442096,0.005647341,0.006482905,0.005270857,0.006482905,0.007442096,0.005647341,0.005270857,0.007973666,0.007973666,0.007973666,0.007973666,0.004919471,0.005647341,0.007442096,0.007973666,0.004919471,0.005270857,0.005647341,0.006482905,0.005647341,0.005647341,3,3
0.0063386555,0.0072765043,0.007796247,0.007796247,0.0048100096,0.005153577,0.007796247,0.0067914105,0.0072765043,0.007796247,0.005521684,0.005521684,0.007796247,0.0048100096,0.007796247,0.0048100096,0.0063386555,0.0063386555,0.007796247,0.005521684,0.0072765043,0.0072765043,0.0059160846,0.0067914105,0.0048100096,0.005153577,0.0067914105,0.0063386555,0.005521684,0.007796247,0.0048100096,0.0063386555,0.0063386555,0.0067914105,0.007796247,0.0048100096,0.005521684,0.007796247,0.0048100096,0.005521684,0.005153577,0.0072765043,0.007796247,0.0059160846,0.0063386555,0.0048100096,0.0048100096,0.007796247,0.0048100096,0.0067914105,0.005521684,0.0063386555,0.007796247,0.005153577,0.005521684,0.0048100096,0.0048100096,0.007796247,0.0059160846,0.0063386555,0.0063386555,0.005521684,0.0072765043,0.0048100096,0.007796247,0.0059160846,0.0059160846,0.0048100096,0.005521684,0.0063386555,0.0059160846,0.0063386555,0.005521684,0.0048100096,0.007796247,0.005153577,0.005153577,0.007796247,0.0048100096,0.0048100096,0.0048100096,0.005521684,0.007796247,0.007796247,0.0072765043,0.0048100096,0.0059160846,0.007796247,0.007796247,0.0059160846,0.0067914105,0.0067914105,0.007796247,0.0048100096,0.007796247,0.0048100096,0.0048100096,0.007796247,0.0059160846,0.007796247,0.0067914105,0.0072765043,0.0072765043,0.005521684,0.0063386555,0.0048100096,0.005521684,0.0072765043,0.0048100096,0.007796247,0.0063386555,0.0063386555,0.0067914105,0.0072765043,0.0067914105,0.0048100096,0.0063386555,0.007796247,0.0063386555,0.0048100096,0.0048100096,0.005153577,0.007796247,0.007796247,0.0048100096,0.005153577,0.007796247,0.0059160846,0.0067914105,0.0072765043,0.005521684,0.0059160846,0.0072765043,0.0072765043,0.005153577,0.0059160846,0.0059160846,0.0063386555,0.0072765043,0.005521684,0.0048100096,0.0063386555,0.0063386555,0.005153577,0.005521684,0.005153577,0.007796247,0.007796247,0.007796247,0.005153577,0.0048100096,0.005521684,0.0072765043,0.007796247,0.0048100096,0.0059160846,0.0063386555,0.0067914105,0.0059160846,0.0048100096,2,2
0.00746527,0.00746527,0.00746527,0.00746527,0.0052872696,0.00746527,0.00746527,0.0065030917,0.00746527,0.0046058083,0.0065030917,0.005664927,0.0046058083,0.0046058083,0.0046058083,0.0065030917,0.006069558,0.006069558,0.00746527,0.005664927,0.006967592,0.006967592,0.0052872696,0.0052872696,0.0046058083,0.005664927,0.0052872696,0.006069558,0.006069558,0.0065030917,0.00746527,0.006069558,0.00746527,0.005664927,0.0046058083,0.006967592,0.005664927,0.0065030917,0.0052872696,0.006967592,0.0046058083,0.00746527,0.0065030917,0.006967592,0.00746527,0.006967592,0.006069558,0.00746527,0.00746527,0.00746527,0.0052872696,0.006967592,0.00746527,0.00746527,0.0046058083,0.00746527,0.0065030917,0.00746527,0.00746527,0.005664927,0.00746527,0.00493479,0.0046058083,0.0052872696,0.00746527,0.005664927,0.006069558,0.00493479,0.005664927,0.0065030917,0.006069558,0.00746527,0.0046058083,0.0052872696,0.0046058083,0.00746527,0.006069558,0.00746527,0.00746527,0.00746527,0.00746527,0.0046058083,0.0046058083,0.0046058083,0.0046058083,0.00746527,0.0065030917,0.00746527,0.00493479,0.00746527,0.00746527,0.0065030917,0.00746527,0.0046058083,0.00746527,0.00746527,0.00746527,0.0052872696,0.006069558,0.0046058083,0.0052872696,0.006069558,0.006069558,0.0052872696,0.006967592,0.0046058083,0.005664927,0.0052872696,0.0046058083,0.005664927,0.006967592,0.00746527,0.0052872696,0.00746527,0.0065030917,0.0046058083,0.006967592,0.00746527,0.00746527,0.006069558,0.00746527,0.006069558,0.00746527,0.00746527,0.00746527,0.006967592,0.005664927,0.0046058083,0.00493479,0.0065030917,0.00746527,0.0052872696,0.006069558,0.006967592,0.006069558,0.0065030917,0.005664927,0.0046058083,0.0065030917,0.0052872696,0.005664927,0.005664927,0.005664927,0.0046058083,0.005664927,0.0065030917,0.00746527,0.00746527,0.00746527,0.0046058083,0.005664927,0.0052872696,0.006967592,0.00746527,0.00746527,0.005664927,0.006967592,0.00493479,0.0052872696,0.00746527,0,3
0.0061011054,0.0075040716,0.0075040716,0.0075040716,0.004960439,0.007003807,0.0075040716,0.0065368926,0.007003807,0.0046297475,0.0061011054,0.005694371,0.0046297475,0.0046297475,0.005314751,0.0061011054,0.0065368926,0.0061011054,0.0075040716,0.0061011054,0.007003807,0.007003807,0.005694371,0.005694371,0.0046297475,0.005314751,0.005314751,0.0061011054,0.007003807,0.0065368926,0.0065368926,0.0061011054,0.0075040716,0.0061011054,0.0046297475,0.005694371,0.005314751,0.0061011054,0.0046297475,0.007003807,0.0046297475,0.0075040716,0.0075040716,0.0075040716,0.005314751,0.0075040716,0.0065368926,0.0075040716,0.0075040716,0.007003807,0.005314751,0.007003807,0.0075040716,0.0075040716,0.0046297475,0.0075040716,0.0065368926,0.0075040716,0.0075040716,0.005694371,0.0061011054,0.005694371,0.0046297475,0.004960439,0.007003807,0.0061011054,0.0061011054,0.004960439,0.005694371,0.005694371,0.005314751,0.0075040716,0.0046297475,0.004960439,0.004960439,0.0075040716,0.0061011054,0.0075040716,0.0075040716,0.0075040716,0.0075040716,0.0046297475,0.0046297475,0.0046297475,0.0046297475,0.0075040716,0.0075040716,0.0075040716,0.005694371,0.0075040716,0.0075040716,0.0065368926,0.0075040716,0.0046297475,0.0075040716,0.0075040716,0.0075040716,0.0046297475,0.0061011054,0.0046297475,0.005694371,0.0075040716,0.0065368926,0.004960439,0.0061011054,0.0046297475,0.0061011054,0.005314751,0.0046297475,0.005314751,0.007003807,0.0075040716,0.005314751,0.0075040716,0.007003807,0.0046297475,0.0065368926,0.0075040716,0.0075040716,0.0061011054,0.0065368926,0.0061011054,0.0075040716,0.0075040716,0.0075040716,0.0075040716,0.0075040716,0.0046297475,0.004960439,0.007003807,0.0065368926,0.005314751,0.0061011054,0.007003807,0.0061011054,0.0065368926,0.005314751,0.0046297475,0.0061011054,0.005694371,0.005314751,0.0065368926,0.005694371,0.0046297475,0.007003807,0.005694371,0.0075040716,0.0075040716,0.0075040716,0.0046297475,0.0046297475,0.005314751,0.0075040716,0.0075040716,0.0075040716,0.005314751,0.0065368926,0.0061011054,0.005694371,0.0061011054,1,1
0.006308669,0.007759365,0.007759365,0.007759365,0.0047872546,0.0051291967,0.007759365,0.006308669,0.0067592817,0.007759365,0.006308669,0.005888097,0.0047872546,0.0047872546,0.007759365,0.007759365,0.005495562,0.0047872546,0.007759365,0.0067592817,0.007759365,0.0072420808,0.0047872546,0.005495562,0.005888097,0.0067592817,0.0067592817,0.0051291967,0.005888097,0.0072420808,0.0072420808,0.005495562,0.0047872546,0.0047872546,0.007759365,0.005888097,0.006308669,0.0067592817,0.005495562,0.007759365,0.0047872546,0.005888097,0.007759365,0.005888097,0.007759365,0.006308669,0.005495562,0.0047872546,0.006308669,0.007759365,0.0067592817,0.0067592817,0.005495562,0.007759365,0.005495562,0.007759365,0.0047872546,0.0047872546,0.005495562,0.007759365,0.006308669,0.0051291967,0.0051291967,0.0051291967,0.007759365,0.0051291967,0.005888097,0.0047872546,0.005495562,0.006308669,0.0047872546,0.006308669,0.0051291967,0.0051291967,0.007759365,0.007759365,0.006308669,0.007759365,0.005888097,0.0072420808,0.0047872546,0.005495562,0.007759365,0.007759365,0.0067592817,0.0047872546,0.0047872546,0.005495562,0.0051291967,0.0051291967,0.005888097,0.0067592817,0.007759365,0.0047872546,0.007759365,0.005495562,0.0047872546,0.0047872546,0.0067592817,0.005888097,0.007759365,0.0072420808,0.005495562,0.0047872546,0.0072420808,0.005495562,0.005495562,0.0047872546,0.0047872546,0.007759365,0.006308669,0.007759365,0.0047872546,0.007759365,0.0067592817,0.005888097,0.0067592817,0.0067592817,0.005495562,0.0047872546,0.0047872546,0.0051291967,0.007759365,0.007759365,0.0051291967,0.0067592817,0.007759365,0.005495562,0.007759365,0.007759365,0.0072420808,0.005888097,0.006308669,0.0072420808,0.007759365,0.006308669,0.006308669,0.0051291967,0.0067592817,0.005495562,0.0051291967,0.0067592817,0.006308669,0.005495562,0.005888097,0.0051291967,0.007759365,0.007759365,0.007759365,0.005495562,0.005888097,0.005495562,0.006308669,0.0067592817,0.0067592817,0.0072420808,0.006308669,0.006308669,0.005495562,0.0047872546,1,4
0.004942513,0.0052955444,0.006079057,0.008011013,0.004942513,0.0052955444,0.006513269,0.006978496,0.007476953,0.008011013,0.006079057,0.0052955444,0.004942513,0.008011013,0.006513269,0.0052955444,0.006079057,0.0052955444,0.008011013,0.004942513,0.004942513,0.007476953,0.006079057,0.006513269,0.004942513,0.006079057,0.0056737917,0.006513269,0.006978496,0.004942513,0.008011013,0.006978496,0.0056737917,0.007476953,0.008011013,0.0052955444,0.0056737917,0.0056737917,0.004942513,0.006079057,0.004942513,0.006513269,0.007476953,0.006079057,0.008011013,0.006079057,0.0052955444,0.006513269,0.008011013,0.006079057,0.0056737917,0.0052955444,0.0056737917,0.008011013,0.0056737917,0.004942513,0.006079057,0.004942513,0.006978496,0.004942513,0.006513269,0.006513269,0.004942513,0.007476953,0.0052955444,0.0052955444,0.006513269,0.004942513,0.008011013,0.004942513,0.0052955444,0.004942513,0.0056737917,0.0056737917,0.008011013,0.004942513,0.0056737917,0.0052955444,0.008011013,0.0056737917,0.004942513,0.004942513,0.008011013,0.008011013,0.006978496,0.004942513,0.0056737917,0.007476953,0.006978496,0.006079057,0.006079057,0.006513269,0.004942513,0.008011013,0.0052955444,0.004942513,0.004942513,0.006978496,0.008011013,0.007476953,0.0052955444,0.006978496,0.004942513,0.006513269,0.006978496,0.008011013,0.006513269,0.0052955444,0.008011013,0.008011013,0.007476953,0.0056737917,0.006079057,0.006978496,0.006978496,0.006079057,0.006978496,0.004942513,0.006513269,0.004942513,0.006978496,0.0052955444,0.004942513,0.007476953,0.006079057,0.0056737917,0.006978496,0.006978496,0.008011013,0.006079057,0.0056737917,0.0056737917,0.007476953,0.007476953,0.0052955444,0.0056737917,0.0052955444,0.004942513,0.006513269,0.0056737917,0.006079057,0.0052955444,0.007476953,0.006513269,0.006513269,0.0056737917,0.006978496,0.008011013,0.008011013,0.008011013,0.004942513,0.0056737917,0.006978496,0.007476953,0.004942513,0.0052955444,0.004942513,0.007476953,0.006978496,0.0052955444,3,3
0.005009229,0.005009229,0.006161115,0.008119149,0.005009229,0.0053670257,0.005009229,0.0070726946,0.00757788,0.008119149,0.006601188,0.0053670257,0.005009229,0.008119149,0.006601188,0.006161115,0.0053670257,0.0053670257,0.008119149,0.0053670257,0.005009229,0.00757788,0.006601188,0.006601188,0.005009229,0.005009229,0.005750379,0.006601188,0.006601188,0.005009229,0.006601188,0.006601188,0.006161115,0.00757788,0.008119149,0.006161115,0.006601188,0.005009229,0.008119149,0.006601188,0.005009229,0.006601188,0.0070726946,0.006161115,0.008119149,0.00757788,0.006601188,0.006601188,0.008119149,0.006161115,0.006601188,0.0053670257,0.005009229,0.008119149,0.0070726946,0.0053670257,0.005750379,0.0053670257,0.008119149,0.005009229,0.006601188,0.006161115,0.005750379,0.006161115,0.005009229,0.0053670257,0.006601188,0.005009229,0.00757788,0.006161115,0.0053670257,0.005009229,0.005750379,0.005750379,0.008119149,0.005009229,0.0053670257,0.0053670257,0.008119149,0.005009229,0.005009229,0.005009229,0.008119149,0.008119149,0.006601188,0.005009229,0.005009229,0.0070726946,0.0070726946,0.0053670257,0.006601188,0.005009229,0.005009229,0.008119149,0.005009229,0.006161115,0.005009229,0.005009229,0.0070726946,0.0070726946,0.0053670257,0.00757788,0.005009229,0.0053670257,0.005009229,0.0053670257,0.005750379,0.0053670257,0.008119149,0.0053670257,0.0053670257,0.005009229,0.0053670257,0.008119149,0.006161115,0.0070726946,0.006601188,0.0053670257,0.006601188,0.005009229,0.005009229,0.0053670257,0.005750379,0.008119149,0.0053670257,0.005009229,0.008119149,0.006601188,0.008119149,0.00757788,0.005750379,0.005750379,0.00757788,0.00757788,0.005750379,0.005750379,0.005009229,0.005009229,0.006601188,0.006601188,0.005009229,0.0070726946,0.00757788,0.00757788,0.006601188,0.005750379,0.005750379,0.008119149,0.008119149,0.008119149,0.006601188,0.005750379,0.0070726946,0.00757788,0.005750379,0.005009229,0.005009229,0.006161115,0.00757788,0.005009229,3,3
0.0049704933,0.005325523,0.0049704933,0.0065501416,0.006113472,0.0065501416,0.005325523,0.007018002,0.008056365,0.008056365,0.005705912,0.005325523,0.0049704933,0.008056365,0.007018002,0.006113472,0.0065501416,0.005325523,0.008056365,0.005325523,0.006113472,0.007519281,0.006113472,0.0065501416,0.006113472,0.007018002,0.006113472,0.0065501416,0.0065501416,0.007018002,0.007519281,0.006113472,0.005325523,0.007018002,0.008056365,0.006113472,0.005705912,0.0049704933,0.007519281,0.0065501416,0.0049704933,0.007018002,0.007018002,0.006113472,0.008056365,0.006113472,0.005325523,0.006113472,0.008056365,0.005705912,0.007018002,0.005705912,0.005325523,0.008056365,0.007018002,0.005325523,0.005705912,0.005325523,0.007018002,0.005325523,0.0065501416,0.006113472,0.005325523,0.007018002,0.005325523,0.006113472,0.0065501416,0.0049704933,0.008056365,0.0049704933,0.0049704933,0.0049704933,0.005705912,0.005325523,0.008056365,0.0049704933,0.005325523,0.0049704933,0.007519281,0.0049704933,0.0049704933,0.0049704933,0.008056365,0.008056365,0.007018002,0.0049704933,0.005705912,0.007018002,0.006113472,0.007018002,0.0065501416,0.0049704933,0.0049704933,0.008056365,0.0049704933,0.0049704933,0.0049704933,0.005705912,0.008056365,0.008056365,0.0065501416,0.0065501416,0.0049704933,0.0049704933,0.0065501416,0.005325523,0.005705912,0.0049704933,0.008056365,0.006113472,0.005705912,0.005705912,0.005325523,0.008056365,0.0065501416,0.005705912,0.0065501416,0.0049704933,0.0065501416,0.0049704933,0.005325523,0.005325523,0.005705912,0.008056365,0.006113472,0.0049704933,0.008056365,0.0065501416,0.008056365,0.008056365,0.0065501416,0.006113472,0.007018002,0.007519281,0.005325523,0.006113472,0.0049704933,0.0049704933,0.0065501416,0.006113472,0.0065501416,0.006113472,0.0065501416,0.0065501416,0.005705912,0.005705912,0.005705912,0.008056365,0.008056365,0.008056365,0.006113472,0.005705912,0.0065501416,0.007519281,0.0065501416,0.005705912,0.0049704933,0.005325523,0.007018002,0.0049704933,8,3
0.005347727,0.007550631,0.0049912166,0.0049912166,0.008089954,0.005347727,0.0049912166,0.0049912166,0.0049912166,0.008089954,0.007550631,0.005347727,0.0049912166,0.007550631,0.008089954,0.005347727,0.0049912166,0.006138961,0.0049912166,0.008089954,0.005729702,0.007550631,0.0065774512,0.005347727,0.007047262,0.0065774512,0.0065774512,0.006138961,0.005347727,0.008089954,0.007047262,0.0049912166,0.006138961,0.007550631,0.008089954,0.0049912166,0.006138961,0.005729702,0.0049912166,0.005729702,0.0049912166,0.006138961,0.008089954,0.006138961,0.008089954,0.008089954,0.0065774512,0.0049912166,0.0049912166,0.008089954,0.006138961,0.0049912166,0.008089954,0.0049912166,0.007047262,0.005347727,0.007047262,0.0049912166,0.0049912166,0.007047262,0.007550631,0.005347727,0.006138961,0.005729702,0.008089954,0.007047262,0.0065774512,0.005729702,0.008089954,0.006138961,0.0049912166,0.005347727,0.005347727,0.005347727,0.008089954,0.005347727,0.0065774512,0.0049912166,0.006138961,0.005347727,0.0049912166,0.007047262,0.007550631,0.006138961,0.008089954,0.0049912166,0.005729702,0.005347727,0.007550631,0.006138961,0.006138961,0.007047262,0.0049912166,0.008089954,0.008089954,0.006138961,0.0049912166,0.006138961,0.0065774512,0.008089954,0.007047262,0.007550631,0.007550631,0.005729702,0.0065774512,0.008089954,0.007550631,0.0049912166,0.0049912166,0.008089954,0.007047262,0.005729702,0.006138961,0.005729702,0.0065774512,0.006138961,0.007047262,0.0065774512,0.0065774512,0.0049912166,0.0049912166,0.005729702,0.0049912166,0.007047262,0.005729702,0.0049912166,0.0049912166,0.007047262,0.008089954,0.005347727,0.0049912166,0.006138961,0.007550631,0.007047262,0.005729702,0.006138961,0.0049912166,0.007047262,0.005729702,0.007047262,0.0049912166,0.005347727,0.007047262,0.007047262,0.007550631,0.0049912166,0.0049912166,0.0049912166,0.0049912166,0.007550631,0.0049912166,0.005729702,0.007047262,0.0049912166,0.0065774512,0.0049912166,0.005347727,0.005729702,0.005347727,0.008089954,4,4
0.0076486636,0.0076486636,0.0076486636,0.0076486636,0.004718956,0.0071387594,0.0076486636,0.0054171584,0.0066628484,0.004718956,0.0062186643,0.0066628484,0.004718956,0.004718956,0.004718956,0.0062186643,0.0066628484,0.0066628484,0.0076486636,0.005804093,0.0071387594,0.0071387594,0.005804093,0.005804093,0.004718956,0.0050560194,0.0054171584,0.0062186643,0.005804093,0.004718956,0.004718956,0.0062186643,0.0076486636,0.0066628484,0.004718956,0.0071387594,0.0062186643,0.005804093,0.004718956,0.0071387594,0.004718956,0.0066628484,0.0054171584,0.005804093,0.0076486636,0.0076486636,0.0071387594,0.0076486636,0.0076486636,0.0076486636,0.0054171584,0.0076486636,0.0076486636,0.0076486636,0.004718956,0.0076486636,0.0066628484,0.0076486636,0.0076486636,0.0062186643,0.004718956,0.0066628484,0.004718956,0.004718956,0.0054171584,0.0062186643,0.0062186643,0.004718956,0.0054171584,0.0062186643,0.0062186643,0.0076486636,0.004718956,0.0054171584,0.004718956,0.0076486636,0.0062186643,0.0076486636,0.0076486636,0.0076486636,0.0076486636,0.0050560194,0.004718956,0.004718956,0.004718956,0.004718956,0.0076486636,0.0076486636,0.005804093,0.004718956,0.0076486636,0.0066628484,0.0076486636,0.004718956,0.0076486636,0.0076486636,0.0076486636,0.0050560194,0.0062186643,0.004718956,0.0054171584,0.0076486636,0.0066628484,0.0050560194,0.0050560194,0.004718956,0.0062186643,0.0062186643,0.004718956,0.004718956,0.0062186643,0.0076486636,0.0054171584,0.0076486636,0.005804093,0.005804093,0.0066628484,0.0062186643,0.0062186643,0.0076486636,0.0076486636,0.0071387594,0.0076486636,0.0076486636,0.0076486636,0.0076486636,0.0076486636,0.004718956,0.0050560194,0.0066628484,0.005804093,0.0054171584,0.0050560194,0.0062186643,0.0050560194,0.005804093,0.0054171584,0.004718956,0.0062186643,0.0054171584,0.0054171584,0.0066628484,0.005804093,0.004718956,0.0066628484,0.0066628484,0.0076486636,0.0076486636,0.0076486636,0.004718956,0.0050560194,0.0054171584,0.0076486636,0.0076486636,0.0062186643,0.0076486636,0.0071387594,0.004718956,0.004718956,0.0076486636,0,1
0.0070052687,0.006102379,0.0075056376,0.0075056376,0.0046307137,0.0075056376,0.0075056376,0.0070052687,0.0075056376,0.0075056376,0.006102379,0.0056955596,0.0046307137,0.0046307137,0.0053158603,0.0049614743,0.0070052687,0.006102379,0.0075056376,0.0046307137,0.006102379,0.0070052687,0.0056955596,0.0065382565,0.0056955596,0.0075056376,0.0053158603,0.006102379,0.0056955596,0.0065382565,0.0056955596,0.0053158603,0.0075056376,0.0065382565,0.0046307137,0.0065382565,0.006102379,0.006102379,0.0046307137,0.0065382565,0.0046307137,0.0065382565,0.0075056376,0.0070052687,0.006102379,0.0075056376,0.0065382565,0.0075056376,0.0075056376,0.0053158603,0.0065382565,0.0075056376,0.0075056376,0.0075056376,0.0046307137,0.0075056376,0.006102379,0.0075056376,0.0075056376,0.0070052687,0.0049614743,0.0070052687,0.0056955596,0.006102379,0.0070052687,0.006102379,0.006102379,0.0046307137,0.0053158603,0.0070052687,0.0049614743,0.0070052687,0.0049614743,0.0053158603,0.0046307137,0.0075056376,0.006102379,0.0075056376,0.0075056376,0.0070052687,0.0070052687,0.0049614743,0.0046307137,0.0046307137,0.0046307137,0.0070052687,0.0075056376,0.0075056376,0.0056955596,0.0075056376,0.0075056376,0.0065382565,0.0075056376,0.0046307137,0.0075056376,0.0075056376,0.0075056376,0.0046307137,0.006102379,0.0046307137,0.0053158603,0.0075056376,0.006102379,0.0049614743,0.0070052687,0.0046307137,0.0056955596,0.006102379,0.0046307137,0.0049614743,0.0075056376,0.0075056376,0.0046307137,0.0070052687,0.006102379,0.0046307137,0.0070052687,0.0075056376,0.0070052687,0.0049614743,0.0075056376,0.0070052687,0.0075056376,0.0075056376,0.0056955596,0.0075056376,0.0070052687,0.0046307137,0.0046307137,0.0065382565,0.0065382565,0.0053158603,0.0065382565,0.0070052687,0.006102379,0.0053158603,0.0049614743,0.0046307137,0.006102379,0.0053158603,0.0056955596,0.0065382565,0.0056955596,0.0046307137,0.006102379,0.0053158603,0.0075056376,0.0075056376,0.0075056376,0.0046307137,0.0046307137,0.0053158603,0.0075056376,0.0075056376,0.0075056376,0.0046307137,0.0075056376,0.0070052687,0.0070052687,0.0049614743,2,1
0.0066988207,0.007689958,0.007689958,0.007689958,0.0054464047,0.007689958,0.007689958,0.007177301,0.007689958,0.007689958,0.007177301,0.0066988207,0.004744433,0.004744433,0.0050833165,0.004744433,0.007177301,0.0062522385,0.007689958,0.004744433,0.005835429,0.007177301,0.0062522385,0.0066988207,0.004744433,0.0054464047,0.005835429,0.0050833165,0.005835429,0.004744433,0.004744433,0.0062522385,0.007689958,0.0066988207,0.004744433,0.0066988207,0.0062522385,0.0062522385,0.004744433,0.0062522385,0.004744433,0.0066988207,0.007689958,0.007177301,0.0062522385,0.007689958,0.0066988207,0.007177301,0.007689958,0.005835429,0.0066988207,0.007689958,0.007689958,0.007689958,0.004744433,0.007689958,0.0066988207,0.007689958,0.007689958,0.0066988207,0.004744433,0.0054464047,0.0066988207,0.005835429,0.004744433,0.005835429,0.0062522385,0.004744433,0.005835429,0.007177301,0.004744433,0.007689958,0.004744433,0.0050833165,0.004744433,0.007689958,0.005835429,0.007689958,0.007689958,0.0062522385,0.0062522385,0.004744433,0.004744433,0.004744433,0.0054464047,0.004744433,0.007689958,0.0066988207,0.005835429,0.004744433,0.0066988207,0.0066988207,0.007689958,0.004744433,0.007689958,0.007689958,0.007689958,0.004744433,0.0062522385,0.004744433,0.0054464047,0.007689958,0.0066988207,0.0050833165,0.004744433,0.004744433,0.0062522385,0.005835429,0.004744433,0.0054464047,0.007177301,0.007689958,0.004744433,0.007689958,0.0062522385,0.004744433,0.007177301,0.007689958,0.007689958,0.0066988207,0.007689958,0.007177301,0.007689958,0.007689958,0.0062522385,0.007689958,0.007177301,0.004744433,0.004744433,0.0066988207,0.0050833165,0.0054464047,0.0066988207,0.007177301,0.004744433,0.0054464047,0.004744433,0.004744433,0.0062522385,0.0054464047,0.005835429,0.0066988207,0.0054464047,0.004744433,0.0062522385,0.0050833165,0.007689958,0.0062522385,0.0062522385,0.004744433,0.004744433,0.0054464047,0.007689958,0.007689958,0.0066988207,0.004744433,0.007689958,0.007689958,0.007689958,0.004744433,1,0
0.0048279953,0.0059382063,0.0048279953,0.007825399,0.0048279953,0.0059382063,0.007825399,0.006816805,0.007825399,0.007825399,0.006362357,0.006362357,0.0048279953,0.0073037124,0.006816805,0.007825399,0.006362357,0.0051728473,0.007825399,0.006362357,0.0055423304,0.0073037124,0.0055423304,0.006816805,0.0048279953,0.0073037124,0.0055423304,0.006362357,0.0048279953,0.0073037124,0.006362357,0.0055423304,0.0051728473,0.0073037124,0.007825399,0.006362357,0.0048279953,0.006362357,0.0055423304,0.0073037124,0.0048279953,0.006362357,0.007825399,0.0059382063,0.007825399,0.006816805,0.006816805,0.0059382063,0.007825399,0.0059382063,0.0055423304,0.0059382063,0.006816805,0.0051728473,0.0055423304,0.0048279953,0.0059382063,0.0055423304,0.007825399,0.0048279953,0.006362357,0.0059382063,0.0059382063,0.0055423304,0.0073037124,0.0059382063,0.0055423304,0.0048279953,0.007825399,0.0059382063,0.0048279953,0.0055423304,0.0055423304,0.0055423304,0.007825399,0.0055423304,0.0051728473,0.006362357,0.0073037124,0.0048279953,0.0048279953,0.006816805,0.007825399,0.007825399,0.006816805,0.0048279953,0.0051728473,0.0051728473,0.0059382063,0.0059382063,0.0059382063,0.006816805,0.0048279953,0.007825399,0.006816805,0.0048279953,0.0048279953,0.006362357,0.006362357,0.0073037124,0.007825399,0.0073037124,0.0051728473,0.0055423304,0.0073037124,0.0055423304,0.0055423304,0.0048279953,0.007825399,0.007825399,0.006816805,0.006816805,0.0055423304,0.007825399,0.006816805,0.0051728473,0.006362357,0.006362357,0.0051728473,0.0048279953,0.0051728473,0.0055423304,0.0048279953,0.007825399,0.0059382063,0.0055423304,0.0073037124,0.006362357,0.007825399,0.006362357,0.006816805,0.007825399,0.0059382063,0.0059382063,0.0059382063,0.006816805,0.0055423304,0.0048279953,0.0073037124,0.007825399,0.006816805,0.0059382063,0.0059382063,0.0055423304,0.0055423304,0.0059382063,0.007825399,0.007825399,0.007825399,0.0055423304,0.0051728473,0.0055423304,0.006816805,0.0073037124,0.0055423304,0.007825399,0.0055423304,0.0059382063,0.006362357,0.0048279953,3,3
0.007523562,0.007523562,0.007523562,0.007523562,0.005709161,0.005709161,0.007523562,0.0065538706,0.007523562,0.007523562,0.0070219976,0.005328555,0.0046417727,0.0046417727,0.0046417727,0.0065538706,0.0065538706,0.006116952,0.007523562,0.006116952,0.0070219976,0.0070219976,0.005709161,0.005709161,0.0046417727,0.0046417727,0.005328555,0.006116952,0.0070219976,0.005328555,0.005709161,0.005328555,0.007523562,0.0065538706,0.0046417727,0.0070219976,0.006116952,0.005709161,0.0046417727,0.007523562,0.0046417727,0.007523562,0.007523562,0.007523562,0.0065538706,0.007523562,0.006116952,0.007523562,0.007523562,0.006116952,0.005328555,0.007523562,0.007523562,0.007523562,0.0046417727,0.007523562,0.0065538706,0.007523562,0.007523562,0.005709161,0.004973323,0.005709161,0.0046417727,0.0046417727,0.007523562,0.005709161,0.006116952,0.005328555,0.006116952,0.0070219976,0.0046417727,0.007523562,0.0046417727,0.0046417727,0.0046417727,0.007523562,0.006116952,0.007523562,0.007523562,0.007523562,0.007523562,0.0046417727,0.0046417727,0.0046417727,0.0046417727,0.007523562,0.007523562,0.007523562,0.004973323,0.007523562,0.007523562,0.0065538706,0.007523562,0.0046417727,0.007523562,0.007523562,0.007523562,0.0046417727,0.006116952,0.0046417727,0.005328555,0.007523562,0.006116952,0.004973323,0.005709161,0.0046417727,0.005709161,0.006116952,0.0046417727,0.005709161,0.0070219976,0.007523562,0.005328555,0.007523562,0.005709161,0.0046417727,0.0070219976,0.007523562,0.007523562,0.006116952,0.007523562,0.0065538706,0.007523562,0.007523562,0.006116952,0.007523562,0.005709161,0.0046417727,0.0046417727,0.0065538706,0.006116952,0.005328555,0.006116952,0.0070219976,0.005709161,0.0065538706,0.004973323,0.0046417727,0.006116952,0.005328555,0.005328555,0.005709161,0.005328555,0.0046417727,0.0065538706,0.004973323,0.007523562,0.007523562,0.007523562,0.0046417727,0.004973323,0.005328555,0.0070219976,0.007523562,0.0070219976,0.0046417727,0.0070219976,0.007523562,0.007523562,0.0065538706,0,1
0.0049672127,0.005322009,0.0061094374,0.008051048,0.0049672127,0.0061094374,0.008051048,0.0070133707,0.008051048,0.008051048,0.0057021463,0.005322009,0.0049672127,0.008051048,0.0070133707,0.0061094374,0.006545819,0.005322009,0.008051048,0.0049672127,0.005322009,0.0057021463,0.006545819,0.0057021463,0.0049672127,0.0070133707,0.0057021463,0.006545819,0.0061094374,0.008051048,0.008051048,0.0061094374,0.0049672127,0.0070133707,0.008051048,0.0061094374,0.006545819,0.0049672127,0.008051048,0.0057021463,0.0049672127,0.0070133707,0.008051048,0.0057021463,0.008051048,0.0049672127,0.0057021463,0.0049672127,0.008051048,0.0061094374,0.0057021463,0.005322009,0.0049672127,0.008051048,0.005322009,0.0049672127,0.005322009,0.005322009,0.008051048,0.0061094374,0.0070133707,0.005322009,0.005322009,0.006545819,0.0070133707,0.0061094374,0.0061094374,0.0049672127,0.008051048,0.0061094374,0.0049672127,0.0057021463,0.0057021463,0.0057021463,0.006545819,0.0049672127,0.005322009,0.005322009,0.008051048,0.005322009,0.0049672127,0.0070133707,0.008051048,0.008051048,0.008051048,0.0049672127,0.0057021463,0.0057021463,0.006545819,0.0061094374,0.0061094374,0.0061094374,0.0049672127,0.008051048,0.0049672127,0.0049672127,0.0049672127,0.0049672127,0.006545819,0.006545819,0.006545819,0.0061094374,0.005322009,0.0057021463,0.0070133707,0.0049672127,0.0057021463,0.0049672127,0.008051048,0.0061094374,0.006545819,0.007514319,0.005322009,0.0070133707,0.0070133707,0.0061094374,0.0061094374,0.0049672127,0.0061094374,0.0049672127,0.0049672127,0.005322009,0.0049672127,0.008051048,0.0057021463,0.0057021463,0.008051048,0.006545819,0.008051048,0.007514319,0.0061094374,0.0057021463,0.007514319,0.007514319,0.005322009,0.0057021463,0.005322009,0.005322009,0.007514319,0.0057021463,0.0057021463,0.0070133707,0.006545819,0.008051048,0.0057021463,0.005322009,0.008051048,0.008051048,0.008051048,0.0070133707,0.0049672127,0.0057021463,0.0070133707,0.007514319,0.005322009,0.006545819,0.0057021463,0.0061094374,0.005322009,0.005322009,3,3
0.0056439955,0.006047133,0.007968943,0.006047133,0.006047133,0.006479064,0.0056439955,0.0049165566,0.0049165566,0.007968943,0.0069418475,0.0069418475,0.005267734,0.005267734,0.006047133,0.0069418475,0.007437687,0.006047133,0.007437687,0.006047133,0.005267734,0.0056439955,0.0049165566,0.0049165566,0.0049165566,0.007968943,0.006047133,0.005267734,0.0049165566,0.0069418475,0.007968943,0.0056439955,0.0049165566,0.006479064,0.007968943,0.0049165566,0.006479064,0.006479064,0.0056439955,0.0069418475,0.0049165566,0.0056439955,0.006047133,0.0056439955,0.007437687,0.007968943,0.0069418475,0.0049165566,0.0049165566,0.0069418475,0.006047133,0.006047133,0.006047133,0.0049165566,0.0069418475,0.005267734,0.0069418475,0.005267734,0.0049165566,0.0056439955,0.007437687,0.0056439955,0.006047133,0.0049165566,0.006479064,0.005267734,0.006047133,0.006047133,0.0056439955,0.006479064,0.0069418475,0.007968943,0.0056439955,0.005267734,0.007437687,0.0069418475,0.006479064,0.0049165566,0.0056439955,0.0049165566,0.0049165566,0.0069418475,0.007968943,0.0056439955,0.007968943,0.0049165566,0.0049165566,0.005267734,0.0069418475,0.006047133,0.006047133,0.0069418475,0.0049165566,0.007968943,0.007968943,0.0069418475,0.0049165566,0.0069418475,0.0056439955,0.007968943,0.007968943,0.007437687,0.006047133,0.0049165566,0.007437687,0.007968943,0.0069418475,0.006479064,0.0049165566,0.007968943,0.007968943,0.006479064,0.006047133,0.0049165566,0.006479064,0.0069418475,0.0069418475,0.0049165566,0.0056439955,0.0049165566,0.007437687,0.0069418475,0.006047133,0.0049165566,0.0056439955,0.007437687,0.0049165566,0.0056439955,0.0069418475,0.005267734,0.0056439955,0.006479064,0.007437687,0.007437687,0.006479064,0.0069418475,0.006479064,0.0049165566,0.0049165566,0.007968943,0.006047133,0.007968943,0.006047133,0.0056439955,0.0056439955,0.006479064,0.007968943,0.006479064,0.007968943,0.0049165566,0.006047133,0.0056439955,0.0069418475,0.007437687,0.007968943,0.007968943,0.006479064,0.005267734,0.005267734,0.0049165566,2,0
0.00762417,0.00762417,0.00762417,0.00762417,0.0053998106,0.0061987503,0.00762417,0.0071158987,0.00762417,0.00762417,0.006641512,0.006641512,0.004703844,0.004703844,0.004703844,0.0061987503,0.0071158987,0.005785506,0.00762417,0.005039828,0.005785506,0.0071158987,0.0061987503,0.0061987503,0.004703844,0.004703844,0.0053998106,0.0061987503,0.006641512,0.005039828,0.004703844,0.0061987503,0.00762417,0.006641512,0.004703844,0.006641512,0.0061987503,0.005785506,0.004703844,0.00762417,0.004703844,0.00762417,0.00762417,0.00762417,0.00762417,0.00762417,0.006641512,0.00762417,0.00762417,0.005785506,0.0053998106,0.00762417,0.00762417,0.00762417,0.004703844,0.00762417,0.006641512,0.00762417,0.00762417,0.0061987503,0.004703844,0.006641512,0.004703844,0.004703844,0.004703844,0.005039828,0.0061987503,0.004703844,0.0053998106,0.005785506,0.0053998106,0.00762417,0.004703844,0.004703844,0.004703844,0.00762417,0.0061987503,0.00762417,0.00762417,0.0071158987,0.00762417,0.005785506,0.004703844,0.004703844,0.0053998106,0.004703844,0.00762417,0.00762417,0.005785506,0.004703844,0.00762417,0.006641512,0.00762417,0.004703844,0.00762417,0.00762417,0.00762417,0.004703844,0.0061987503,0.004703844,0.005039828,0.00762417,0.006641512,0.005039828,0.005039828,0.004703844,0.0061987503,0.0061987503,0.004703844,0.004703844,0.00762417,0.00762417,0.005039828,0.00762417,0.005785506,0.004703844,0.006641512,0.00762417,0.00762417,0.0053998106,0.00762417,0.006641512,0.00762417,0.00762417,0.006641512,0.00762417,0.0071158987,0.004703844,0.004703844,0.0061987503,0.005785506,0.0053998106,0.0061987503,0.0071158987,0.004703844,0.0053998106,0.005039828,0.004703844,0.0071158987,0.0053998106,0.005785506,0.006641512,0.0053998106,0.004703844,0.006641512,0.0053998106,0.00762417,0.00762417,0.00762417,0.004703844,0.004703844,0.0053998106,0.00762417,0.00762417,0.0061987503,0.004703844,0.0071158987,0.00762417,0.00762417,0.0053998106,0,1
0.006572011,0.007041434,0.007544386,0.007544386,0.0046546203,0.007041434,0.007544386,0.006572011,0.007041434,0.0046546203,0.007544386,0.006572011,0.0046546203,0.0046546203,0.0046546203,0.006572011,0.006133883,0.006133883,0.007544386,0.0057249633,0.007041434,0.007041434,0.0057249633,0.0057249633,0.0046546203,0.006133883,0.0053433036,0.0053433036,0.007041434,0.007544386,0.006572011,0.006133883,0.007544386,0.006133883,0.0046546203,0.0053433036,0.0057249633,0.007544386,0.0053433036,0.006133883,0.0046546203,0.007041434,0.007544386,0.006133883,0.007544386,0.006133883,0.0057249633,0.007544386,0.007544386,0.006133883,0.0053433036,0.007041434,0.007544386,0.007544386,0.0046546203,0.007544386,0.006572011,0.007544386,0.007544386,0.0057249633,0.006572011,0.0053433036,0.0049870885,0.0049870885,0.007544386,0.0057249633,0.006133883,0.0049870885,0.0057249633,0.006572011,0.0053433036,0.007544386,0.0046546203,0.0049870885,0.0049870885,0.007544386,0.006133883,0.007544386,0.007544386,0.007544386,0.007544386,0.0046546203,0.0046546203,0.0046546203,0.0046546203,0.007544386,0.007041434,0.007544386,0.0049870885,0.007544386,0.007544386,0.006572011,0.007544386,0.0046546203,0.007544386,0.007544386,0.007544386,0.0053433036,0.006133883,0.0046546203,0.0053433036,0.007544386,0.006572011,0.0053433036,0.006572011,0.0046546203,0.0057249633,0.0053433036,0.0046546203,0.0057249633,0.0053433036,0.007544386,0.0053433036,0.006572011,0.0049870885,0.0053433036,0.006572011,0.006133883,0.007041434,0.007544386,0.006572011,0.006133883,0.007544386,0.007544386,0.006133883,0.007041434,0.006572011,0.0057249633,0.006133883,0.006133883,0.006133883,0.0053433036,0.006133883,0.007041434,0.0057249633,0.006572011,0.0053433036,0.0046546203,0.006133883,0.006133883,0.0053433036,0.0057249633,0.0057249633,0.0046546203,0.006572011,0.006572011,0.007544386,0.007544386,0.007544386,0.0046546203,0.0046546203,0.0053433036,0.007544386,0.007544386,0.007544386,0.0057249633,0.006133883,0.006572011,0.006572011,0.0053433036,2,3
0.0074838004,0.0074838004,0.0074838004,0.0074838004,0.0056789885,0.006084624,0.0074838004,0.0065192343,0.006984887,0.004617241,0.0056789885,0.005300394,0.004617241,0.004617241,0.004617241,0.006084624,0.0065192343,0.0065192343,0.0074838004,0.006084624,0.006984887,0.006984887,0.006084624,0.006084624,0.004617241,0.0049470393,0.005300394,0.006084624,0.006084624,0.0056789885,0.006084624,0.0056789885,0.0074838004,0.0065192343,0.004617241,0.006984887,0.0056789885,0.006084624,0.0049470393,0.0074838004,0.004617241,0.0074838004,0.0074838004,0.0074838004,0.0074838004,0.0074838004,0.0065192343,0.0074838004,0.0074838004,0.0074838004,0.005300394,0.0074838004,0.0074838004,0.0074838004,0.004617241,0.0074838004,0.0065192343,0.0074838004,0.0074838004,0.0056789885,0.005300394,0.0056789885,0.004617241,0.004617241,0.0074838004,0.0056789885,0.006084624,0.0049470393,0.0056789885,0.0056789885,0.006084624,0.0074838004,0.004617241,0.005300394,0.004617241,0.0074838004,0.006084624,0.0074838004,0.0074838004,0.0074838004,0.0074838004,0.004617241,0.004617241,0.004617241,0.004617241,0.0074838004,0.0074838004,0.0074838004,0.0056789885,0.0074838004,0.0074838004,0.0065192343,0.0074838004,0.004617241,0.0074838004,0.0074838004,0.0074838004,0.004617241,0.006084624,0.004617241,0.0049470393,0.0074838004,0.0065192343,0.0049470393,0.0065192343,0.004617241,0.006084624,0.006084624,0.004617241,0.004617241,0.006984887,0.0074838004,0.005300394,0.0074838004,0.0065192343,0.0049470393,0.0065192343,0.0074838004,0.0065192343,0.005300394,0.006984887,0.006084624,0.0074838004,0.0074838004,0.0065192343,0.0074838004,0.0065192343,0.004617241,0.004617241,0.0065192343,0.006984887,0.005300394,0.006084624,0.006984887,0.0065192343,0.0065192343,0.0049470393,0.004617241,0.006084624,0.005300394,0.0056789885,0.006084624,0.0056789885,0.004617241,0.006084624,0.005300394,0.0074838004,0.0074838004,0.0074838004,0.004617241,0.0049470393,0.005300394,0.006984887,0.0074838004,0.006984887,0.004617241,0.0074838004,0.0074838004,0.0074838004,0.0074838004,0,1
0.0070713433,0.007576432,0.007576432,0.007576432,0.0053660003,0.0061599375,0.007576432,0.0070713433,0.007576432,0.007576432,0.006599927,0.006599927,0.0046743914,0.0046743914,0.0046743914,0.006599927,0.0061599375,0.006599927,0.007576432,0.005008272,0.006599927,0.0070713433,0.005749281,0.0061599375,0.005008272,0.0046743914,0.0053660003,0.0061599375,0.0070713433,0.005008272,0.005008272,0.0053660003,0.007576432,0.006599927,0.0046743914,0.006599927,0.0061599375,0.0061599375,0.0046743914,0.0061599375,0.0046743914,0.007576432,0.007576432,0.007576432,0.006599927,0.007576432,0.006599927,0.007576432,0.007576432,0.0061599375,0.0053660003,0.007576432,0.007576432,0.007576432,0.0046743914,0.007576432,0.006599927,0.007576432,0.007576432,0.0061599375,0.0046743914,0.0070713433,0.005008272,0.0046743914,0.0061599375,0.005008272,0.0061599375,0.0046743914,0.0053660003,0.005749281,0.0046743914,0.007576432,0.0046743914,0.005008272,0.0046743914,0.007576432,0.0061599375,0.007576432,0.007576432,0.0070713433,0.007576432,0.0053660003,0.0046743914,0.0046743914,0.0046743914,0.006599927,0.007576432,0.007576432,0.005749281,0.007576432,0.0070713433,0.006599927,0.007576432,0.0046743914,0.007576432,0.007576432,0.007576432,0.0046743914,0.0061599375,0.0046743914,0.005008272,0.007576432,0.006599927,0.005008272,0.0061599375,0.0046743914,0.005749281,0.0061599375,0.0046743914,0.005008272,0.007576432,0.007576432,0.0046743914,0.0070713433,0.0061599375,0.0046743914,0.006599927,0.007576432,0.0070713433,0.0046743914,0.007576432,0.006599927,0.007576432,0.007576432,0.0061599375,0.007576432,0.006599927,0.0046743914,0.005008272,0.006599927,0.0061599375,0.0053660003,0.006599927,0.0070713433,0.005749281,0.0053660003,0.0046743914,0.0046743914,0.0061599375,0.0053660003,0.005749281,0.006599927,0.005749281,0.0046743914,0.0070713433,0.005749281,0.007576432,0.007576432,0.007576432,0.0046743914,0.0046743914,0.0053660003,0.007576432,0.007576432,0.0061599375,0.0046743914,0.006599927,0.007576432,0.007576432,0.006599927,1,1
0.0052685468,0.0052685468,0.007970172,0.007970172,0.004917315,0.0052685468,0.0052685468,0.0069429185,0.0069429185,0.007970172,0.0056448663,0.0060480656,0.0074388343,0.004917315,0.007970172,0.006480064,0.006480064,0.0069429185,0.007970172,0.004917315,0.0056448663,0.0074388343,0.006480064,0.006480064,0.004917315,0.004917315,0.0056448663,0.006480064,0.0060480656,0.004917315,0.0052685468,0.006480064,0.007970172,0.0069429185,0.0069429185,0.0069429185,0.0052685468,0.007970172,0.004917315,0.0069429185,0.004917315,0.006480064,0.0069429185,0.0056448663,0.007970172,0.0056448663,0.004917315,0.007970172,0.004917315,0.0074388343,0.0060480656,0.0060480656,0.0056448663,0.004917315,0.0056448663,0.004917315,0.004917315,0.007970172,0.0060480656,0.0060480656,0.0052685468,0.0052685468,0.0069429185,0.004917315,0.0074388343,0.0056448663,0.006480064,0.004917315,0.004917315,0.0060480656,0.004917315,0.004917315,0.0056448663,0.0052685468,0.007970172,0.004917315,0.0052685468,0.007970172,0.004917315,0.0052685468,0.0056448663,0.004917315,0.007970172,0.007970172,0.007970172,0.004917315,0.0052685468,0.007970172,0.0074388343,0.004917315,0.0074388343,0.0069429185,0.007970172,0.004917315,0.007970172,0.0056448663,0.006480064,0.007970172,0.0060480656,0.007970172,0.0060480656,0.0074388343,0.0069429185,0.0052685468,0.007970172,0.004917315,0.0060480656,0.0069429185,0.004917315,0.007970172,0.004917315,0.004917315,0.0069429185,0.0056448663,0.006480064,0.0052685468,0.006480064,0.007970172,0.006480064,0.004917315,0.0052685468,0.0052685468,0.007970172,0.007970172,0.0056448663,0.0052685468,0.007970172,0.006480064,0.0074388343,0.0074388343,0.0052685468,0.0056448663,0.0074388343,0.0074388343,0.0052685468,0.0056448663,0.0060480656,0.004917315,0.006480064,0.0056448663,0.004917315,0.0052685468,0.0074388343,0.0052685468,0.0060480656,0.0056448663,0.007970172,0.007970172,0.007970172,0.007970172,0.0060480656,0.0056448663,0.0069429185,0.0074388343,0.004917315,0.0052685468,0.004917315,0.0069429185,0.0056448663,0.0052685468,2,2
0.0061612283,0.0057504857,0.0075780195,0.0075780195,0.005009321,0.0057504857,0.0075780195,0.0066013094,0.0075780195,0.0075780195,0.0061612283,0.0057504857,0.004675371,0.004675371,0.0075780195,0.0075780195,0.0053671245,0.004675371,0.007072825,0.0075780195,0.0075780195,0.007072825,0.0057504857,0.005009321,0.004675371,0.0075780195,0.0053671245,0.0053671245,0.005009321,0.0075780195,0.004675371,0.0053671245,0.0075780195,0.007072825,0.004675371,0.0057504857,0.0053671245,0.0061612283,0.005009321,0.0061612283,0.005009321,0.0066013094,0.0075780195,0.0057504857,0.007072825,0.007072825,0.0061612283,0.0075780195,0.0075780195,0.0066013094,0.0053671245,0.0057504857,0.0061612283,0.005009321,0.0053671245,0.0075780195,0.0061612283,0.0075780195,0.0075780195,0.0075780195,0.0075780195,0.0057504857,0.0057504857,0.0053671245,0.0075780195,0.005009321,0.0057504857,0.004675371,0.0053671245,0.0075780195,0.007072825,0.0061612283,0.0053671245,0.0053671245,0.007072825,0.0075780195,0.0061612283,0.0075780195,0.0075780195,0.0061612283,0.0066013094,0.0053671245,0.0061612283,0.004675371,0.0075780195,0.004675371,0.005009321,0.0075780195,0.0066013094,0.0057504857,0.0066013094,0.0066013094,0.0075780195,0.004675371,0.0075780195,0.0057504857,0.0066013094,0.005009321,0.0061612283,0.0061612283,0.0066013094,0.0057504857,0.0061612283,0.004675371,0.0057504857,0.004675371,0.0057504857,0.0057504857,0.004675371,0.0066013094,0.0066013094,0.0075780195,0.004675371,0.0066013094,0.007072825,0.0053671245,0.007072825,0.0066013094,0.0057504857,0.0061612283,0.0066013094,0.0066013094,0.0075780195,0.0075780195,0.0075780195,0.0061612283,0.0061612283,0.0057504857,0.007072825,0.0061612283,0.0075780195,0.0053671245,0.004675371,0.0057504857,0.0075780195,0.0075780195,0.0057504857,0.004675371,0.0061612283,0.0061612283,0.0057504857,0.0066013094,0.0057504857,0.0053671245,0.0066013094,0.005009321,0.0075780195,0.0075780195,0.0075780195,0.0066013094,0.004675371,0.0053671245,0.0061612283,0.007072825,0.0057504857,0.0075780195,0.0061612283,0.0061612283,0.0061612283,0.004675371,2,4
0.007444515,0.007444515,0.007444515,0.007444515,0.00527257,0.007444515,0.007444515,0.006485012,0.007444515,0.0045930035,0.0069482205,0.0060526836,0.0045930035,0.0045930035,0.00527257,0.006485012,0.006485012,0.00527257,0.007444515,0.0056491774,0.0069482205,0.0069482205,0.0056491774,0.00527257,0.0045930035,0.006485012,0.00527257,0.0060526836,0.0056491774,0.0060526836,0.007444515,0.0060526836,0.007444515,0.0056491774,0.0045930035,0.0069482205,0.0060526836,0.0056491774,0.0045930035,0.007444515,0.0045930035,0.007444515,0.007444515,0.007444515,0.0060526836,0.007444515,0.006485012,0.007444515,0.007444515,0.007444515,0.00527257,0.0069482205,0.007444515,0.007444515,0.0045930035,0.007444515,0.006485012,0.007444515,0.007444515,0.0060526836,0.007444515,0.0049210703,0.0045930035,0.00527257,0.007444515,0.0056491774,0.0060526836,0.0049210703,0.0056491774,0.006485012,0.0060526836,0.007444515,0.0045930035,0.0049210703,0.0045930035,0.007444515,0.0060526836,0.007444515,0.007444515,0.007444515,0.007444515,0.0045930035,0.0045930035,0.0045930035,0.0045930035,0.007444515,0.0069482205,0.007444515,0.0045930035,0.007444515,0.007444515,0.006485012,0.007444515,0.0045930035,0.007444515,0.007444515,0.007444515,0.0045930035,0.0060526836,0.0045930035,0.00527257,0.007444515,0.006485012,0.0049210703,0.0056491774,0.0045930035,0.0056491774,0.00527257,0.0045930035,0.0056491774,0.007444515,0.007444515,0.0045930035,0.0069482205,0.0069482205,0.00527257,0.006485012,0.007444515,0.007444515,0.00527257,0.007444515,0.0060526836,0.007444515,0.007444515,0.007444515,0.007444515,0.0056491774,0.0045930035,0.0049210703,0.006485012,0.007444515,0.00527257,0.0060526836,0.0069482205,0.006485012,0.006485012,0.0049210703,0.0045930035,0.0060526836,0.00527257,0.0056491774,0.0060526836,0.0056491774,0.0045930035,0.0060526836,0.006485012,0.007444515,0.007444515,0.007444515,0.0045930035,0.0056491774,0.00527257,0.0060526836,0.0069482205,0.007444515,0.0045930035,0.007444515,0.007444515,0.007444515,0.0060526836,0,0
0.006033539,0.0069262427,0.007951029,0.005631308,0.0052558924,0.0049055046,0.0069262427,0.0049055046,0.005631308,0.007951029,0.0074209673,0.005631308,0.0049055046,0.0052558924,0.007951029,0.007951029,0.0074209673,0.0052558924,0.006464499,0.0052558924,0.006464499,0.005631308,0.005631308,0.0052558924,0.0049055046,0.0074209673,0.005631308,0.0049055046,0.0049055046,0.007951029,0.007951029,0.005631308,0.0049055046,0.0069262427,0.007951029,0.005631308,0.006464499,0.0069262427,0.006464499,0.0069262427,0.0049055046,0.006464499,0.007951029,0.0069262427,0.007951029,0.006464499,0.006033539,0.0049055046,0.0049055046,0.007951029,0.006033539,0.0052558924,0.006033539,0.0049055046,0.007951029,0.0049055046,0.006464499,0.005631308,0.0049055046,0.0049055046,0.007951029,0.0052558924,0.006033539,0.0049055046,0.007951029,0.0052558924,0.005631308,0.006033539,0.006033539,0.0074209673,0.006464499,0.007951029,0.005631308,0.005631308,0.0049055046,0.0052558924,0.005631308,0.0049055046,0.005631308,0.006464499,0.0049055046,0.0049055046,0.006033539,0.007951029,0.0049055046,0.0049055046,0.0049055046,0.0052558924,0.0074209673,0.006033539,0.006033539,0.0069262427,0.0049055046,0.007951029,0.007951029,0.006033539,0.0049055046,0.006464499,0.006464499,0.007951029,0.0069262427,0.0069262427,0.0069262427,0.005631308,0.0074209673,0.007951029,0.0074209673,0.006464499,0.0049055046,0.007951029,0.007951029,0.0069262427,0.006033539,0.0049055046,0.0069262427,0.0069262427,0.0069262427,0.0049055046,0.006033539,0.0049055046,0.0049055046,0.0052558924,0.0049055046,0.006464499,0.0049055046,0.0052558924,0.0074209673,0.0052558924,0.007951029,0.0049055046,0.006464499,0.005631308,0.0074209673,0.0074209673,0.007951029,0.0069262427,0.006464499,0.0069262427,0.0049055046,0.007951029,0.0049055046,0.006033539,0.0074209673,0.0074209673,0.006464499,0.0052558924,0.007951029,0.007951029,0.007951029,0.0049055046,0.0052558924,0.005631308,0.0069262427,0.0069262427,0.007951029,0.007951029,0.006464499,0.0049055046,0.0052558924,0.0049055046,2,4
0.0063824663,0.0073267967,0.0048432546,0.005956975,0.0063824663,0.0055598477,0.0063824663,0.00683835,0.0073267967,0.007850132,0.0063824663,0.005956975,0.0055598477,0.0048432546,0.007850132,0.007850132,0.0073267967,0.0048432546,0.007850132,0.0055598477,0.0055598477,0.0073267967,0.0051891967,0.0051891967,0.0048432546,0.007850132,0.0055598477,0.0055598477,0.0048432546,0.007850132,0.0073267967,0.005956975,0.0048432546,0.0051891967,0.007850132,0.00683835,0.0063824663,0.005956975,0.0063824663,0.00683835,0.0048432546,0.00683835,0.00683835,0.0055598477,0.007850132,0.0055598477,0.0055598477,0.00683835,0.0048432546,0.007850132,0.0063824663,0.005956975,0.0063824663,0.0048432546,0.007850132,0.0051891967,0.0063824663,0.007850132,0.0048432546,0.0063824663,0.007850132,0.005956975,0.0063824663,0.0048432546,0.007850132,0.005956975,0.005956975,0.0048432546,0.005956975,0.0063824663,0.0048432546,0.0063824663,0.0055598477,0.0051891967,0.007850132,0.005956975,0.005956975,0.0048432546,0.0048432546,0.0063824663,0.0055598477,0.0073267967,0.005956975,0.0063824663,0.007850132,0.0048432546,0.0048432546,0.0051891967,0.005956975,0.00683835,0.005956975,0.0063824663,0.0055598477,0.0048432546,0.007850132,0.0063824663,0.0048432546,0.0055598477,0.0048432546,0.007850132,0.0073267967,0.00683835,0.0048432546,0.0048432546,0.00683835,0.0048432546,0.0055598477,0.0048432546,0.0048432546,0.007850132,0.0073267967,0.0063824663,0.0048432546,0.0055598477,0.0063824663,0.0055598477,0.00683835,0.0063824663,0.0051891967,0.0048432546,0.0073267967,0.005956975,0.00683835,0.007850132,0.007850132,0.0048432546,0.007850132,0.00683835,0.007850132,0.007850132,0.007850132,0.005956975,0.0073267967,0.00683835,0.00683835,0.005956975,0.0048432546,0.007850132,0.0063824663,0.0055598477,0.005956975,0.005956975,0.005956975,0.005956975,0.00683835,0.0055598477,0.0073267967,0.007850132,0.007850132,0.007850132,0.005956975,0.0055598477,0.0063824663,0.00683835,0.0073267967,0.007850132,0.0051891967,0.0051891967,0.0051891967,0.0055598477,9,4
0.0056684595,0.006507148,0.0056684595,0.0049378676,0.007469926,0.0069719376,0.007469926,0.0056684595,0.008003484,0.008003484,0.007469926,0.0060733445,0.0052905674,0.0052905674,0.006507148,0.0069719376,0.007469926,0.0052905674,0.0056684595,0.0052905674,0.0060733445,0.007469926,0.0049378676,0.0049378676,0.0052905674,0.0069719376,0.0056684595,0.0060733445,0.0049378676,0.008003484,0.008003484,0.0056684595,0.0049378676,0.0069719376,0.008003484,0.0056684595,0.006507148,0.0060733445,0.006507148,0.007469926,0.0049378676,0.006507148,0.008003484,0.0069719376,0.008003484,0.006507148,0.006507148,0.0049378676,0.0049378676,0.0069719376,0.006507148,0.0056684595,0.0049378676,0.0049378676,0.008003484,0.0049378676,0.006507148,0.0052905674,0.0049378676,0.0060733445,0.008003484,0.0052905674,0.0060733445,0.0049378676,0.008003484,0.0052905674,0.0060733445,0.0056684595,0.0056684595,0.007469926,0.007469926,0.007469926,0.0056684595,0.0056684595,0.0052905674,0.006507148,0.006507148,0.0049378676,0.006507148,0.0049378676,0.0052905674,0.0060733445,0.0052905674,0.008003484,0.008003484,0.0049378676,0.0049378676,0.0052905674,0.0069719376,0.0060733445,0.0060733445,0.0069719376,0.0049378676,0.008003484,0.008003484,0.0069719376,0.0049378676,0.0069719376,0.0049378676,0.008003484,0.0069719376,0.007469926,0.0060733445,0.0049378676,0.007469926,0.008003484,0.007469926,0.006507148,0.0049378676,0.008003484,0.008003484,0.0069719376,0.0060733445,0.0049378676,0.0069719376,0.007469926,0.0069719376,0.0049378676,0.0056684595,0.0049378676,0.0049378676,0.0052905674,0.0049378676,0.006507148,0.0052905674,0.0049378676,0.007469926,0.0049378676,0.0056684595,0.0069719376,0.0060733445,0.0056684595,0.007469926,0.007469926,0.0069719376,0.008003484,0.006507148,0.0049378676,0.0049378676,0.008003484,0.0049378676,0.0060733445,0.007469926,0.0052905674,0.0056684595,0.0052905674,0.008003484,0.0049378676,0.0049378676,0.0049378676,0.0052905674,0.0056684595,0.0069719376,0.0069719376,0.008003484,0.008003484,0.006507148,0.0049378676,0.0052905674,0.0049378676,8,4
0.0071238466,0.0076326854,0.0076326854,0.0076326854,0.0054058414,0.0071238466,0.0076326854,0.0071238466,0.0076326854,0.0076326854,0.0076326854,0.00664893,0.004709098,0.004709098,0.005791968,0.006205674,0.0071238466,0.00664893,0.0076326854,0.004709098,0.00664893,0.0071238466,0.005791968,0.006205674,0.004709098,0.0050454573,0.005791968,0.0054058414,0.005791968,0.004709098,0.004709098,0.006205674,0.0076326854,0.00664893,0.004709098,0.00664893,0.006205674,0.006205674,0.004709098,0.006205674,0.004709098,0.0076326854,0.0076326854,0.0076326854,0.0071238466,0.00664893,0.006205674,0.0076326854,0.0076326854,0.005791968,0.005791968,0.0076326854,0.0076326854,0.0076326854,0.0050454573,0.0076326854,0.00664893,0.0076326854,0.0076326854,0.006205674,0.004709098,0.005791968,0.0054058414,0.0050454573,0.004709098,0.0050454573,0.006205674,0.004709098,0.0054058414,0.00664893,0.0054058414,0.0076326854,0.0054058414,0.0050454573,0.004709098,0.0076326854,0.006205674,0.0076326854,0.0076326854,0.0071238466,0.0076326854,0.0071238466,0.004709098,0.004709098,0.006205674,0.004709098,0.0076326854,0.0071238466,0.005791968,0.004709098,0.0071238466,0.00664893,0.0076326854,0.004709098,0.0076326854,0.0076326854,0.0076326854,0.004709098,0.006205674,0.004709098,0.0050454573,0.0076326854,0.006205674,0.004709098,0.0050454573,0.004709098,0.006205674,0.006205674,0.004709098,0.004709098,0.0071238466,0.0076326854,0.004709098,0.0076326854,0.006205674,0.004709098,0.0071238466,0.0076326854,0.0076326854,0.006205674,0.0076326854,0.00664893,0.0076326854,0.0076326854,0.005791968,0.0076326854,0.0071238466,0.004709098,0.004709098,0.00664893,0.006205674,0.0054058414,0.006205674,0.0071238466,0.004709098,0.0054058414,0.0050454573,0.004709098,0.00664893,0.0054058414,0.0050454573,0.00664893,0.005791968,0.004709098,0.0071238466,0.0050454573,0.0076326854,0.00664893,0.006205674,0.004709098,0.004709098,0.0054058414,0.0076326854,0.0076326854,0.006205674,0.004709098,0.00664893,0.0076326854,0.0076326854,0.004709098,1,1
0.0069695883,0.007467409,0.007467409,0.007467409,0.0046071284,0.0069695883,0.007467409,0.0056665502,0.0069695883,0.0046071284,0.0069695883,0.0056665502,0.0046071284,0.0046071284,0.0046071284,0.0065049552,0.0060712975,0.0060712975,0.007467409,0.0056665502,0.0069695883,0.0069695883,0.005288785,0.0056665502,0.0046071284,0.0065049552,0.005288785,0.0060712975,0.0060712975,0.0056665502,0.0065049552,0.0060712975,0.007467409,0.0060712975,0.0046071284,0.0069695883,0.0060712975,0.0056665502,0.0046071284,0.007467409,0.0046071284,0.007467409,0.007467409,0.007467409,0.0060712975,0.007467409,0.0069695883,0.007467409,0.007467409,0.007467409,0.005288785,0.007467409,0.007467409,0.007467409,0.0046071284,0.007467409,0.0065049552,0.007467409,0.007467409,0.0060712975,0.0065049552,0.005288785,0.0046071284,0.0049362043,0.007467409,0.0060712975,0.0060712975,0.005288785,0.0056665502,0.0060712975,0.005288785,0.007467409,0.0046071284,0.005288785,0.0046071284,0.007467409,0.0060712975,0.007467409,0.007467409,0.007467409,0.007467409,0.0046071284,0.0046071284,0.0046071284,0.0046071284,0.007467409,0.007467409,0.007467409,0.0056665502,0.007467409,0.007467409,0.0065049552,0.007467409,0.0046071284,0.007467409,0.007467409,0.007467409,0.0046071284,0.0060712975,0.0049362043,0.0060712975,0.007467409,0.0065049552,0.005288785,0.0060712975,0.0046071284,0.0060712975,0.005288785,0.0046071284,0.0049362043,0.0069695883,0.007467409,0.005288785,0.007467409,0.0060712975,0.0049362043,0.0065049552,0.007467409,0.007467409,0.005288785,0.007467409,0.0069695883,0.007467409,0.007467409,0.007467409,0.007467409,0.0060712975,0.0046071284,0.0046071284,0.0065049552,0.007467409,0.005288785,0.0060712975,0.0065049552,0.007467409,0.0065049552,0.005288785,0.0046071284,0.0060712975,0.0060712975,0.005288785,0.0065049552,0.0056665502,0.0046071284,0.0069695883,0.0065049552,0.007467409,0.007467409,0.007467409,0.0046071284,0.0049362043,0.005288785,0.0069695883,0.007467409,0.0065049552,0.0049362043,0.0060712975,0.0065049552,0.0065049552,0.0046071284,1,0
0.008059534,0.008059534,0.006115877,0.008059534,0.0049724486,0.005327618,0.0049724486,0.006115877,0.0075222393,0.008059534,0.0065527186,0.005327618,0.005327618,0.008059534,0.0065527186,0.005327618,0.0065527186,0.005327618,0.008059534,0.0049724486,0.006115877,0.0075222393,0.006115877,0.007020763,0.005327618,0.0049724486,0.0057081566,0.0065527186,0.0075222393,0.0049724486,0.0049724486,0.0065527186,0.006115877,0.007020763,0.006115877,0.0065527186,0.0065527186,0.0049724486,0.0075222393,0.007020763,0.0049724486,0.006115877,0.006115877,0.005327618,0.008059534,0.0075222393,0.0065527186,0.0049724486,0.0049724486,0.0075222393,0.007020763,0.0057081566,0.0057081566,0.008059534,0.0057081566,0.0049724486,0.006115877,0.0049724486,0.008059534,0.005327618,0.006115877,0.006115877,0.0057081566,0.006115877,0.0049724486,0.005327618,0.0065527186,0.0049724486,0.008059534,0.0049724486,0.0075222393,0.0065527186,0.0057081566,0.0049724486,0.008059534,0.0049724486,0.006115877,0.0049724486,0.0049724486,0.0049724486,0.0057081566,0.0057081566,0.0049724486,0.006115877,0.008059534,0.0049724486,0.0049724486,0.007020763,0.008059534,0.005327618,0.0065527186,0.006115877,0.0049724486,0.008059534,0.005327618,0.005327618,0.0049724486,0.0065527186,0.0075222393,0.008059534,0.005327618,0.0065527186,0.0049724486,0.0065527186,0.0049724486,0.0065527186,0.006115877,0.0049724486,0.008059534,0.006115877,0.007020763,0.008059534,0.0057081566,0.006115877,0.005327618,0.007020763,0.0065527186,0.005327618,0.0065527186,0.0049724486,0.005327618,0.0057081566,0.0049724486,0.0075222393,0.0057081566,0.0049724486,0.008059534,0.0057081566,0.008059534,0.0075222393,0.006115877,0.0057081566,0.0065527186,0.0075222393,0.0049724486,0.006115877,0.0049724486,0.007020763,0.0065527186,0.006115877,0.008059534,0.008059534,0.006115877,0.0065527186,0.006115877,0.006115877,0.0057081566,0.008059534,0.008059534,0.008059534,0.005327618,0.0057081566,0.007020763,0.0075222393,0.0057081566,0.006115877,0.0049724486,0.0057081566,0.0075222393,0.0049724486,0,3
0.006730615,0.0072113667,0.007726457,0.007726457,0.0051074433,0.0058631254,0.0058631254,0.006730615,0.006730615,0.006730615,0.0058631254,0.0062819137,0.0058631254,0.004766952,0.007726457,0.004766952,0.0072113667,0.0058631254,0.007726457,0.0054722554,0.0072113667,0.0072113667,0.0058631254,0.0072113667,0.004766952,0.0058631254,0.0062819137,0.0051074433,0.0058631254,0.0054722554,0.004766952,0.0054722554,0.007726457,0.0072113667,0.004766952,0.0054722554,0.0062819137,0.007726457,0.0051074433,0.0054722554,0.0051074433,0.0072113667,0.006730615,0.0051074433,0.007726457,0.0058631254,0.0054722554,0.007726457,0.007726457,0.0054722554,0.0054722554,0.0051074433,0.0072113667,0.0062819137,0.0054722554,0.0054722554,0.0058631254,0.007726457,0.0054722554,0.0051074433,0.0072113667,0.0051074433,0.0062819137,0.004766952,0.007726457,0.0051074433,0.0062819137,0.004766952,0.0054722554,0.0058631254,0.0054722554,0.0062819137,0.0051074433,0.0051074433,0.007726457,0.006730615,0.0062819137,0.007726457,0.0072113667,0.0058631254,0.0062819137,0.0062819137,0.007726457,0.007726457,0.006730615,0.004766952,0.0054722554,0.007726457,0.0072113667,0.0054722554,0.0072113667,0.006730615,0.007726457,0.004766952,0.007726457,0.004766952,0.004766952,0.006730615,0.0062819137,0.004766952,0.006730615,0.007726457,0.0072113667,0.0051074433,0.0051074433,0.004766952,0.0054722554,0.0051074433,0.004766952,0.007726457,0.0058631254,0.006730615,0.0062819137,0.007726457,0.006730615,0.0062819137,0.006730615,0.007726457,0.0062819137,0.0051074433,0.0058631254,0.0072113667,0.007726457,0.007726457,0.0051074433,0.006730615,0.0062819137,0.0062819137,0.007726457,0.0072113667,0.0054722554,0.0054722554,0.006730615,0.006730615,0.007726457,0.0062819137,0.0058631254,0.004766952,0.0072113667,0.006730615,0.0054722554,0.006730615,0.0062819137,0.0051074433,0.0058631254,0.0051074433,0.007726457,0.007726457,0.007726457,0.0062819137,0.0051074433,0.0054722554,0.006730615,0.0072113667,0.004766952,0.0062819137,0.0054722554,0.0062819137,0.006730615,0.004766952,2,3
0.0074371244,0.0074371244,0.0074371244,0.0074371244,0.005643569,0.0074371244,0.0074371244,0.006478574,0.0069413227,0.004588444,0.0060466747,0.0052673356,0.004588444,0.004588444,0.0052673356,0.006478574,0.0060466747,0.0060466747,0.0074371244,0.005643569,0.0069413227,0.0069413227,0.0052673356,0.005643569,0.004588444,0.0069413227,0.0052673356,0.0060466747,0.0052673356,0.0060466747,0.006478574,0.005643569,0.0074371244,0.0060466747,0.004588444,0.0069413227,0.0052673356,0.005643569,0.004588444,0.0074371244,0.004588444,0.0074371244,0.0074371244,0.0074371244,0.0074371244,0.0074371244,0.0060466747,0.0074371244,0.0074371244,0.0074371244,0.0052673356,0.0074371244,0.0074371244,0.0074371244,0.004588444,0.0074371244,0.006478574,0.0074371244,0.0074371244,0.0060466747,0.006478574,0.004916185,0.004588444,0.0052673356,0.0074371244,0.005643569,0.0060466747,0.004916185,0.005643569,0.0052673356,0.0060466747,0.0074371244,0.004588444,0.0052673356,0.004588444,0.0074371244,0.0060466747,0.0074371244,0.0074371244,0.0074371244,0.0074371244,0.004588444,0.004588444,0.004588444,0.004588444,0.0074371244,0.0074371244,0.0074371244,0.005643569,0.0074371244,0.0074371244,0.006478574,0.0074371244,0.004588444,0.0074371244,0.0074371244,0.0074371244,0.004916185,0.0060466747,0.004588444,0.005643569,0.0074371244,0.006478574,0.0052673356,0.006478574,0.004588444,0.005643569,0.0052673356,0.004588444,0.005643569,0.0069413227,0.0074371244,0.005643569,0.0074371244,0.0069413227,0.004588444,0.0069413227,0.0074371244,0.0074371244,0.0052673356,0.0074371244,0.0060466747,0.0074371244,0.0074371244,0.0069413227,0.0074371244,0.0060466747,0.004588444,0.004588444,0.006478574,0.0069413227,0.0052673356,0.006478574,0.0069413227,0.0060466747,0.006478574,0.004916185,0.004588444,0.0060466747,0.0052673356,0.005643569,0.006478574,0.005643569,0.004588444,0.006478574,0.005643569,0.0074371244,0.0074371244,0.0074371244,0.004588444,0.004916185,0.0052673356,0.0069413227,0.0074371244,0.0069413227,0.004588444,0.0074371244,0.0074371244,0.0069413227,0.0074371244,0,1
0.0069603333,0.006496317,0.007457493,0.007457493,0.00460101,0.006496317,0.007457493,0.0069603333,0.007457493,0.006496317,0.0069603333,0.0052817618,0.00460101,0.00460101,0.0052817618,0.0060632355,0.0060632355,0.0060632355,0.007457493,0.0056590256,0.0069603333,0.0069603333,0.0056590256,0.0052817618,0.00460101,0.0056590256,0.0052817618,0.0060632355,0.0052817618,0.007457493,0.007457493,0.0056590256,0.007457493,0.0056590256,0.00460101,0.0069603333,0.0056590256,0.0060632355,0.004929649,0.007457493,0.004929649,0.007457493,0.007457493,0.007457493,0.0069603333,0.0069603333,0.0056590256,0.007457493,0.007457493,0.006496317,0.0052817618,0.007457493,0.007457493,0.007457493,0.00460101,0.007457493,0.006496317,0.007457493,0.007457493,0.0056590256,0.006496317,0.004929649,0.0052817618,0.0060632355,0.007457493,0.0052817618,0.0060632355,0.004929649,0.0056590256,0.0052817618,0.0060632355,0.007457493,0.00460101,0.0052817618,0.00460101,0.007457493,0.0060632355,0.007457493,0.007457493,0.007457493,0.007457493,0.00460101,0.00460101,0.00460101,0.00460101,0.007457493,0.007457493,0.007457493,0.0056590256,0.007457493,0.007457493,0.006496317,0.007457493,0.00460101,0.007457493,0.007457493,0.007457493,0.0052817618,0.0060632355,0.00460101,0.0056590256,0.007457493,0.006496317,0.0052817618,0.0069603333,0.00460101,0.0056590256,0.0052817618,0.00460101,0.0060632355,0.0069603333,0.007457493,0.004929649,0.007457493,0.007457493,0.004929649,0.0069603333,0.007457493,0.007457493,0.0052817618,0.007457493,0.0056590256,0.007457493,0.007457493,0.0056590256,0.007457493,0.0056590256,0.00460101,0.00460101,0.006496317,0.007457493,0.0052817618,0.006496317,0.0069603333,0.0060632355,0.006496317,0.004929649,0.00460101,0.0060632355,0.0056590256,0.0056590256,0.006496317,0.0056590256,0.00460101,0.006496317,0.0052817618,0.007457493,0.007457493,0.007457493,0.00460101,0.0056590256,0.0052817618,0.0069603333,0.007457493,0.007457493,0.00460101,0.0060632355,0.0069603333,0.007457493,0.004929649,2,2
0.0062292647,0.0058139865,0.007661701,0.007661701,0.0047269994,0.0050646374,0.007661701,0.006674206,0.006674206,0.007661701,0.0062292647,0.0058139865,0.005426392,0.0047269994,0.007661701,0.0058139865,0.005426392,0.0062292647,0.007150928,0.0047269994,0.007661701,0.007150928,0.0047269994,0.0050646374,0.0047269994,0.007661701,0.007150928,0.0050646374,0.0058139865,0.005426392,0.0058139865,0.006674206,0.007150928,0.007150928,0.0062292647,0.0050646374,0.005426392,0.007661701,0.0047269994,0.005426392,0.005426392,0.007150928,0.007661701,0.0058139865,0.007661701,0.006674206,0.005426392,0.007661701,0.007661701,0.005426392,0.0058139865,0.0062292647,0.007661701,0.0050646374,0.005426392,0.0050646374,0.0047269994,0.007661701,0.0058139865,0.0050646374,0.0062292647,0.0050646374,0.006674206,0.0047269994,0.007661701,0.0050646374,0.0058139865,0.0047269994,0.005426392,0.006674206,0.006674206,0.007661701,0.005426392,0.0050646374,0.007150928,0.005426392,0.0050646374,0.007661701,0.006674206,0.0047269994,0.0047269994,0.007150928,0.007661701,0.007661701,0.007150928,0.0062292647,0.0050646374,0.007661701,0.007661701,0.0058139865,0.0058139865,0.006674206,0.007661701,0.0047269994,0.007661701,0.005426392,0.0050646374,0.007661701,0.0062292647,0.007150928,0.007150928,0.007661701,0.006674206,0.0062292647,0.006674206,0.0050646374,0.005426392,0.006674206,0.0047269994,0.007661701,0.0062292647,0.007661701,0.0062292647,0.007661701,0.0062292647,0.0062292647,0.006674206,0.007661701,0.0062292647,0.0050646374,0.005426392,0.005426392,0.007661701,0.007661701,0.0050646374,0.0062292647,0.007150928,0.0058139865,0.006674206,0.006674206,0.006674206,0.005426392,0.0062292647,0.007150928,0.0058139865,0.0062292647,0.0058139865,0.0058139865,0.007150928,0.005426392,0.006674206,0.006674206,0.0062292647,0.0050646374,0.0058139865,0.0050646374,0.007661701,0.007661701,0.007661701,0.0050646374,0.0047269994,0.005426392,0.0062292647,0.007150928,0.0050646374,0.007150928,0.0062292647,0.0062292647,0.0058139865,0.0047269994,2,2
0.0061275857,0.006565264,0.007536641,0.007536641,0.0046498417,0.0057190857,0.007536641,0.0061275857,0.006565264,0.007536641,0.0061275857,0.0061275857,0.0046498417,0.0046498417,0.007536641,0.007536641,0.007034205,0.0049819686,0.007536641,0.0057190857,0.007536641,0.007034205,0.0046498417,0.005337818,0.0046498417,0.007536641,0.007034205,0.0046498417,0.0049819686,0.0057190857,0.007536641,0.006565264,0.0057190857,0.0057190857,0.0046498417,0.0061275857,0.005337818,0.007536641,0.005337818,0.006565264,0.0049819686,0.006565264,0.007536641,0.005337818,0.007536641,0.007536641,0.007034205,0.007536641,0.007536641,0.007536641,0.005337818,0.006565264,0.0057190857,0.007034205,0.0049819686,0.007536641,0.0046498417,0.007536641,0.0057190857,0.0046498417,0.006565264,0.0057190857,0.006565264,0.0046498417,0.007536641,0.0049819686,0.0057190857,0.0046498417,0.005337818,0.0061275857,0.007034205,0.007536641,0.0049819686,0.0049819686,0.0061275857,0.007536641,0.0057190857,0.007536641,0.0061275857,0.0057190857,0.0061275857,0.007034205,0.007536641,0.007536641,0.007034205,0.007034205,0.006565264,0.007536641,0.006565264,0.0046498417,0.007034205,0.006565264,0.007536641,0.0046498417,0.007536641,0.006565264,0.005337818,0.0057190857,0.006565264,0.0046498417,0.007536641,0.007034205,0.007034205,0.0061275857,0.0049819686,0.0049819686,0.005337818,0.0049819686,0.0046498417,0.007536641,0.007034205,0.007536641,0.0057190857,0.006565264,0.006565264,0.0057190857,0.006565264,0.007536641,0.007034205,0.0046498417,0.0057190857,0.0061275857,0.007536641,0.007536641,0.0049819686,0.006565264,0.007034205,0.0057190857,0.007034205,0.0061275857,0.006565264,0.006565264,0.0057190857,0.007034205,0.0057190857,0.0061275857,0.0061275857,0.0049819686,0.006565264,0.005337818,0.007536641,0.0061275857,0.0061275857,0.0046498417,0.0061275857,0.0049819686,0.007536641,0.007536641,0.007536641,0.0049819686,0.0061275857,0.005337818,0.0061275857,0.006565264,0.005337818,0.007034205,0.0061275857,0.0061275857,0.005337818,0.0046498417,2,2
0.0059630894,0.0063890177,0.005565555,0.00785819,0.004848226,0.005565555,0.0063890177,0.0073343175,0.0073343175,0.00785819,0.0059630894,0.005194523,0.0059630894,0.005565555,0.00785819,0.004848226,0.0073343175,0.0063890177,0.00785819,0.004848226,0.0063890177,0.0073343175,0.005565555,0.0063890177,0.005194523,0.005194523,0.005565555,0.0063890177,0.0063890177,0.005565555,0.005565555,0.005194523,0.004848226,0.005565555,0.00785819,0.0059630894,0.0059630894,0.004848226,0.005565555,0.0063890177,0.005194523,0.0073343175,0.0068453695,0.005565555,0.00785819,0.0059630894,0.005565555,0.0073343175,0.0068453695,0.0063890177,0.0059630894,0.0059630894,0.0063890177,0.005565555,0.00785819,0.0059630894,0.0068453695,0.005194523,0.0059630894,0.0063890177,0.0063890177,0.0059630894,0.0063890177,0.004848226,0.0068453695,0.005194523,0.0059630894,0.004848226,0.005565555,0.0068453695,0.005194523,0.0068453695,0.004848226,0.005194523,0.00785819,0.005565555,0.005194523,0.0063890177,0.004848226,0.0068453695,0.004848226,0.0059630894,0.00785819,0.00785819,0.00785819,0.004848226,0.005194523,0.0073343175,0.00785819,0.005565555,0.0059630894,0.0068453695,0.005194523,0.005565555,0.00785819,0.0059630894,0.004848226,0.005565555,0.005194523,0.00785819,0.00785819,0.00785819,0.005194523,0.0059630894,0.005565555,0.004848226,0.005565555,0.004848226,0.004848226,0.00785819,0.0059630894,0.00785819,0.005565555,0.00785819,0.0073343175,0.0059630894,0.0068453695,0.0068453695,0.0063890177,0.004848226,0.0059630894,0.005565555,0.00785819,0.00785819,0.0073343175,0.0068453695,0.0073343175,0.0059630894,0.00785819,0.0068453695,0.0068453695,0.005565555,0.0073343175,0.0063890177,0.00785819,0.0059630894,0.005194523,0.0059630894,0.0068453695,0.0063890177,0.004848226,0.005565555,0.0068453695,0.0063890177,0.0068453695,0.005194523,0.0073343175,0.00785819,0.00785819,0.0063890177,0.0059630894,0.005565555,0.0068453695,0.0073343175,0.004848226,0.0073343175,0.005194523,0.005565555,0.0063890177,0.004848226,3,4
0.006187047,0.0076097753,0.0076097753,0.0076097753,0.0046949633,0.007102464,0.0076097753,0.0066289725,0.0076097753,0.0053896154,0.006187047,0.0053896154,0.0046949633,0.0046949633,0.0046949633,0.005774583,0.006187047,0.0066289725,0.0076097753,0.005774583,0.0076097753,0.007102464,0.0046949633,0.0046949633,0.0046949633,0.0053896154,0.0053896154,0.006187047,0.006187047,0.0046949633,0.0066289725,0.005774583,0.0076097753,0.006187047,0.0046949633,0.005774583,0.0053896154,0.006187047,0.0046949633,0.006187047,0.0046949633,0.0076097753,0.0076097753,0.007102464,0.0076097753,0.0076097753,0.007102464,0.0076097753,0.0076097753,0.0076097753,0.0053896154,0.0076097753,0.0076097753,0.0076097753,0.005030313,0.0076097753,0.005774583,0.0076097753,0.0066289725,0.005774583,0.006187047,0.0053896154,0.0046949633,0.005030313,0.0076097753,0.006187047,0.006187047,0.0046949633,0.0053896154,0.0053896154,0.0053896154,0.0076097753,0.0046949633,0.005030313,0.0046949633,0.0076097753,0.006187047,0.0076097753,0.0076097753,0.006187047,0.0076097753,0.005030313,0.0046949633,0.0046949633,0.0046949633,0.0076097753,0.0076097753,0.0076097753,0.005774583,0.0076097753,0.0076097753,0.0066289725,0.0076097753,0.0046949633,0.0076097753,0.0076097753,0.0076097753,0.0046949633,0.006187047,0.0046949633,0.005774583,0.007102464,0.005774583,0.0053896154,0.006187047,0.0046949633,0.005774583,0.006187047,0.0046949633,0.0053896154,0.006187047,0.0076097753,0.0053896154,0.0066289725,0.007102464,0.0046949633,0.0066289725,0.0076097753,0.0076097753,0.0053896154,0.0076097753,0.007102464,0.0076097753,0.0076097753,0.0066289725,0.0076097753,0.0076097753,0.0046949633,0.005030313,0.007102464,0.0066289725,0.005774583,0.0053896154,0.006187047,0.006187047,0.0076097753,0.0053896154,0.0046949633,0.006187047,0.006187047,0.005774583,0.0066289725,0.005774583,0.0046949633,0.0053896154,0.005030313,0.0076097753,0.0076097753,0.0076097753,0.0046949633,0.0046949633,0.005774583,0.0076097753,0.0076097753,0.006187047,0.005030313,0.005774583,0.0066289725,0.0066289725,0.005030313,1,2
0.00699023,0.008024484,0.0049508237,0.0049508237,0.008024484,0.005304449,0.0049508237,0.0049508237,0.0049508237,0.008024484,0.0065242215,0.005304449,0.0049508237,0.0065242215,0.008024484,0.0056833327,0.0060892794,0.0065242215,0.0049508237,0.00699023,0.005304449,0.0074895257,0.0065242215,0.005304449,0.0074895257,0.00699023,0.00699023,0.0049508237,0.0049508237,0.008024484,0.008024484,0.005304449,0.0049508237,0.0074895257,0.008024484,0.0049508237,0.0060892794,0.0065242215,0.005304449,0.00699023,0.0049508237,0.0065242215,0.008024484,0.00699023,0.008024484,0.0074895257,0.0065242215,0.0049508237,0.0049508237,0.008024484,0.0074895257,0.0049508237,0.0074895257,0.0049508237,0.008024484,0.0049508237,0.00699023,0.0049508237,0.0049508237,0.0074895257,0.008024484,0.0065242215,0.0056833327,0.0056833327,0.008024484,0.0065242215,0.0060892794,0.0060892794,0.0049508237,0.0049508237,0.0049508237,0.0049508237,0.0049508237,0.005304449,0.008024484,0.0049508237,0.0065242215,0.0049508237,0.0065242215,0.005304449,0.005304449,0.0060892794,0.0060892794,0.008024484,0.008024484,0.0049508237,0.0049508237,0.005304449,0.0056833327,0.0060892794,0.0060892794,0.00699023,0.0049508237,0.008024484,0.008024484,0.0060892794,0.0049508237,0.0060892794,0.0056833327,0.008024484,0.0060892794,0.0074895257,0.00699023,0.005304449,0.008024484,0.008024484,0.0074895257,0.0049508237,0.0049508237,0.008024484,0.0065242215,0.0056833327,0.0065242215,0.008024484,0.008024484,0.0049508237,0.0065242215,0.00699023,0.005304449,0.0049508237,0.0049508237,0.0056833327,0.0049508237,0.0049508237,0.0056833327,0.0049508237,0.005304449,0.0056833327,0.0074895257,0.0049508237,0.0065242215,0.0065242215,0.0065242215,0.0060892794,0.0065242215,0.00699023,0.0056833327,0.008024484,0.0065242215,0.008024484,0.0060892794,0.005304449,0.0065242215,0.0074895257,0.008024484,0.0056833327,0.00699023,0.0049508237,0.0049508237,0.008024484,0.0049508237,0.0056833327,0.0049508237,0.0065242215,0.00699023,0.0065242215,0.0060892794,0.0049508237,0.0049508237,0.008024484,1,4
0.006269359,0.005851408,0.0077110156,0.0077110156,0.004757425,0.005851408,0.0077110156,0.006717164,0.0077110156,0.0077110156,0.005851408,0.005851408,0.006717164,0.004757425,0.0077110156,0.005461319,0.005851408,0.005851408,0.006269359,0.005461319,0.005851408,0.007196955,0.005461319,0.005851408,0.004757425,0.0077110156,0.007196955,0.005097236,0.005097236,0.005461319,0.0077110156,0.005851408,0.005851408,0.006269359,0.006269359,0.004757425,0.004757425,0.0077110156,0.005097236,0.005461319,0.005097236,0.006269359,0.0077110156,0.005851408,0.0077110156,0.004757425,0.004757425,0.0077110156,0.004757425,0.006269359,0.005461319,0.006269359,0.0077110156,0.004757425,0.005461319,0.004757425,0.004757425,0.0077110156,0.006269359,0.006269359,0.005851408,0.005851408,0.006717164,0.004757425,0.0077110156,0.005097236,0.005461319,0.006269359,0.007196955,0.007196955,0.0077110156,0.0077110156,0.005461319,0.005097236,0.005097236,0.005851408,0.005097236,0.0077110156,0.006717164,0.005851408,0.004757425,0.006269359,0.0077110156,0.0077110156,0.006717164,0.005851408,0.005851408,0.0077110156,0.0077110156,0.005851408,0.007196955,0.006717164,0.0077110156,0.004757425,0.0077110156,0.005851408,0.004757425,0.0077110156,0.005851408,0.007196955,0.007196955,0.006269359,0.007196955,0.006269359,0.005461319,0.005461319,0.005461319,0.007196955,0.004757425,0.0077110156,0.006269359,0.0077110156,0.006717164,0.0077110156,0.005851408,0.005851408,0.006269359,0.0077110156,0.004757425,0.005461319,0.004757425,0.005097236,0.0077110156,0.0077110156,0.004757425,0.005851408,0.006717164,0.006269359,0.007196955,0.006269359,0.006717164,0.005461319,0.007196955,0.007196955,0.005461319,0.006269359,0.006269359,0.005851408,0.0077110156,0.005461319,0.005851408,0.006269359,0.006269359,0.005097236,0.005461319,0.005097236,0.0077110156,0.0077110156,0.0077110156,0.004757425,0.005097236,0.005461319,0.006717164,0.006717164,0.005097236,0.0077110156,0.006269359,0.007196955,0.006269359,0.004757425,2,2
0.007567374,0.007567374,0.007567374,0.007567374,0.0057424074,0.006592036,0.007567374,0.006152573,0.006592036,0.004668803,0.005359585,0.006152573,0.004668803,0.004668803,0.004668803,0.006152573,0.007062889,0.006592036,0.007567374,0.006152573,0.007062889,0.007062889,0.0057424074,0.006152573,0.004668803,0.004668803,0.005359585,0.006152573,0.006592036,0.004668803,0.004668803,0.006152573,0.007567374,0.006592036,0.004668803,0.007062889,0.006152573,0.0057424074,0.004668803,0.007567374,0.004668803,0.007567374,0.007567374,0.007567374,0.007567374,0.007567374,0.006592036,0.007567374,0.007567374,0.007062889,0.005359585,0.007567374,0.007567374,0.007567374,0.004668803,0.007567374,0.006592036,0.007567374,0.007567374,0.006152573,0.004668803,0.0057424074,0.004668803,0.004668803,0.005359585,0.005359585,0.006152573,0.0050022844,0.0057424074,0.007062889,0.005359585,0.007567374,0.004668803,0.005359585,0.004668803,0.007567374,0.006152573,0.007567374,0.007567374,0.007567374,0.007567374,0.005359585,0.004668803,0.004668803,0.004668803,0.004668803,0.007567374,0.007567374,0.0057424074,0.004668803,0.007567374,0.006592036,0.007567374,0.004668803,0.007567374,0.007567374,0.007567374,0.004668803,0.006152573,0.004668803,0.0050022844,0.007567374,0.006592036,0.0050022844,0.0050022844,0.004668803,0.006152573,0.006152573,0.004668803,0.004668803,0.007062889,0.007567374,0.0057424074,0.007567374,0.007062889,0.004668803,0.006592036,0.007567374,0.007567374,0.006152573,0.007567374,0.007062889,0.007567374,0.007567374,0.007062889,0.007567374,0.006592036,0.004668803,0.004668803,0.006592036,0.0057424074,0.005359585,0.006152573,0.007062889,0.005359585,0.0057424074,0.0050022844,0.004668803,0.006592036,0.005359585,0.005359585,0.006592036,0.0057424074,0.004668803,0.007062889,0.006152573,0.007567374,0.007567374,0.007567374,0.004668803,0.004668803,0.005359585,0.007567374,0.007567374,0.006152573,0.004668803,0.007062889,0.007567374,0.007567374,0.006592036,0,1
0.0076029818,0.0076029818,0.0076029818,0.0076029818,0.005025822,0.0076029818,0.0076029818,0.007096123,0.0076029818,0.0076029818,0.0066230544,0.0061815237,0.004690772,0.004690772,0.004690772,0.0066230544,0.007096123,0.005769428,0.007096123,0.004690772,0.0061815237,0.007096123,0.0061815237,0.0061815237,0.0061815237,0.005769428,0.005384804,0.005025822,0.0061815237,0.004690772,0.004690772,0.0061815237,0.0076029818,0.0066230544,0.004690772,0.007096123,0.0061815237,0.005769428,0.004690772,0.007096123,0.004690772,0.0076029818,0.0076029818,0.0076029818,0.007096123,0.0076029818,0.0061815237,0.0076029818,0.0076029818,0.005384804,0.005384804,0.0076029818,0.0076029818,0.0076029818,0.004690772,0.0076029818,0.0066230544,0.0076029818,0.0076029818,0.0061815237,0.004690772,0.005769428,0.005384804,0.005025822,0.004690772,0.005384804,0.0061815237,0.004690772,0.005769428,0.007096123,0.005025822,0.0076029818,0.004690772,0.005025822,0.004690772,0.0076029818,0.0061815237,0.0076029818,0.0076029818,0.007096123,0.007096123,0.0061815237,0.004690772,0.004690772,0.0066230544,0.004690772,0.0076029818,0.0076029818,0.005769428,0.004690772,0.0076029818,0.0066230544,0.0076029818,0.004690772,0.0076029818,0.0076029818,0.0076029818,0.004690772,0.0061815237,0.004690772,0.005384804,0.0076029818,0.0066230544,0.005025822,0.005384804,0.004690772,0.0061815237,0.0061815237,0.004690772,0.004690772,0.0076029818,0.0076029818,0.005025822,0.0076029818,0.005769428,0.004690772,0.007096123,0.0076029818,0.0076029818,0.0061815237,0.0076029818,0.007096123,0.0076029818,0.0076029818,0.005384804,0.0076029818,0.007096123,0.004690772,0.004690772,0.0061815237,0.005384804,0.005384804,0.0066230544,0.007096123,0.005384804,0.005384804,0.004690772,0.004690772,0.0066230544,0.005384804,0.0061815237,0.0066230544,0.005384804,0.004690772,0.007096123,0.005025822,0.0076029818,0.007096123,0.0066230544,0.004690772,0.004690772,0.005384804,0.0076029818,0.0076029818,0.0061815237,0.004690772,0.007096123,0.0076029818,0.0076029818,0.004690772,0,1
0.007034675,0.0075371447,0.0075371447,0.0075371447,0.0061279954,0.0075371447,0.0075371447,0.006565703,0.007034675,0.0046501528,0.005338175,0.0049823015,0.0046501528,0.0046501528,0.0046501528,0.0061279954,0.007034675,0.006565703,0.0075371447,0.0061279954,0.007034675,0.007034675,0.0061279954,0.005719468,0.0046501528,0.0046501528,0.005338175,0.0061279954,0.007034675,0.0049823015,0.0046501528,0.005719468,0.0075371447,0.006565703,0.0046501528,0.007034675,0.0061279954,0.005719468,0.0046501528,0.0075371447,0.0061279954,0.007034675,0.0075371447,0.0075371447,0.0046501528,0.0075371447,0.007034675,0.0075371447,0.0075371447,0.007034675,0.005338175,0.0075371447,0.0075371447,0.0075371447,0.0046501528,0.0075371447,0.006565703,0.0075371447,0.0075371447,0.0061279954,0.005338175,0.0061279954,0.0049823015,0.0046501528,0.007034675,0.0061279954,0.0061279954,0.0049823015,0.005719468,0.005719468,0.0046501528,0.0075371447,0.0046501528,0.005338175,0.0046501528,0.0075371447,0.0061279954,0.0075371447,0.0075371447,0.0075371447,0.0075371447,0.005338175,0.0046501528,0.0046501528,0.0046501528,0.007034675,0.0075371447,0.0075371447,0.005719468,0.0075371447,0.0075371447,0.006565703,0.0075371447,0.0046501528,0.0075371447,0.007034675,0.0075371447,0.0049823015,0.0061279954,0.0046501528,0.005338175,0.0075371447,0.006565703,0.0049823015,0.005338175,0.0046501528,0.0061279954,0.0061279954,0.0046501528,0.0046501528,0.007034675,0.0075371447,0.005719468,0.0075371447,0.007034675,0.0046501528,0.006565703,0.0075371447,0.0075371447,0.005338175,0.0075371447,0.006565703,0.0075371447,0.0075371447,0.007034675,0.0075371447,0.0061279954,0.0046501528,0.0046501528,0.006565703,0.005719468,0.005338175,0.0061279954,0.007034675,0.006565703,0.006565703,0.0049823015,0.0046501528,0.0061279954,0.005719468,0.005338175,0.006565703,0.005719468,0.0046501528,0.006565703,0.006565703,0.0075371447,0.0075371447,0.0075371447,0.0046501528,0.0046501528,0.005338175,0.0075371447,0.0075371447,0.006565703,0.007034675,0.005338175,0.0061279954,0.0061279954,0.0046501528,1,1
0.0070576426,0.0075617526,0.0075617526,0.0075617526,0.0046653347,0.0070576426,0.0075617526,0.0065871393,0.0075617526,0.0061480026,0.0061480026,0.0057381415,0.0046653347,0.0046653347,0.0053556035,0.0061480026,0.0061480026,0.0061480026,0.0075617526,0.0049985684,0.0070576426,0.0070576426,0.0053556035,0.0053556035,0.0046653347,0.0075617526,0.0053556035,0.0057381415,0.0057381415,0.0075617526,0.0075617526,0.0057381415,0.0075617526,0.0061480026,0.0049985684,0.0061480026,0.0057381415,0.0057381415,0.0046653347,0.0061480026,0.0061480026,0.0065871393,0.0075617526,0.0070576426,0.0049985684,0.0070576426,0.0061480026,0.0075617526,0.0075617526,0.0075617526,0.0053556035,0.0075617526,0.0075617526,0.0075617526,0.0046653347,0.0075617526,0.0065871393,0.0075617526,0.0075617526,0.0061480026,0.0075617526,0.0057381415,0.0046653347,0.0049985684,0.0075617526,0.0057381415,0.0061480026,0.0046653347,0.0053556035,0.0065871393,0.0065871393,0.0075617526,0.0046653347,0.0049985684,0.0046653347,0.0075617526,0.0057381415,0.0075617526,0.0075617526,0.0061480026,0.0075617526,0.0049985684,0.0046653347,0.0046653347,0.0046653347,0.0075617526,0.0075617526,0.0075617526,0.0057381415,0.0075617526,0.0075617526,0.0065871393,0.0075617526,0.0046653347,0.0075617526,0.0075617526,0.0075617526,0.0046653347,0.0061480026,0.0046653347,0.0053556035,0.0061480026,0.0061480026,0.0061480026,0.0065871393,0.0046653347,0.0057381415,0.0053556035,0.0046653347,0.0061480026,0.0075617526,0.0075617526,0.0046653347,0.0065871393,0.0065871393,0.0046653347,0.0065871393,0.0075617526,0.0075617526,0.0046653347,0.0053556035,0.0057381415,0.0075617526,0.0075617526,0.0049985684,0.0075617526,0.0070576426,0.0046653347,0.0046653347,0.0061480026,0.0075617526,0.0061480026,0.0061480026,0.0065871393,0.0057381415,0.0070576426,0.0057381415,0.0046653347,0.0061480026,0.0053556035,0.0057381415,0.0065871393,0.0057381415,0.0049985684,0.0065871393,0.0053556035,0.0075617526,0.0075617526,0.0075617526,0.0046653347,0.0057381415,0.0053556035,0.0075617526,0.0075617526,0.0065871393,0.0070576426,0.0046653347,0.0053556035,0.0053556035,0.0046653347,1,1
0.006334359,0.0067868065,0.0077909622,0.0077909622,0.004806749,0.006334359,0.0077909622,0.006334359,0.0067868065,0.0077909622,0.005517941,0.0059120744,0.0067868065,0.004806749,0.0077909622,0.0051500835,0.0059120744,0.0067868065,0.0077909622,0.0059120744,0.0067868065,0.0067868065,0.006334359,0.0072715716,0.004806749,0.0059120744,0.006334359,0.006334359,0.0051500835,0.0077909622,0.0067868065,0.006334359,0.006334359,0.006334359,0.0077909622,0.004806749,0.005517941,0.0077909622,0.004806749,0.005517941,0.004806749,0.006334359,0.0077909622,0.0067868065,0.0077909622,0.005517941,0.004806749,0.0077909622,0.006334359,0.006334359,0.005517941,0.0067868065,0.0077909622,0.004806749,0.0051500835,0.004806749,0.004806749,0.0077909622,0.006334359,0.005517941,0.006334359,0.0051500835,0.006334359,0.004806749,0.0077909622,0.0051500835,0.005517941,0.0059120744,0.0059120744,0.0067868065,0.006334359,0.0077909622,0.005517941,0.0051500835,0.0059120744,0.004806749,0.005517941,0.0077909622,0.005517941,0.004806749,0.004806749,0.004806749,0.0077909622,0.0077909622,0.006334359,0.004806749,0.005517941,0.0077909622,0.0077909622,0.0059120744,0.0072715716,0.0067868065,0.0077909622,0.004806749,0.0077909622,0.0051500835,0.006334359,0.0077909622,0.0059120744,0.0072715716,0.006334359,0.0059120744,0.0077909622,0.0059120744,0.006334359,0.004806749,0.005517941,0.0067868065,0.004806749,0.0077909622,0.0051500835,0.004806749,0.006334359,0.0067868065,0.0051500835,0.0051500835,0.006334359,0.0077909622,0.0072715716,0.005517941,0.0051500835,0.0051500835,0.0077909622,0.0077909622,0.0051500835,0.0067868065,0.0072715716,0.0059120744,0.006334359,0.0067868065,0.004806749,0.005517941,0.0072715716,0.0072715716,0.0051500835,0.0067868065,0.006334359,0.004806749,0.0072715716,0.006334359,0.0051500835,0.0067868065,0.006334359,0.005517941,0.005517941,0.0051500835,0.0077909622,0.0077909622,0.0077909622,0.004806749,0.004806749,0.005517941,0.0072715716,0.0077909622,0.0051500835,0.0059120744,0.006334359,0.006334359,0.006334359,0.004806749,2,2
0.004875359,0.005223594,0.0059964615,0.007902168,0.004875359,0.005223594,0.006883679,0.006883679,0.007902168,0.007902168,0.005596702,0.005223594,0.004875359,0.0059964615,0.0073753637,0.007902168,0.004875359,0.004875359,0.007902168,0.005223594,0.005596702,0.0073753637,0.0059964615,0.0059964615,0.004875359,0.006883679,0.0073753637,0.0064247735,0.005596702,0.006883679,0.0073753637,0.005596702,0.0059964615,0.0064247735,0.007902168,0.005596702,0.0064247735,0.004875359,0.0064247735,0.005596702,0.004875359,0.0073753637,0.007902168,0.0059964615,0.007902168,0.004875359,0.005223594,0.0064247735,0.0073753637,0.006883679,0.0059964615,0.005596702,0.005223594,0.0064247735,0.0064247735,0.004875359,0.0059964615,0.0064247735,0.0059964615,0.0059964615,0.007902168,0.0059964615,0.0064247735,0.004875359,0.007902168,0.0059964615,0.0059964615,0.004875359,0.0059964615,0.006883679,0.004875359,0.005596702,0.005596702,0.005223594,0.007902168,0.004875359,0.005223594,0.005223594,0.007902168,0.005596702,0.0064247735,0.006883679,0.007902168,0.007902168,0.007902168,0.004875359,0.005596702,0.0064247735,0.0064247735,0.006883679,0.0064247735,0.006883679,0.0064247735,0.004875359,0.007902168,0.005596702,0.004875359,0.005223594,0.0059964615,0.007902168,0.006883679,0.0064247735,0.004875359,0.004875359,0.0073753637,0.004875359,0.005596702,0.005596702,0.005596702,0.007902168,0.0059964615,0.0073753637,0.0064247735,0.0059964615,0.0064247735,0.0059964615,0.006883679,0.0073753637,0.0059964615,0.004875359,0.005223594,0.005223594,0.0059964615,0.007902168,0.0064247735,0.005596702,0.0073753637,0.006883679,0.007902168,0.0073753637,0.006883679,0.005596702,0.0073753637,0.0073753637,0.006883679,0.0059964615,0.004875359,0.004875359,0.0064247735,0.005596702,0.005596702,0.005596702,0.0064247735,0.005596702,0.006883679,0.005223594,0.007902168,0.007902168,0.007902168,0.007902168,0.005596702,0.005596702,0.006883679,0.0073753637,0.005223594,0.0064247735,0.005596702,0.0064247735,0.004875359,0.005223594,3,3
0.0056812637,0.0069876863,0.0049490216,0.0056812637,0.008021563,0.0060870633,0.0049490216,0.0049490216,0.0049490216,0.008021563,0.0074867997,0.0065218466,0.0049490216,0.005302518,0.008021563,0.005302518,0.0065218466,0.0065218466,0.0049490216,0.0065218466,0.0049490216,0.0074867997,0.0056812637,0.0049490216,0.0069876863,0.008021563,0.0060870633,0.0056812637,0.0049490216,0.008021563,0.008021563,0.005302518,0.0049490216,0.0069876863,0.008021563,0.0056812637,0.0060870633,0.008021563,0.0065218466,0.0069876863,0.0049490216,0.0065218466,0.008021563,0.0069876863,0.008021563,0.008021563,0.0069876863,0.0049490216,0.0049490216,0.0065218466,0.0065218466,0.0060870633,0.0056812637,0.0060870633,0.008021563,0.0049490216,0.0065218466,0.0049490216,0.0049490216,0.0056812637,0.008021563,0.0060870633,0.0056812637,0.005302518,0.008021563,0.0065218466,0.0060870633,0.0060870633,0.0049490216,0.0049490216,0.0049490216,0.0065218466,0.0049490216,0.005302518,0.0074867997,0.008021563,0.0065218466,0.0049490216,0.0049490216,0.0049490216,0.005302518,0.008021563,0.008021563,0.0049490216,0.008021563,0.0049490216,0.0049490216,0.005302518,0.0069876863,0.0060870633,0.0060870633,0.0069876863,0.0049490216,0.008021563,0.008021563,0.0065218466,0.0049490216,0.0069876863,0.0049490216,0.008021563,0.0074867997,0.0069876863,0.005302518,0.0049490216,0.0074867997,0.008021563,0.008021563,0.0049490216,0.0049490216,0.008021563,0.008021563,0.008021563,0.0065218466,0.0049490216,0.0069876863,0.008021563,0.0065218466,0.0049490216,0.005302518,0.0049490216,0.0056812637,0.0056812637,0.0049490216,0.0049490216,0.0049490216,0.0049490216,0.005302518,0.0060870633,0.008021563,0.0049490216,0.008021563,0.0060870633,0.0065218466,0.005302518,0.0069876863,0.0069876863,0.005302518,0.0065218466,0.005302518,0.008021563,0.0049490216,0.0060870633,0.0074867997,0.0060870633,0.0065218466,0.005302518,0.0074867997,0.0049490216,0.0049490216,0.008021563,0.0065218466,0.0056812637,0.0049490216,0.0049490216,0.008021563,0.008021563,0.0060870633,0.0049490216,0.0049490216,0.0074867997,4,4
0.0049318885,0.0060659903,0.0060659903,0.007993793,0.0049318885,0.0060659903,0.007993793,0.006963495,0.007993793,0.007993793,0.0056615956,0.0052841613,0.0049318885,0.007993793,0.0064992686,0.0049318885,0.0060659903,0.006963495,0.007993793,0.0060659903,0.007993793,0.0074608806,0.0064992686,0.006963495,0.0049318885,0.0074608806,0.0064992686,0.0064992686,0.0056615956,0.007993793,0.007993793,0.0056615956,0.0056615956,0.006963495,0.0074608806,0.0049318885,0.0056615956,0.0049318885,0.006963495,0.0056615956,0.0049318885,0.0060659903,0.007993793,0.0060659903,0.007993793,0.0049318885,0.0056615956,0.0049318885,0.007993793,0.0064992686,0.0064992686,0.0049318885,0.0049318885,0.007993793,0.0060659903,0.0049318885,0.0052841613,0.0049318885,0.007993793,0.0052841613,0.0056615956,0.006963495,0.0052841613,0.0056615956,0.0056615956,0.0052841613,0.0060659903,0.0049318885,0.007993793,0.0060659903,0.0064992686,0.007993793,0.0056615956,0.0056615956,0.0052841613,0.0049318885,0.0052841613,0.0052841613,0.0064992686,0.0049318885,0.0049318885,0.0060659903,0.007993793,0.007993793,0.007993793,0.0049318885,0.0052841613,0.006963495,0.0074608806,0.0060659903,0.0060659903,0.0049318885,0.0049318885,0.0074608806,0.0052841613,0.0049318885,0.0049318885,0.0064992686,0.006963495,0.006963495,0.0060659903,0.006963495,0.007993793,0.0052841613,0.007993793,0.0049318885,0.0056615956,0.0049318885,0.006963495,0.006963495,0.0049318885,0.0049318885,0.006963495,0.0074608806,0.0052841613,0.0060659903,0.0060659903,0.0049318885,0.0056615956,0.0049318885,0.0049318885,0.0052841613,0.0060659903,0.007993793,0.0049318885,0.0056615956,0.007993793,0.0064992686,0.007993793,0.006963495,0.0060659903,0.0056615956,0.0074608806,0.0074608806,0.0060659903,0.0060659903,0.0056615956,0.0056615956,0.007993793,0.0060659903,0.0052841613,0.0064992686,0.0064992686,0.006963495,0.0056615956,0.0052841613,0.007993793,0.007993793,0.007993793,0.0049318885,0.0049318885,0.0056615956,0.0074608806,0.007993793,0.0049318885,0.0064992686,0.0060659903,0.0060659903,0.0074608806,0.0049318885,3,3
0.004843969,0.005957853,0.004843969,0.00785129,0.004843969,0.0051899618,0.00785129,0.0068393587,0.00785129,0.00785129,0.0063834074,0.0051899618,0.004843969,0.00785129,0.00785129,0.0051899618,0.0068393587,0.0063834074,0.00785129,0.0055606677,0.0055606677,0.0073278775,0.005957853,0.0063834074,0.004843969,0.0068393587,0.005957853,0.0063834074,0.0073278775,0.0068393587,0.0063834074,0.0055606677,0.0055606677,0.0073278775,0.00785129,0.0051899618,0.005957853,0.004843969,0.00785129,0.0055606677,0.004843969,0.0063834074,0.00785129,0.005957853,0.00785129,0.00785129,0.0073278775,0.0051899618,0.00785129,0.0063834074,0.0055606677,0.004843969,0.004843969,0.00785129,0.0063834074,0.004843969,0.005957853,0.004843969,0.00785129,0.004843969,0.0068393587,0.0073278775,0.0051899618,0.0068393587,0.005957853,0.005957853,0.0063834074,0.004843969,0.00785129,0.004843969,0.0051899618,0.005957853,0.0055606677,0.0055606677,0.00785129,0.004843969,0.0051899618,0.004843969,0.00785129,0.004843969,0.004843969,0.005957853,0.00785129,0.00785129,0.00785129,0.004843969,0.0055606677,0.0063834074,0.0068393587,0.005957853,0.005957853,0.0055606677,0.004843969,0.00785129,0.004843969,0.004843969,0.004843969,0.0055606677,0.00785129,0.00785129,0.0073278775,0.0073278775,0.0063834074,0.0051899618,0.0068393587,0.004843969,0.0055606677,0.004843969,0.00785129,0.0068393587,0.0063834074,0.00785129,0.0063834074,0.0068393587,0.0063834074,0.005957853,0.0068393587,0.0055606677,0.005957853,0.004843969,0.0055606677,0.0051899618,0.004843969,0.00785129,0.004843969,0.0055606677,0.0068393587,0.0068393587,0.00785129,0.0063834074,0.0063834074,0.0063834074,0.0073278775,0.0073278775,0.0055606677,0.005957853,0.0051899618,0.0051899618,0.0073278775,0.0063834074,0.0055606677,0.005957853,0.0063834074,0.00785129,0.005957853,0.0051899618,0.00785129,0.00785129,0.00785129,0.0063834074,0.004843969,0.0055606677,0.0073278775,0.00785129,0.004843969,0.0068393587,0.005957853,0.005957853,0.005957853,0.004843969,3,3
0.0054991394,0.0063127754,0.0077644153,0.0077644153,0.004790371,0.0054991394,0.0077644153,0.0067636813,0.0077644153,0.0077644153,0.0054991394,0.0054991394,0.004790371,0.004790371,0.0063127754,0.00589193,0.0067636813,0.0054991394,0.0077644153,0.005132535,0.0067636813,0.0072467946,0.0063127754,0.0067636813,0.004790371,0.0077644153,0.0072467946,0.005132535,0.005132535,0.0067636813,0.0054991394,0.00589193,0.004790371,0.004790371,0.0077644153,0.004790371,0.0054991394,0.0077644153,0.0072467946,0.0054991394,0.004790371,0.0067636813,0.0077644153,0.00589193,0.0077644153,0.00589193,0.0063127754,0.0054991394,0.0077644153,0.0067636813,0.0054991394,0.0077644153,0.0067636813,0.0063127754,0.0054991394,0.0077644153,0.004790371,0.0077644153,0.0077644153,0.0077644153,0.0072467946,0.00589193,0.0063127754,0.0054991394,0.0077644153,0.00589193,0.0054991394,0.004790371,0.0054991394,0.0072467946,0.004790371,0.004790371,0.0054991394,0.0054991394,0.0072467946,0.0067636813,0.00589193,0.0077644153,0.0067636813,0.00589193,0.004790371,0.005132535,0.0077644153,0.0077644153,0.0077644153,0.004790371,0.005132535,0.0067636813,0.0063127754,0.004790371,0.0072467946,0.0067636813,0.0077644153,0.004790371,0.0077644153,0.004790371,0.005132535,0.004790371,0.0067636813,0.0072467946,0.0063127754,0.0067636813,0.0067636813,0.0054991394,0.0072467946,0.004790371,0.0054991394,0.004790371,0.004790371,0.0077644153,0.00589193,0.0077644153,0.004790371,0.0067636813,0.0063127754,0.004790371,0.0067636813,0.0077644153,0.0067636813,0.0054991394,0.0054991394,0.00589193,0.0077644153,0.0077644153,0.0054991394,0.005132535,0.0072467946,0.0067636813,0.0077644153,0.0063127754,0.00589193,0.0054991394,0.0063127754,0.0072467946,0.005132535,0.0054991394,0.005132535,0.004790371,0.0067636813,0.0054991394,0.005132535,0.0067636813,0.0063127754,0.005132535,0.0067636813,0.005132535,0.0077644153,0.0077644153,0.0077644153,0.0067636813,0.00589193,0.0054991394,0.0067636813,0.0072467946,0.004790371,0.00589193,0.0063127754,0.0063127754,0.00589193,0.004790371,2,3
0.0056253807,0.0056253807,0.0049003414,0.00794266,0.0056253807,0.0056253807,0.0049003414,0.0069189523,0.0074131563,0.00794266,0.0056253807,0.0052503604,0.0052503604,0.0074131563,0.00794266,0.0052503604,0.0064576953,0.0056253807,0.00794266,0.0049003414,0.0064576953,0.0074131563,0.0064576953,0.0069189523,0.0052503604,0.0049003414,0.0056253807,0.0064576953,0.0064576953,0.0056253807,0.00794266,0.0064576953,0.0052503604,0.0064576953,0.00794266,0.0064576953,0.0064576953,0.0049003414,0.00794266,0.0069189523,0.0049003414,0.006027188,0.0069189523,0.006027188,0.00794266,0.006027188,0.0052503604,0.0049003414,0.0056253807,0.00794266,0.0064576953,0.0056253807,0.0064576953,0.00794266,0.0069189523,0.0052503604,0.006027188,0.0052503604,0.0069189523,0.006027188,0.0064576953,0.0052503604,0.006027188,0.006027188,0.00794266,0.0052503604,0.0064576953,0.0049003414,0.0069189523,0.0052503604,0.0069189523,0.0052503604,0.0056253807,0.0049003414,0.00794266,0.0056253807,0.0052503604,0.0049003414,0.0064576953,0.006027188,0.0049003414,0.0049003414,0.00794266,0.00794266,0.0064576953,0.0052503604,0.0056253807,0.00794266,0.0074131563,0.0069189523,0.006027188,0.0064576953,0.0052503604,0.0049003414,0.00794266,0.0056253807,0.0049003414,0.006027188,0.0069189523,0.00794266,0.0064576953,0.0064576953,0.0049003414,0.0064576953,0.006027188,0.0049003414,0.0056253807,0.0049003414,0.00794266,0.0064576953,0.0052503604,0.0052503604,0.0056253807,0.0069189523,0.0074131563,0.0069189523,0.0064576953,0.0052503604,0.0064576953,0.0049003414,0.0056253807,0.0052503604,0.006027188,0.00794266,0.0074131563,0.0049003414,0.00794266,0.0064576953,0.00794266,0.0074131563,0.0056253807,0.0056253807,0.0074131563,0.0074131563,0.0056253807,0.0056253807,0.0049003414,0.0069189523,0.0064576953,0.006027188,0.0052503604,0.0069189523,0.0069189523,0.006027188,0.0074131563,0.0056253807,0.0056253807,0.00794266,0.00794266,0.00794266,0.0069189523,0.0056253807,0.0069189523,0.0074131563,0.0052503604,0.0052503604,0.0052503604,0.0052503604,0.0069189523,0.0049003414,3,3
0.006199677,0.006199677,0.0076253098,0.0076253098,0.0047045476,0.005786371,0.0076253098,0.005786371,0.0066425046,0.0066425046,0.006199677,0.006199677,0.0047045476,0.0047045476,0.0076253098,0.0076253098,0.005786371,0.005040582,0.006199677,0.005786371,0.006199677,0.0071169627,0.005040582,0.006199677,0.0047045476,0.006199677,0.0054006176,0.005040582,0.006199677,0.005786371,0.006199677,0.0066425046,0.0076253098,0.0066425046,0.0047045476,0.005786371,0.006199677,0.0066425046,0.0047045476,0.0054006176,0.0047045476,0.0076253098,0.0076253098,0.005786371,0.0076253098,0.006199677,0.0054006176,0.0076253098,0.0076253098,0.0066425046,0.005786371,0.0066425046,0.006199677,0.0071169627,0.0047045476,0.0076253098,0.006199677,0.0076253098,0.0076253098,0.0071169627,0.0076253098,0.005786371,0.0054006176,0.0054006176,0.0076253098,0.005040582,0.005786371,0.0047045476,0.0054006176,0.0071169627,0.005786371,0.0076253098,0.0047045476,0.0047045476,0.005786371,0.0076253098,0.006199677,0.0076253098,0.0076253098,0.0071169627,0.0066425046,0.005040582,0.0071169627,0.006199677,0.005786371,0.005786371,0.005786371,0.0076253098,0.0071169627,0.0066425046,0.0066425046,0.0066425046,0.0076253098,0.0047045476,0.0076253098,0.005040582,0.0054006176,0.005786371,0.0066425046,0.0047045476,0.0071169627,0.0076253098,0.006199677,0.005040582,0.006199677,0.0047045476,0.0054006176,0.006199677,0.0047045476,0.0066425046,0.006199677,0.0076253098,0.0047045476,0.0071169627,0.0066425046,0.005786371,0.0066425046,0.0076253098,0.0071169627,0.005040582,0.0054006176,0.005786371,0.0076253098,0.0076253098,0.005040582,0.0071169627,0.006199677,0.0054006176,0.0076253098,0.0076253098,0.0076253098,0.0054006176,0.005786371,0.0066425046,0.0076253098,0.0071169627,0.005040582,0.0047045476,0.006199677,0.0071169627,0.0054006176,0.0066425046,0.005786371,0.0054006176,0.0066425046,0.005040582,0.0076253098,0.0076253098,0.0076253098,0.005040582,0.005040582,0.0054006176,0.0066425046,0.0071169627,0.0047045476,0.0076253098,0.0054006176,0.006199677,0.0054006176,0.0047045476,2,4
0.0055129705,0.005906749,0.0077839443,0.0077839443,0.0048024193,0.005145444,0.006328653,0.0067806933,0.0077839443,0.0077839443,0.0055129705,0.006328653,0.006328653,0.0048024193,0.0077839443,0.0067806933,0.005906749,0.006328653,0.0077839443,0.0048024193,0.005906749,0.0067806933,0.005906749,0.006328653,0.005906749,0.0077839443,0.005906749,0.005906749,0.005906749,0.005906749,0.006328653,0.0067806933,0.005906749,0.006328653,0.005145444,0.0072650216,0.005145444,0.0077839443,0.0048024193,0.0067806933,0.0048024193,0.006328653,0.0072650216,0.0055129705,0.0077839443,0.006328653,0.0048024193,0.0077839443,0.005145444,0.0072650216,0.005906749,0.0048024193,0.0077839443,0.0048024193,0.0055129705,0.0048024193,0.0048024193,0.0077839443,0.005906749,0.0067806933,0.0067806933,0.005145444,0.0067806933,0.0048024193,0.0077839443,0.006328653,0.006328653,0.0048024193,0.005906749,0.0067806933,0.005145444,0.0048024193,0.0055129705,0.0055129705,0.0072650216,0.005145444,0.005145444,0.0077839443,0.0048024193,0.005145444,0.0048024193,0.0048024193,0.0077839443,0.0077839443,0.0077839443,0.006328653,0.006328653,0.0077839443,0.006328653,0.006328653,0.0067806933,0.0067806933,0.0077839443,0.0048024193,0.0077839443,0.0067806933,0.0067806933,0.0067806933,0.006328653,0.0077839443,0.0067806933,0.006328653,0.0067806933,0.005145444,0.0077839443,0.0048024193,0.006328653,0.005906749,0.0048024193,0.0077839443,0.005906749,0.005145444,0.006328653,0.0072650216,0.005906749,0.005906749,0.0067806933,0.0077839443,0.005906749,0.0048024193,0.005145444,0.005145444,0.0077839443,0.0077839443,0.0055129705,0.0055129705,0.0077839443,0.006328653,0.0067806933,0.0067806933,0.0067806933,0.0055129705,0.0072650216,0.0072650216,0.005906749,0.0055129705,0.005145444,0.0048024193,0.006328653,0.0055129705,0.006328653,0.005906749,0.0067806933,0.0055129705,0.005906749,0.0055129705,0.0077839443,0.0077839443,0.0077839443,0.0072650216,0.005145444,0.0055129705,0.0067806933,0.0072650216,0.0048024193,0.0072650216,0.0055129705,0.005906749,0.005145444,0.0048024193,2,2
0.0074726287,0.0074726287,0.0074726287,0.0074726287,0.0049396544,0.00697446,0.0074726287,0.0065095024,0.0074726287,0.0046103485,0.00697446,0.0060755415,0.0046103485,0.0046103485,0.0046103485,0.0065095024,0.0060755415,0.0060755415,0.0074726287,0.005670511,0.0074726287,0.00697446,0.0046103485,0.0049396544,0.0046103485,0.0074726287,0.0052924817,0.0052924817,0.0049396544,0.0074726287,0.0074726287,0.0060755415,0.0074726287,0.005670511,0.0046103485,0.00697446,0.0060755415,0.005670511,0.0046103485,0.0074726287,0.005670511,0.0074726287,0.0074726287,0.0074726287,0.0046103485,0.0074726287,0.00697446,0.0074726287,0.0074726287,0.0074726287,0.0052924817,0.0074726287,0.0074726287,0.0074726287,0.0046103485,0.0074726287,0.0065095024,0.0074726287,0.0074726287,0.005670511,0.0074726287,0.0049396544,0.0046103485,0.0046103485,0.0074726287,0.0060755415,0.0060755415,0.0049396544,0.005670511,0.0060755415,0.0060755415,0.0074726287,0.0046103485,0.0049396544,0.0046103485,0.0074726287,0.0060755415,0.0074726287,0.0074726287,0.0074726287,0.0074726287,0.0046103485,0.0046103485,0.0046103485,0.0046103485,0.0074726287,0.00697446,0.0074726287,0.0052924817,0.0074726287,0.0074726287,0.0065095024,0.0074726287,0.0046103485,0.0074726287,0.0074726287,0.0074726287,0.0046103485,0.0060755415,0.0046103485,0.0052924817,0.0065095024,0.0060755415,0.0052924817,0.0065095024,0.0046103485,0.005670511,0.0052924817,0.0046103485,0.00697446,0.0074726287,0.0074726287,0.0052924817,0.00697446,0.00697446,0.0052924817,0.0065095024,0.0074726287,0.0074726287,0.0052924817,0.0074726287,0.00697446,0.0074726287,0.0074726287,0.0074726287,0.0074726287,0.005670511,0.0046103485,0.0049396544,0.0065095024,0.0074726287,0.0052924817,0.005670511,0.0065095024,0.00697446,0.0065095024,0.0052924817,0.0046103485,0.0060755415,0.0052924817,0.0060755415,0.0065095024,0.005670511,0.0046103485,0.0052924817,0.0065095024,0.0074726287,0.0074726287,0.0074726287,0.0046103485,0.005670511,0.0052924817,0.00697446,0.00697446,0.00697446,0.0046103485,0.005670511,0.0060755415,0.0060755415,0.0049396544,0,0
0.007478578,0.007478578,0.007478578,0.007478578,0.0056750257,0.0065146848,0.007478578,0.0065146848,0.007478578,0.0046140193,0.0060803783,0.004943587,0.0046140193,0.0046140193,0.0046140193,0.0065146848,0.0069800126,0.0065146848,0.007478578,0.0060803783,0.0069800126,0.0069800126,0.0060803783,0.0056750257,0.0046140193,0.004943587,0.005296695,0.0060803783,0.0060803783,0.0056750257,0.0060803783,0.0056750257,0.007478578,0.0065146848,0.0046140193,0.0069800126,0.0060803783,0.0056750257,0.0046140193,0.007478578,0.0046140193,0.007478578,0.007478578,0.007478578,0.0065146848,0.007478578,0.0060803783,0.007478578,0.007478578,0.0065146848,0.005296695,0.007478578,0.007478578,0.007478578,0.0046140193,0.007478578,0.0065146848,0.007478578,0.007478578,0.0056750257,0.004943587,0.005296695,0.004943587,0.004943587,0.007478578,0.0056750257,0.0060803783,0.005296695,0.0056750257,0.0060803783,0.0056750257,0.007478578,0.0046140193,0.005296695,0.0046140193,0.007478578,0.0060803783,0.007478578,0.007478578,0.007478578,0.007478578,0.0046140193,0.0046140193,0.0046140193,0.0046140193,0.007478578,0.007478578,0.007478578,0.005296695,0.007478578,0.007478578,0.0065146848,0.007478578,0.0046140193,0.007478578,0.007478578,0.007478578,0.0046140193,0.0060803783,0.0046140193,0.0046140193,0.007478578,0.0065146848,0.004943587,0.0060803783,0.0046140193,0.0060803783,0.0056750257,0.0046140193,0.004943587,0.0069800126,0.007478578,0.005296695,0.007478578,0.0069800126,0.0046140193,0.0065146848,0.007478578,0.007478578,0.0060803783,0.007478578,0.0069800126,0.007478578,0.007478578,0.0069800126,0.007478578,0.0056750257,0.0046140193,0.0046140193,0.0065146848,0.0065146848,0.005296695,0.0065146848,0.0069800126,0.0060803783,0.0065146848,0.004943587,0.0046140193,0.0060803783,0.005296695,0.0060803783,0.0060803783,0.005296695,0.0046140193,0.0060803783,0.0056750257,0.007478578,0.007478578,0.007478578,0.0046140193,0.004943587,0.005296695,0.0069800126,0.007478578,0.0069800126,0.0046140193,0.007478578,0.007478578,0.007478578,0.007478578,0,2
0.0054041226,0.0062037003,0.0076302583,0.0076302583,0.0047076005,0.0062037003,0.0076302583,0.006646815,0.0076302583,0.0076302583,0.0062037003,0.006646815,0.0050438526,0.0047076005,0.0076302583,0.0076302583,0.0062037003,0.0054041226,0.0076302583,0.0054041226,0.007121581,0.007121581,0.0050438526,0.0054041226,0.0047076005,0.007121581,0.006646815,0.0050438526,0.0050438526,0.0076302583,0.007121581,0.0054041226,0.006646815,0.006646815,0.0076302583,0.0050438526,0.0050438526,0.0076302583,0.0054041226,0.0062037003,0.0047076005,0.0057901265,0.0076302583,0.006646815,0.0076302583,0.0054041226,0.0050438526,0.0076302583,0.0076302583,0.006646815,0.0054041226,0.007121581,0.0057901265,0.0076302583,0.0062037003,0.0062037003,0.0047076005,0.0050438526,0.006646815,0.0076302583,0.0076302583,0.0057901265,0.0047076005,0.0047076005,0.0076302583,0.0050438526,0.0057901265,0.0050438526,0.0054041226,0.0062037003,0.007121581,0.0076302583,0.0054041226,0.0047076005,0.007121581,0.007121581,0.0062037003,0.0076302583,0.0062037003,0.0062037003,0.0047076005,0.0054041226,0.0076302583,0.0076302583,0.0076302583,0.0047076005,0.0050438526,0.0062037003,0.007121581,0.0057901265,0.0062037003,0.006646815,0.0076302583,0.0047076005,0.0076302583,0.0047076005,0.0047076005,0.0054041226,0.0062037003,0.007121581,0.006646815,0.0062037003,0.006646815,0.0050438526,0.0076302583,0.0047076005,0.0054041226,0.0050438526,0.0047076005,0.0076302583,0.0062037003,0.0076302583,0.0050438526,0.0076302583,0.0062037003,0.0057901265,0.006646815,0.0076302583,0.0054041226,0.0047076005,0.0050438526,0.0050438526,0.0076302583,0.0076302583,0.0047076005,0.0062037003,0.007121581,0.0062037003,0.0076302583,0.0062037003,0.006646815,0.007121581,0.006646815,0.007121581,0.0054041226,0.0076302583,0.0062037003,0.0047076005,0.006646815,0.006646815,0.0050438526,0.006646815,0.0062037003,0.0050438526,0.0062037003,0.0062037003,0.0076302583,0.0076302583,0.0076302583,0.0050438526,0.0054041226,0.0054041226,0.0062037003,0.006646815,0.0062037003,0.0076302583,0.0062037003,0.0054041226,0.0054041226,0.0047076005,2,4
0.007063633,0.00659273,0.007568171,0.007568171,0.0046692947,0.007568171,0.00659273,0.007063633,0.007568171,0.007568171,0.006153221,0.005743012,0.0046692947,0.0046692947,0.0046692947,0.006153221,0.007063633,0.006153221,0.007568171,0.0053601493,0.006153221,0.007063633,0.006153221,0.006153221,0.00659273,0.005743012,0.0053601493,0.006153221,0.00659273,0.005743012,0.005002811,0.0053601493,0.007568171,0.00659273,0.0046692947,0.00659273,0.006153221,0.005743012,0.0046692947,0.007568171,0.0046692947,0.007568171,0.007568171,0.007568171,0.007568171,0.007568171,0.006153221,0.007568171,0.007568171,0.006153221,0.0053601493,0.007568171,0.007568171,0.007568171,0.0046692947,0.007568171,0.00659273,0.007568171,0.007568171,0.006153221,0.0046692947,0.005743012,0.0053601493,0.0053601493,0.005743012,0.0053601493,0.006153221,0.005002811,0.005743012,0.005743012,0.0046692947,0.007568171,0.0046692947,0.005002811,0.0046692947,0.007568171,0.006153221,0.007568171,0.007568171,0.00659273,0.007063633,0.005002811,0.0046692947,0.0046692947,0.005743012,0.00659273,0.007568171,0.007568171,0.005743012,0.007568171,0.007063633,0.00659273,0.007568171,0.0046692947,0.007568171,0.007568171,0.007568171,0.0046692947,0.006153221,0.0046692947,0.005002811,0.007568171,0.00659273,0.005002811,0.007063633,0.0046692947,0.006153221,0.006153221,0.0046692947,0.0046692947,0.007063633,0.007568171,0.0053601493,0.007568171,0.006153221,0.0046692947,0.007063633,0.007568171,0.007568171,0.0053601493,0.007568171,0.007063633,0.007568171,0.007568171,0.005002811,0.007568171,0.007063633,0.0046692947,0.0046692947,0.006153221,0.00659273,0.0053601493,0.00659273,0.007063633,0.006153221,0.0053601493,0.0046692947,0.0046692947,0.007063633,0.0053601493,0.006153221,0.00659273,0.0053601493,0.0046692947,0.005743012,0.0053601493,0.007568171,0.00659273,0.006153221,0.0046692947,0.0046692947,0.0053601493,0.00659273,0.007568171,0.006153221,0.0046692947,0.007568171,0.006153221,0.00659273,0.007568171,2,1
0.006273772,0.006273772,0.0077164434,0.0077164434,0.004760774,0.007202021,0.0077164434,0.0067218924,0.0077164434,0.005100824,0.007202021,0.0067218924,0.004760774,0.004760774,0.005100824,0.0077164434,0.0067218924,0.005100824,0.0077164434,0.006273772,0.0077164434,0.007202021,0.004760774,0.004760774,0.005465163,0.0077164434,0.005465163,0.005100824,0.004760774,0.0077164434,0.007202021,0.005855527,0.0077164434,0.006273772,0.004760774,0.0077164434,0.005465163,0.006273772,0.004760774,0.0077164434,0.0067218924,0.005855527,0.005855527,0.005465163,0.004760774,0.0077164434,0.006273772,0.005855527,0.0077164434,0.0077164434,0.0077164434,0.0067218924,0.005465163,0.004760774,0.005465163,0.0077164434,0.006273772,0.0077164434,0.0077164434,0.006273772,0.0067218924,0.005465163,0.005100824,0.005465163,0.0067218924,0.005100824,0.005855527,0.004760774,0.005855527,0.0067218924,0.0077164434,0.0077164434,0.004760774,0.004760774,0.005465163,0.0077164434,0.005465163,0.005465163,0.005100824,0.0077164434,0.0077164434,0.004760774,0.005465163,0.004760774,0.004760774,0.0077164434,0.005465163,0.0077164434,0.005100824,0.005100824,0.0077164434,0.0067218924,0.0077164434,0.004760774,0.0077164434,0.0077164434,0.007202021,0.004760774,0.005100824,0.004760774,0.0067218924,0.007202021,0.006273772,0.005855527,0.007202021,0.004760774,0.005465163,0.006273772,0.004760774,0.0067218924,0.007202021,0.0077164434,0.004760774,0.005855527,0.006273772,0.0077164434,0.005465163,0.004760774,0.005465163,0.005100824,0.0067218924,0.006273772,0.0077164434,0.0077164434,0.005465163,0.0077164434,0.006273772,0.005465163,0.007202021,0.006273772,0.0077164434,0.005465163,0.005100824,0.005855527,0.0067218924,0.0077164434,0.006273772,0.004760774,0.005855527,0.005465163,0.006273772,0.005855527,0.004760774,0.004760774,0.007202021,0.006273772,0.0077164434,0.0077164434,0.005855527,0.005855527,0.0077164434,0.005465163,0.005855527,0.006273772,0.007202021,0.0077164434,0.006273772,0.005855527,0.005465163,0.004760774,2,0
0.006878219,0.0078959,0.0073695136,0.005991705,0.005592263,0.0052194507,0.005991705,0.004871492,0.0052194507,0.0078959,0.0064196773,0.0064196773,0.004871492,0.0073695136,0.0078959,0.0078959,0.0073695136,0.004871492,0.004871492,0.005592263,0.006878219,0.005991705,0.0052194507,0.004871492,0.004871492,0.0073695136,0.005592263,0.0064196773,0.0052194507,0.0078959,0.0078959,0.005991705,0.004871492,0.006878219,0.0078959,0.005991705,0.0064196773,0.005991705,0.0064196773,0.005991705,0.005592263,0.0064196773,0.0078959,0.005991705,0.0078959,0.0078959,0.006878219,0.0052194507,0.004871492,0.0064196773,0.0073695136,0.005991705,0.005991705,0.004871492,0.006878219,0.004871492,0.0064196773,0.004871492,0.004871492,0.004871492,0.0078959,0.005991705,0.004871492,0.004871492,0.0064196773,0.0078959,0.0073695136,0.0052194507,0.0052194507,0.0052194507,0.005991705,0.005592263,0.004871492,0.0052194507,0.0078959,0.0073695136,0.0064196773,0.004871492,0.004871492,0.004871492,0.0064196773,0.0064196773,0.005592263,0.004871492,0.005592263,0.004871492,0.0052194507,0.004871492,0.0064196773,0.005991705,0.005991705,0.006878219,0.004871492,0.0078959,0.0078959,0.005592263,0.004871492,0.006878219,0.004871492,0.0078959,0.0078959,0.0073695136,0.005592263,0.004871492,0.0073695136,0.0078959,0.0078959,0.004871492,0.004871492,0.0078959,0.0078959,0.0078959,0.005991705,0.004871492,0.0064196773,0.006878219,0.006878219,0.005592263,0.0052194507,0.004871492,0.0073695136,0.005592263,0.0078959,0.004871492,0.004871492,0.0073695136,0.004871492,0.0052194507,0.005592263,0.004871492,0.006878219,0.005592263,0.0073695136,0.006878219,0.006878219,0.0073695136,0.005991705,0.0073695136,0.0064196773,0.0073695136,0.0078959,0.0064196773,0.005592263,0.0073695136,0.005592263,0.0064196773,0.0078959,0.0078959,0.0078959,0.0078959,0.006878219,0.005592263,0.004871492,0.006878219,0.0078959,0.0078959,0.005991705,0.0052194507,0.0052194507,0.004871492,1,0
0.007553686,0.007553686,0.007553686,0.007553686,0.0057320204,0.0070501138,0.007553686,0.006580112,0.0070501138,0.004660358,0.0057320204,0.0053498903,0.004660358,0.004660358,0.004660358,0.006141444,0.006580112,0.006580112,0.007553686,0.0057320204,0.0070501138,0.0070501138,0.0053498903,0.0057320204,0.004660358,0.004660358,0.0053498903,0.006141444,0.006141444,0.0053498903,0.006141444,0.0057320204,0.007553686,0.006580112,0.004660358,0.0070501138,0.0053498903,0.006580112,0.0053498903,0.0070501138,0.0057320204,0.007553686,0.007553686,0.007553686,0.004660358,0.0070501138,0.006141444,0.007553686,0.007553686,0.006580112,0.0053498903,0.007553686,0.007553686,0.007553686,0.004660358,0.007553686,0.006580112,0.007553686,0.007553686,0.0057320204,0.006141444,0.0057320204,0.004660358,0.004660358,0.007553686,0.0057320204,0.006141444,0.004660358,0.0053498903,0.004993236,0.0057320204,0.007553686,0.004660358,0.0053498903,0.004660358,0.006141444,0.006141444,0.007553686,0.007553686,0.007553686,0.007553686,0.004660358,0.004660358,0.004660358,0.004660358,0.0070501138,0.007553686,0.007553686,0.0057320204,0.007553686,0.007553686,0.006580112,0.007553686,0.004660358,0.007553686,0.007553686,0.007553686,0.004993236,0.006141444,0.004660358,0.0057320204,0.007553686,0.006580112,0.004993236,0.006141444,0.004660358,0.0057320204,0.006141444,0.004660358,0.004993236,0.0070501138,0.007553686,0.0057320204,0.007553686,0.0070501138,0.0057320204,0.006580112,0.007553686,0.007553686,0.004660358,0.007553686,0.006141444,0.007553686,0.007553686,0.0070501138,0.007553686,0.006141444,0.004660358,0.004660358,0.006580112,0.006580112,0.0053498903,0.006580112,0.0070501138,0.0070501138,0.006580112,0.004993236,0.004660358,0.006141444,0.0053498903,0.0053498903,0.006580112,0.0057320204,0.004660358,0.006580112,0.0057320204,0.007553686,0.007553686,0.007553686,0.004660358,0.004660358,0.0053498903,0.007553686,0.007553686,0.006141444,0.0057320204,0.0057320204,0.0070501138,0.0070501138,0.004660358,0,0
0.006447182,0.007929729,0.0048923637,0.007929729,0.0069076885,0.0048923637,0.007929729,0.0048923637,0.005241813,0.007929729,0.0069076885,0.006017376,0.005241813,0.006447182,0.0056162225,0.006447182,0.007401088,0.0048923637,0.0048923637,0.006447182,0.007929729,0.007401088,0.006017376,0.0048923637,0.005241813,0.0069076885,0.0056162225,0.0048923637,0.0056162225,0.0056162225,0.007929729,0.006447182,0.0048923637,0.0056162225,0.007929729,0.005241813,0.006017376,0.005241813,0.0048923637,0.006447182,0.0048923637,0.006447182,0.0069076885,0.006017376,0.007929729,0.007929729,0.0069076885,0.0048923637,0.0048923637,0.007929729,0.006017376,0.006017376,0.007929729,0.007401088,0.0056162225,0.0048923637,0.006447182,0.0069076885,0.0048923637,0.0048923637,0.007401088,0.0056162225,0.006017376,0.005241813,0.006447182,0.005241813,0.006017376,0.005241813,0.006447182,0.007401088,0.006017376,0.007401088,0.0056162225,0.005241813,0.006017376,0.0048923637,0.0056162225,0.0048923637,0.0056162225,0.0069076885,0.005241813,0.0056162225,0.0048923637,0.0048923637,0.0056162225,0.0048923637,0.0048923637,0.005241813,0.007401088,0.006017376,0.006017376,0.0069076885,0.0048923637,0.007929729,0.007929729,0.006017376,0.0048923637,0.006447182,0.006447182,0.007401088,0.007401088,0.006447182,0.006017376,0.0048923637,0.007401088,0.007929729,0.007401088,0.006447182,0.0048923637,0.007929729,0.007929729,0.007929729,0.006017376,0.006017376,0.006017376,0.006017376,0.0069076885,0.005241813,0.006447182,0.0056162225,0.006447182,0.006447182,0.0048923637,0.0048923637,0.007401088,0.007401088,0.007929729,0.0048923637,0.0048923637,0.006447182,0.006017376,0.006447182,0.007401088,0.007401088,0.007401088,0.0069076885,0.0056162225,0.005241813,0.0048923637,0.007929729,0.006017376,0.0069076885,0.006017376,0.0056162225,0.007929729,0.005241813,0.007929729,0.007929729,0.007929729,0.005241813,0.0056162225,0.0056162225,0.0069076885,0.006447182,0.007929729,0.007929729,0.0069076885,0.006017376,0.006447182,0.0048923637,1,4
0.0070578707,0.007561997,0.007561997,0.007561997,0.0057383273,0.0070578707,0.007561997,0.006587352,0.007561997,0.0046654856,0.0057383273,0.0057383273,0.0046654856,0.0046654856,0.0046654856,0.0057383273,0.0061482014,0.006587352,0.007561997,0.0057383273,0.0070578707,0.0070578707,0.0061482014,0.0057383273,0.0046654856,0.0046654856,0.0053557768,0.0061482014,0.0061482014,0.0046654856,0.0046654856,0.0057383273,0.007561997,0.006587352,0.0046654856,0.0070578707,0.0057383273,0.0057383273,0.0046654856,0.007561997,0.0046654856,0.007561997,0.007561997,0.007561997,0.0057383273,0.0070578707,0.0061482014,0.007561997,0.007561997,0.0070578707,0.0053557768,0.007561997,0.007561997,0.007561997,0.0046654856,0.007561997,0.006587352,0.007561997,0.007561997,0.0057383273,0.0053557768,0.0057383273,0.0046654856,0.0046654856,0.007561997,0.0061482014,0.0061482014,0.0053557768,0.0061482014,0.0061482014,0.0053557768,0.007561997,0.0046654856,0.0053557768,0.0046654856,0.007561997,0.0061482014,0.007561997,0.007561997,0.007561997,0.007561997,0.00499873,0.0046654856,0.0046654856,0.0046654856,0.0070578707,0.007561997,0.007561997,0.0057383273,0.007561997,0.007561997,0.006587352,0.007561997,0.0046654856,0.007561997,0.007561997,0.007561997,0.0046654856,0.0061482014,0.0046654856,0.0053557768,0.007561997,0.006587352,0.00499873,0.00499873,0.0046654856,0.0061482014,0.0061482014,0.0046654856,0.00499873,0.0070578707,0.007561997,0.0057383273,0.007561997,0.006587352,0.00499873,0.006587352,0.007561997,0.007561997,0.0053557768,0.007561997,0.0070578707,0.007561997,0.007561997,0.007561997,0.007561997,0.0070578707,0.0046654856,0.0046654856,0.006587352,0.006587352,0.0053557768,0.00499873,0.0061482014,0.0057383273,0.006587352,0.00499873,0.0046654856,0.0061482014,0.0053557768,0.0053557768,0.006587352,0.0057383273,0.0046654856,0.006587352,0.0057383273,0.007561997,0.007561997,0.007561997,0.0046654856,0.0046654856,0.0053557768,0.007561997,0.007561997,0.006587352,0.0046654856,0.0061482014,0.007561997,0.007561997,0.0046654856,1,3
0.005972123,0.005972123,0.007870094,0.007870094,0.0048555704,0.007870094,0.0048555704,0.0048555704,0.0048555704,0.0048555704,0.006398696,0.005573986,0.0048555704,0.007345428,0.007870094,0.0068557393,0.006398696,0.0068557393,0.005202392,0.0068557393,0.0068557393,0.006398696,0.005972123,0.005573986,0.005573986,0.007345428,0.005573986,0.005573986,0.005573986,0.007870094,0.0068557393,0.0048555704,0.0048555704,0.007345428,0.007870094,0.006398696,0.006398696,0.007345428,0.005972123,0.007870094,0.0048555704,0.006398696,0.007870094,0.0068557393,0.007870094,0.0068557393,0.005573986,0.005573986,0.0048555704,0.007345428,0.006398696,0.005972123,0.005202392,0.0048555704,0.007870094,0.0048555704,0.0068557393,0.0048555704,0.0048555704,0.007345428,0.007870094,0.005972123,0.006398696,0.005202392,0.007870094,0.005972123,0.005573986,0.005972123,0.005972123,0.006398696,0.007870094,0.007870094,0.0048555704,0.005202392,0.0048555704,0.0068557393,0.006398696,0.0048555704,0.005573986,0.005202392,0.005202392,0.007870094,0.007870094,0.0048555704,0.007870094,0.0048555704,0.0048555704,0.005202392,0.006398696,0.005972123,0.005972123,0.0068557393,0.0048555704,0.007870094,0.007870094,0.006398696,0.0048555704,0.0068557393,0.0048555704,0.007870094,0.0068557393,0.007345428,0.005202392,0.0048555704,0.007345428,0.007870094,0.007870094,0.0048555704,0.0048555704,0.007870094,0.007345428,0.007345428,0.005972123,0.005573986,0.0068557393,0.0068557393,0.0068557393,0.005573986,0.005202392,0.005202392,0.005972123,0.006398696,0.0048555704,0.0048555704,0.005972123,0.005202392,0.005202392,0.005972123,0.0068557393,0.005202392,0.006398696,0.006398696,0.007345428,0.0068557393,0.005972123,0.0068557393,0.006398696,0.005202392,0.0048555704,0.007870094,0.0048555704,0.005972123,0.007345428,0.006398696,0.005972123,0.0068557393,0.007345428,0.007870094,0.007870094,0.005202392,0.005972123,0.005573986,0.005202392,0.007870094,0.007870094,0.005573986,0.006398696,0.0048555704,0.005573986,0.007870094,2,4
0.0049691815,0.005324118,0.0061118584,0.008054239,0.0049691815,0.005324118,0.0061118584,0.0070161503,0.007517297,0.008054239,0.0061118584,0.005324118,0.0049691815,0.008054239,0.006548413,0.0049691815,0.006548413,0.006548413,0.008054239,0.0049691815,0.005704406,0.007517297,0.006548413,0.006548413,0.0049691815,0.0049691815,0.005704406,0.006548413,0.005704406,0.0049691815,0.005324118,0.006548413,0.006548413,0.007517297,0.008054239,0.005704406,0.006548413,0.0049691815,0.008054239,0.005704406,0.0049691815,0.006548413,0.007517297,0.0061118584,0.008054239,0.0061118584,0.005324118,0.007517297,0.0070161503,0.006548413,0.005704406,0.0061118584,0.007517297,0.008054239,0.005704406,0.0049691815,0.005324118,0.007517297,0.007517297,0.005324118,0.006548413,0.005324118,0.0049691815,0.0070161503,0.0049691815,0.0061118584,0.006548413,0.0049691815,0.008054239,0.0049691815,0.005704406,0.0049691815,0.005704406,0.005704406,0.008054239,0.0049691815,0.005324118,0.0049691815,0.008054239,0.0049691815,0.0049691815,0.0049691815,0.008054239,0.008054239,0.006548413,0.0049691815,0.0049691815,0.006548413,0.007517297,0.0049691815,0.0061118584,0.0049691815,0.0049691815,0.008054239,0.006548413,0.0049691815,0.0049691815,0.0070161503,0.008054239,0.007517297,0.0049691815,0.006548413,0.005324118,0.005704406,0.006548413,0.0049691815,0.005704406,0.0061118584,0.008054239,0.008054239,0.005324118,0.0049691815,0.006548413,0.008054239,0.0061118584,0.005704406,0.006548413,0.0061118584,0.006548413,0.0049691815,0.0061118584,0.005324118,0.006548413,0.008054239,0.0049691815,0.0061118584,0.008054239,0.0070161503,0.008054239,0.006548413,0.0049691815,0.005704406,0.007517297,0.007517297,0.0049691815,0.005704406,0.005324118,0.0049691815,0.0070161503,0.005704406,0.005324118,0.005324118,0.007517297,0.006548413,0.0061118584,0.005324118,0.008054239,0.008054239,0.008054239,0.008054239,0.005324118,0.005704406,0.0070161503,0.007517297,0.0049691815,0.0049691815,0.0049691815,0.008054239,0.0061118584,0.0061118584,3,3
0.0066371146,0.007619122,0.007619122,0.007619122,0.0053962353,0.006194646,0.007619122,0.0071111876,0.007619122,0.007619122,0.007619122,0.0066371146,0.0047007296,0.0047007296,0.0053962353,0.0071111876,0.0071111876,0.0057816757,0.0066371146,0.0050364914,0.0071111876,0.0071111876,0.0057816757,0.006194646,0.0050364914,0.0047007296,0.0057816757,0.006194646,0.0066371146,0.0047007296,0.0050364914,0.0053962353,0.007619122,0.0066371146,0.0047007296,0.0071111876,0.006194646,0.0057816757,0.0047007296,0.0071111876,0.007619122,0.006194646,0.0057816757,0.0053962353,0.0047007296,0.0071111876,0.006194646,0.007619122,0.007619122,0.0057816757,0.0053962353,0.007619122,0.007619122,0.007619122,0.0047007296,0.007619122,0.0066371146,0.007619122,0.007619122,0.006194646,0.0047007296,0.0057816757,0.0053962353,0.0053962353,0.006194646,0.006194646,0.006194646,0.0053962353,0.006194646,0.006194646,0.0057816757,0.007619122,0.0050364914,0.0050364914,0.0047007296,0.007619122,0.006194646,0.007619122,0.007619122,0.007619122,0.007619122,0.0057816757,0.0047007296,0.0047007296,0.0057816757,0.0066371146,0.007619122,0.007619122,0.0057816757,0.007619122,0.007619122,0.0066371146,0.007619122,0.0047007296,0.007619122,0.007619122,0.007619122,0.0047007296,0.006194646,0.0047007296,0.0053962353,0.007619122,0.0066371146,0.0053962353,0.0050364914,0.0047007296,0.006194646,0.006194646,0.0047007296,0.0047007296,0.0071111876,0.007619122,0.0050364914,0.007619122,0.0057816757,0.0053962353,0.0071111876,0.007619122,0.007619122,0.0047007296,0.006194646,0.006194646,0.007619122,0.007619122,0.0050364914,0.007619122,0.0071111876,0.0047007296,0.0047007296,0.006194646,0.0066371146,0.0057816757,0.0066371146,0.0071111876,0.0057816757,0.0057816757,0.0047007296,0.0047007296,0.006194646,0.0053962353,0.0053962353,0.0066371146,0.0057816757,0.0047007296,0.0071111876,0.0050364914,0.007619122,0.0050364914,0.0057816757,0.0047007296,0.0047007296,0.0053962353,0.007619122,0.007619122,0.0071111876,0.0071111876,0.0053962353,0.0066371146,0.0066371146,0.0047007296,1,1
0.004919426,0.006050662,0.004919426,0.004919426,0.006050662,0.007973594,0.004919426,0.004919426,0.004919426,0.004919426,0.007442028,0.0056472896,0.004919426,0.005270809,0.007973594,0.0056472896,0.0064828456,0.0064828456,0.004919426,0.0064828456,0.005270809,0.0064828456,0.0056472896,0.0064828456,0.006945899,0.007973594,0.0056472896,0.004919426,0.004919426,0.007973594,0.007973594,0.0056472896,0.004919426,0.0064828456,0.007973594,0.0056472896,0.006050662,0.006945899,0.006050662,0.007442028,0.004919426,0.0064828456,0.007973594,0.006945899,0.007973594,0.007442028,0.0064828456,0.004919426,0.004919426,0.0064828456,0.007973594,0.0064828456,0.004919426,0.004919426,0.007973594,0.004919426,0.006945899,0.004919426,0.004919426,0.0064828456,0.007973594,0.006050662,0.0056472896,0.004919426,0.007973594,0.006050662,0.0064828456,0.006050662,0.004919426,0.0056472896,0.004919426,0.007442028,0.005270809,0.005270809,0.007973594,0.007442028,0.0064828456,0.004919426,0.004919426,0.004919426,0.005270809,0.006945899,0.005270809,0.007973594,0.007973594,0.004919426,0.004919426,0.005270809,0.007442028,0.006050662,0.006050662,0.006945899,0.004919426,0.007973594,0.007973594,0.006945899,0.004919426,0.0064828456,0.004919426,0.007973594,0.007973594,0.007442028,0.006050662,0.004919426,0.007442028,0.007973594,0.007973594,0.004919426,0.004919426,0.007973594,0.007442028,0.007973594,0.0064828456,0.007973594,0.007973594,0.005270809,0.006945899,0.004919426,0.005270809,0.004919426,0.0064828456,0.0064828456,0.004919426,0.004919426,0.004919426,0.004919426,0.0056472896,0.006050662,0.007973594,0.004919426,0.007973594,0.0056472896,0.0064828456,0.006050662,0.007442028,0.006945899,0.0056472896,0.007442028,0.006050662,0.007973594,0.004919426,0.006050662,0.007442028,0.0056472896,0.006050662,0.0056472896,0.004919426,0.007973594,0.007973594,0.005270809,0.006945899,0.0056472896,0.004919426,0.004919426,0.007973594,0.007973594,0.006945899,0.004919426,0.0056472896,0.007973594,5,4
0.0048796576,0.006001748,0.0048796576,0.0048796576,0.007909135,0.0064304383,0.0064304383,0.0052281995,0.006001748,0.007909135,0.007381866,0.0068897484,0.0048796576,0.0052281995,0.0068897484,0.0056016366,0.0064304383,0.0064304383,0.0052281995,0.0064304383,0.0048796576,0.007381866,0.0056016366,0.0048796576,0.007909135,0.007381866,0.0064304383,0.0052281995,0.0048796576,0.007909135,0.007909135,0.0056016366,0.0052281995,0.0068897484,0.007909135,0.006001748,0.0064304383,0.0068897484,0.006001748,0.007909135,0.0048796576,0.0064304383,0.0056016366,0.0052281995,0.007381866,0.007909135,0.006001748,0.0048796576,0.0048796576,0.0064304383,0.007381866,0.0064304383,0.0052281995,0.0048796576,0.007909135,0.0048796576,0.0064304383,0.0052281995,0.0048796576,0.0052281995,0.007909135,0.0056016366,0.0056016366,0.0052281995,0.007909135,0.0052281995,0.006001748,0.0056016366,0.0052281995,0.007381866,0.0052281995,0.007909135,0.0056016366,0.0052281995,0.0068897484,0.007909135,0.0064304383,0.0048796576,0.0048796576,0.0048796576,0.0048796576,0.0056016366,0.006001748,0.007909135,0.007909135,0.0048796576,0.0048796576,0.0052281995,0.007381866,0.006001748,0.006001748,0.0068897484,0.0048796576,0.007909135,0.007909135,0.0068897484,0.0048796576,0.0068897484,0.0048796576,0.007909135,0.007381866,0.0068897484,0.007381866,0.006001748,0.0068897484,0.007909135,0.007381866,0.006001748,0.0048796576,0.007909135,0.007909135,0.007909135,0.0064304383,0.0056016366,0.0068897484,0.007909135,0.0064304383,0.0048796576,0.0052281995,0.0048796576,0.0068897484,0.006001748,0.0068897484,0.0048796576,0.0048796576,0.006001748,0.006001748,0.0052281995,0.007909135,0.0048796576,0.007909135,0.0056016366,0.0068897484,0.0064304383,0.007381866,0.007381866,0.006001748,0.006001748,0.006001748,0.007909135,0.0048796576,0.0064304383,0.007381866,0.0052281995,0.0056016366,0.007381866,0.007909135,0.0048796576,0.0048796576,0.007909135,0.0056016366,0.0056016366,0.0048796576,0.0048796576,0.007909135,0.007909135,0.0064304383,0.0048796576,0.0052281995,0.007909135,4,4
0.005279415,0.006060541,0.005279415,0.0049274587,0.007986613,0.0064934306,0.0064934306,0.0049274587,0.00565651,0.007986613,0.0074541788,0.0069572404,0.0049274587,0.005279415,0.0069572404,0.0064934306,0.0074541788,0.006060541,0.0049274587,0.006060541,0.005279415,0.0074541788,0.005279415,0.0049274587,0.0074541788,0.007986613,0.00565651,0.0049274587,0.0049274587,0.007986613,0.007986613,0.00565651,0.005279415,0.0069572404,0.007986613,0.006060541,0.006060541,0.0069572404,0.006060541,0.007986613,0.005279415,0.00565651,0.00565651,0.005279415,0.0069572404,0.007986613,0.0064934306,0.0049274587,0.0049274587,0.0064934306,0.007986613,0.006060541,0.0049274587,0.0049274587,0.007986613,0.0049274587,0.0064934306,0.005279415,0.0049274587,0.005279415,0.007986613,0.00565651,0.00565651,0.005279415,0.007986613,0.005279415,0.0069572404,0.006060541,0.006060541,0.0074541788,0.007986613,0.007986613,0.00565651,0.00565651,0.006060541,0.007986613,0.0064934306,0.0049274587,0.0049274587,0.0049274587,0.005279415,0.006060541,0.00565651,0.006060541,0.007986613,0.0049274587,0.0049274587,0.005279415,0.0069572404,0.006060541,0.006060541,0.0069572404,0.0049274587,0.007986613,0.007986613,0.0069572404,0.0049274587,0.0069572404,0.0049274587,0.007986613,0.0074541788,0.0064934306,0.0069572404,0.005279415,0.0069572404,0.007986613,0.0074541788,0.00565651,0.0049274587,0.007986613,0.007986613,0.007986613,0.0064934306,0.00565651,0.0069572404,0.007986613,0.0064934306,0.0049274587,0.005279415,0.0049274587,0.006060541,0.00565651,0.0049274587,0.0049274587,0.0049274587,0.0069572404,0.007986613,0.0049274587,0.007986613,0.005279415,0.007986613,0.00565651,0.0069572404,0.0064934306,0.0074541788,0.0069572404,0.0049274587,0.006060541,0.006060541,0.007986613,0.0049274587,0.006060541,0.0069572404,0.005279415,0.00565651,0.0064934306,0.0074541788,0.0049274587,0.0064934306,0.0049274587,0.0064934306,0.00565651,0.0049274587,0.0049274587,0.007986613,0.007986613,0.006060541,0.0049274587,0.0049274587,0.006060541,4,0
0.004841488,0.0055578197,0.0059548016,0.007847268,0.004841488,0.0055578197,0.007847268,0.0068358555,0.0073241238,0.007847268,0.006380138,0.0051873033,0.004841488,0.0073241238,0.007847268,0.006380138,0.004841488,0.006380138,0.007847268,0.0059548016,0.007847268,0.0073241238,0.0051873033,0.0051873033,0.004841488,0.0073241238,0.0055578197,0.0055578197,0.0059548016,0.0059548016,0.0073241238,0.0059548016,0.004841488,0.0073241238,0.0073241238,0.0051873033,0.0051873033,0.0051873033,0.0055578197,0.0055578197,0.004841488,0.0059548016,0.007847268,0.0059548016,0.007847268,0.0055578197,0.0051873033,0.007847268,0.0068358555,0.0055578197,0.006380138,0.0059548016,0.0059548016,0.007847268,0.0055578197,0.0051873033,0.0055578197,0.0059548016,0.0068358555,0.004841488,0.0068358555,0.0073241238,0.006380138,0.0055578197,0.0055578197,0.0051873033,0.0055578197,0.0051873033,0.007847268,0.006380138,0.0059548016,0.0073241238,0.0055578197,0.0051873033,0.0068358555,0.004841488,0.0055578197,0.0068358555,0.0059548016,0.004841488,0.0051873033,0.0059548016,0.007847268,0.007847268,0.006380138,0.004841488,0.0051873033,0.006380138,0.0073241238,0.0059548016,0.006380138,0.004841488,0.004841488,0.0059548016,0.0051873033,0.006380138,0.004841488,0.0068358555,0.006380138,0.0068358555,0.0073241238,0.0068358555,0.0073241238,0.006380138,0.006380138,0.004841488,0.0055578197,0.004841488,0.0068358555,0.007847268,0.006380138,0.007847268,0.006380138,0.007847268,0.0059548016,0.006380138,0.0068358555,0.0073241238,0.0068358555,0.004841488,0.006380138,0.0051873033,0.0068358555,0.007847268,0.004841488,0.006380138,0.0073241238,0.006380138,0.007847268,0.006380138,0.0059548016,0.0055578197,0.0073241238,0.0073241238,0.0059548016,0.0073241238,0.0059548016,0.0055578197,0.0068358555,0.006380138,0.0059548016,0.006380138,0.006380138,0.006380138,0.0055578197,0.0051873033,0.007847268,0.007847268,0.007847268,0.0051873033,0.004841488,0.0055578197,0.006380138,0.0068358555,0.0055578197,0.0073241238,0.0068358555,0.0068358555,0.0068358555,0.004841488,3,3
0.0062457575,0.0076819863,0.0076819863,0.0076819863,0.004739515,0.0066918763,0.0076819863,0.007169861,0.0076819863,0.0076819863,0.0076819863,0.0066918763,0.004739515,0.004739515,0.0058293794,0.0066918763,0.007169861,0.005440759,0.007169861,0.0066918763,0.0062457575,0.007169861,0.0062457575,0.0062457575,0.004739515,0.005440759,0.0058293794,0.0058293794,0.0066918763,0.004739515,0.004739515,0.0062457575,0.0076819863,0.0066918763,0.004739515,0.0066918763,0.0062457575,0.0058293794,0.004739515,0.007169861,0.004739515,0.007169861,0.0066918763,0.0076819863,0.004739515,0.0076819863,0.0062457575,0.0076819863,0.0076819863,0.0066918763,0.005440759,0.0076819863,0.0076819863,0.0076819863,0.004739515,0.0076819863,0.0066918763,0.0076819863,0.0076819863,0.0062457575,0.004739515,0.0058293794,0.0050780466,0.004739515,0.004739515,0.0050780466,0.0062457575,0.004739515,0.005440759,0.0050780466,0.004739515,0.0076819863,0.0050780466,0.0050780466,0.004739515,0.0076819863,0.0062457575,0.0076819863,0.0076819863,0.0076819863,0.0076819863,0.0058293794,0.004739515,0.004739515,0.0062457575,0.004739515,0.0076819863,0.0076819863,0.0058293794,0.004739515,0.0076819863,0.0066918763,0.0076819863,0.004739515,0.0076819863,0.0076819863,0.0076819863,0.004739515,0.0062457575,0.004739515,0.0050780466,0.0076819863,0.0066918763,0.0050780466,0.004739515,0.004739515,0.0062457575,0.0062457575,0.004739515,0.004739515,0.007169861,0.007169861,0.0050780466,0.0076819863,0.0058293794,0.004739515,0.007169861,0.0076819863,0.0076819863,0.004739515,0.0076819863,0.007169861,0.0076819863,0.0076819863,0.0058293794,0.0076819863,0.0076819863,0.004739515,0.0050780466,0.0062457575,0.0062457575,0.005440759,0.0062457575,0.007169861,0.005440759,0.005440759,0.005440759,0.004739515,0.0076819863,0.005440759,0.005440759,0.0066918763,0.0050780466,0.004739515,0.007169861,0.005440759,0.0076819863,0.0050780466,0.005440759,0.004739515,0.004739515,0.005440759,0.0076819863,0.0076819863,0.0062457575,0.007169861,0.0058293794,0.007169861,0.0066918763,0.004739515,1,1
0.0057474137,0.0057474137,0.0075739715,0.0075739715,0.0046728733,0.0053642574,0.0075739715,0.007069047,0.0075739715,0.0075739715,0.007069047,0.0053642574,0.0046728733,0.0046728733,0.0053642574,0.0065977834,0.007069047,0.0057474137,0.0075739715,0.006157937,0.007069047,0.007069047,0.0057474137,0.0053642574,0.0046728733,0.006157937,0.0053642574,0.0050066453,0.0057474137,0.0065977834,0.007069047,0.0057474137,0.0075739715,0.006157937,0.0046728733,0.0065977834,0.006157937,0.0057474137,0.0046728733,0.0075739715,0.006157937,0.007069047,0.006157937,0.0065977834,0.0046728733,0.007069047,0.006157937,0.0075739715,0.0075739715,0.0065977834,0.0053642574,0.0075739715,0.0075739715,0.0075739715,0.0046728733,0.0075739715,0.0065977834,0.0075739715,0.0075739715,0.0057474137,0.007069047,0.0057474137,0.0053642574,0.0053642574,0.0065977834,0.0057474137,0.006157937,0.0050066453,0.0057474137,0.0065977834,0.0046728733,0.007069047,0.0046728733,0.0050066453,0.0050066453,0.0075739715,0.006157937,0.0075739715,0.0075739715,0.0075739715,0.0065977834,0.0046728733,0.0046728733,0.0046728733,0.0046728733,0.0075739715,0.0075739715,0.0075739715,0.0046728733,0.0075739715,0.0075739715,0.0065977834,0.0075739715,0.0046728733,0.0075739715,0.0075739715,0.0075739715,0.0046728733,0.006157937,0.0046728733,0.007069047,0.0075739715,0.006157937,0.0050066453,0.006157937,0.0046728733,0.0057474137,0.0057474137,0.0046728733,0.0057474137,0.0075739715,0.007069047,0.0046728733,0.0075739715,0.0065977834,0.0046728733,0.007069047,0.0075739715,0.0075739715,0.0046728733,0.0057474137,0.0057474137,0.0075739715,0.0075739715,0.0050066453,0.0065977834,0.007069047,0.0057474137,0.006157937,0.0065977834,0.007069047,0.0053642574,0.0065977834,0.007069047,0.006157937,0.0065977834,0.0053642574,0.0046728733,0.006157937,0.0057474137,0.0053642574,0.0065977834,0.0057474137,0.0046728733,0.0065977834,0.0053642574,0.0075739715,0.0075739715,0.0075739715,0.0046728733,0.0050066453,0.0053642574,0.0065977834,0.007069047,0.0075739715,0.0075739715,0.006157937,0.006157937,0.0053642574,0.0050066453,2,3
0.0061978367,0.007623046,0.007623046,0.007623046,0.005399015,0.006640533,0.007623046,0.005399015,0.0061978367,0.0061978367,0.0061978367,0.0057846536,0.004703151,0.004703151,0.005039085,0.0061978367,0.0061978367,0.0061978367,0.007623046,0.0057846536,0.00711485,0.00711485,0.004703151,0.005039085,0.004703151,0.0061978367,0.005399015,0.0061978367,0.0061978367,0.0057846536,0.006640533,0.0057846536,0.007623046,0.0061978367,0.004703151,0.005399015,0.0057846536,0.0061978367,0.004703151,0.0057846536,0.004703151,0.006640533,0.00711485,0.005039085,0.005399015,0.006640533,0.006640533,0.007623046,0.007623046,0.006640533,0.005399015,0.00711485,0.007623046,0.007623046,0.004703151,0.007623046,0.006640533,0.007623046,0.007623046,0.006640533,0.00711485,0.0061978367,0.004703151,0.004703151,0.007623046,0.0061978367,0.0057846536,0.004703151,0.005399015,0.006640533,0.007623046,0.007623046,0.004703151,0.005039085,0.004703151,0.007623046,0.0061978367,0.007623046,0.007623046,0.0061978367,0.007623046,0.005039085,0.004703151,0.004703151,0.004703151,0.007623046,0.007623046,0.007623046,0.0057846536,0.00711485,0.007623046,0.006640533,0.007623046,0.004703151,0.007623046,0.0057846536,0.007623046,0.004703151,0.0061978367,0.0057846536,0.006640533,0.00711485,0.007623046,0.0061978367,0.00711485,0.004703151,0.0057846536,0.0057846536,0.004703151,0.0057846536,0.0061978367,0.007623046,0.005039085,0.007623046,0.00711485,0.005039085,0.006640533,0.00711485,0.007623046,0.005039085,0.006640533,0.006640533,0.007623046,0.007623046,0.005399015,0.006640533,0.007623046,0.004703151,0.005039085,0.00711485,0.006640533,0.0057846536,0.006640533,0.0061978367,0.005039085,0.005399015,0.005399015,0.005039085,0.006640533,0.005399015,0.0057846536,0.006640533,0.005039085,0.004703151,0.007623046,0.0057846536,0.007623046,0.007623046,0.007623046,0.004703151,0.004703151,0.0057846536,0.007623046,0.007623046,0.0061978367,0.0061978367,0.0061978367,0.0061978367,0.0057846536,0.005039085,1,1
0.005344053,0.0070424206,0.0049877875,0.0049877875,0.008084396,0.006134743,0.006134743,0.0049877875,0.0049877875,0.008084396,0.006572932,0.005344053,0.0049877875,0.008084396,0.008084396,0.005344053,0.005725765,0.006572932,0.0049877875,0.0070424206,0.0049877875,0.0075454433,0.006572932,0.005344053,0.0075454433,0.0075454433,0.0070424206,0.0049877875,0.0049877875,0.008084396,0.008084396,0.005725765,0.0049877875,0.0070424206,0.008084396,0.005725765,0.006572932,0.006572932,0.006572932,0.006572932,0.0049877875,0.006134743,0.008084396,0.006572932,0.008084396,0.008084396,0.0070424206,0.0049877875,0.0049877875,0.008084396,0.006134743,0.005725765,0.005725765,0.0049877875,0.008084396,0.0049877875,0.0070424206,0.0049877875,0.0049877875,0.0075454433,0.008084396,0.006134743,0.005725765,0.005725765,0.008084396,0.006572932,0.0075454433,0.006134743,0.0049877875,0.0049877875,0.005725765,0.005725765,0.0049877875,0.005344053,0.008084396,0.0049877875,0.006572932,0.0049877875,0.0049877875,0.0049877875,0.0049877875,0.006134743,0.008084396,0.008084396,0.008084396,0.0049877875,0.0049877875,0.0049877875,0.005344053,0.006134743,0.006134743,0.0070424206,0.0049877875,0.008084396,0.008084396,0.006572932,0.0049877875,0.0070424206,0.005725765,0.008084396,0.005725765,0.006134743,0.0070424206,0.005725765,0.0075454433,0.008084396,0.0075454433,0.0049877875,0.0049877875,0.008084396,0.008084396,0.0070424206,0.006134743,0.0049877875,0.0070424206,0.005344053,0.0070424206,0.005725765,0.005344053,0.0049877875,0.006134743,0.006134743,0.0049877875,0.006572932,0.0049877875,0.0049877875,0.005344053,0.005725765,0.0075454433,0.0049877875,0.0070424206,0.005725765,0.0070424206,0.006134743,0.006572932,0.005725765,0.005344053,0.0049877875,0.0049877875,0.0075454433,0.005344053,0.0070424206,0.006572932,0.005725765,0.0070424206,0.0049877875,0.0049877875,0.0049877875,0.0049877875,0.008084396,0.005725765,0.005725765,0.006134743,0.0070424206,0.008084396,0.005725765,0.006572932,0.0049877875,0.005725765,0.008084396,4,4
0.0059950175,0.0068820217,0.007900265,0.007900265,0.004874185,0.0052223364,0.0073735877,0.0068820217,0.007900265,0.007900265,0.005595355,0.0052223364,0.004874185,0.0059950175,0.0064232266,0.0059950175,0.0064232266,0.0064232266,0.0073735877,0.004874185,0.0073735877,0.0073735877,0.0064232266,0.0073735877,0.004874185,0.0052223364,0.005595355,0.0064232266,0.0059950175,0.004874185,0.004874185,0.0064232266,0.0068820217,0.0068820217,0.004874185,0.0068820217,0.005595355,0.007900265,0.004874185,0.0068820217,0.004874185,0.0068820217,0.007900265,0.0059950175,0.007900265,0.0059950175,0.0052223364,0.007900265,0.004874185,0.0068820217,0.005595355,0.004874185,0.007900265,0.005595355,0.005595355,0.004874185,0.004874185,0.007900265,0.005595355,0.0064232266,0.005595355,0.0052223364,0.0068820217,0.0064232266,0.007900265,0.0052223364,0.0059950175,0.004874185,0.0064232266,0.0073735877,0.005595355,0.005595355,0.005595355,0.005595355,0.007900265,0.005595355,0.0052223364,0.007900265,0.0059950175,0.0052223364,0.0073735877,0.005595355,0.007900265,0.007900265,0.007900265,0.004874185,0.004874185,0.007900265,0.0073735877,0.004874185,0.0064232266,0.0068820217,0.007900265,0.004874185,0.007900265,0.0052223364,0.004874185,0.007900265,0.0064232266,0.007900265,0.0052223364,0.0068820217,0.0073735877,0.005595355,0.0073735877,0.004874185,0.005595355,0.007900265,0.0052223364,0.007900265,0.004874185,0.004874185,0.0068820217,0.0073735877,0.0059950175,0.0052223364,0.0064232266,0.007900265,0.005595355,0.004874185,0.0059950175,0.0052223364,0.007900265,0.007900265,0.0059950175,0.0059950175,0.007900265,0.005595355,0.005595355,0.0073735877,0.004874185,0.005595355,0.0073735877,0.0073735877,0.0052223364,0.005595355,0.004874185,0.004874185,0.0064232266,0.005595355,0.004874185,0.0052223364,0.0068820217,0.0052223364,0.005595355,0.005595355,0.007900265,0.007900265,0.007900265,0.0064232266,0.005595355,0.005595355,0.0068820217,0.0073735877,0.004874185,0.0052223364,0.004874185,0.0073735877,0.005595355,0.005595355,2,2
0.0065928656,0.0075683263,0.0075683263,0.0075683263,0.005360259,0.007063778,0.0075683263,0.0065928656,0.007063778,0.0046693906,0.00574313,0.00574313,0.0046693906,0.0046693906,0.0046693906,0.00574313,0.006153347,0.0065928656,0.0075683263,0.00574313,0.007063778,0.007063778,0.00574313,0.00574313,0.0046693906,0.00574313,0.005360259,0.005360259,0.00574313,0.007063778,0.006153347,0.006153347,0.0075683263,0.006153347,0.0046693906,0.006153347,0.005360259,0.006153347,0.0046693906,0.0065928656,0.0046693906,0.0075683263,0.0075683263,0.0075683263,0.007063778,0.007063778,0.0065928656,0.0075683263,0.0075683263,0.0065928656,0.005360259,0.0075683263,0.0075683263,0.0075683263,0.0046693906,0.0075683263,0.0065928656,0.0075683263,0.0075683263,0.00574313,0.0065928656,0.005360259,0.0050029135,0.0046693906,0.0075683263,0.005360259,0.006153347,0.0050029135,0.005360259,0.0065928656,0.00574313,0.0075683263,0.0050029135,0.0050029135,0.0046693906,0.0075683263,0.006153347,0.0075683263,0.0075683263,0.0075683263,0.006153347,0.0046693906,0.0046693906,0.0046693906,0.006153347,0.005360259,0.007063778,0.0075683263,0.00574313,0.0075683263,0.0075683263,0.0065928656,0.0075683263,0.0046693906,0.0075683263,0.007063778,0.0075683263,0.0050029135,0.006153347,0.0046693906,0.0046693906,0.0065928656,0.0065928656,0.005360259,0.006153347,0.0046693906,0.00574313,0.00574313,0.0046693906,0.00574313,0.00574313,0.0075683263,0.005360259,0.0065928656,0.007063778,0.0046693906,0.0065928656,0.0075683263,0.0075683263,0.0065928656,0.0075683263,0.0065928656,0.0075683263,0.0075683263,0.0075683263,0.007063778,0.007063778,0.005360259,0.005360259,0.006153347,0.0075683263,0.005360259,0.006153347,0.0065928656,0.006153347,0.0065928656,0.00574313,0.0046693906,0.006153347,0.006153347,0.005360259,0.006153347,0.00574313,0.0046693906,0.0065928656,0.00574313,0.0075683263,0.0075683263,0.0075683263,0.0046693906,0.00574313,0.00574313,0.0065928656,0.007063778,0.005360259,0.006153347,0.00574313,0.007063778,0.006153347,0.0046693906,1,1
0.007602727,0.007602727,0.007602727,0.007602727,0.0046906145,0.0066228327,0.007602727,0.0070958855,0.007602727,0.007602727,0.0070958855,0.0066228327,0.0046906145,0.0046906145,0.0053846235,0.0070958855,0.0070958855,0.0057692346,0.0061813165,0.0046906145,0.0061813165,0.0070958855,0.0061813165,0.0061813165,0.0046906145,0.0057692346,0.0057692346,0.0050256536,0.0057692346,0.0046906145,0.0046906145,0.0061813165,0.007602727,0.0066228327,0.0046906145,0.0066228327,0.0061813165,0.0066228327,0.0050256536,0.0066228327,0.007602727,0.0061813165,0.007602727,0.0066228327,0.0046906145,0.0070958855,0.0061813165,0.007602727,0.007602727,0.0057692346,0.0053846235,0.007602727,0.007602727,0.007602727,0.0046906145,0.007602727,0.0066228327,0.007602727,0.0070958855,0.0061813165,0.0046906145,0.0057692346,0.0057692346,0.0050256536,0.0046906145,0.0053846235,0.0061813165,0.0046906145,0.0057692346,0.0070958855,0.0053846235,0.007602727,0.0046906145,0.0050256536,0.0046906145,0.007602727,0.0061813165,0.007602727,0.007602727,0.007602727,0.007602727,0.007602727,0.0046906145,0.0046906145,0.0057692346,0.0046906145,0.007602727,0.007602727,0.0057692346,0.0046906145,0.007602727,0.0066228327,0.007602727,0.0046906145,0.007602727,0.007602727,0.007602727,0.0046906145,0.0061813165,0.0046906145,0.0057692346,0.007602727,0.0066228327,0.0050256536,0.0057692346,0.0046906145,0.0061813165,0.0061813165,0.0046906145,0.0046906145,0.007602727,0.007602727,0.0046906145,0.0070958855,0.0066228327,0.0046906145,0.0070958855,0.007602727,0.007602727,0.0053846235,0.0070958855,0.0070958855,0.007602727,0.007602727,0.0053846235,0.007602727,0.0066228327,0.0046906145,0.0053846235,0.0066228327,0.0061813165,0.0053846235,0.0066228327,0.0070958855,0.0050256536,0.0053846235,0.0050256536,0.0050256536,0.0070958855,0.0053846235,0.0057692346,0.0070958855,0.0050256536,0.0046906145,0.0070958855,0.0053846235,0.007602727,0.0070958855,0.0066228327,0.0046906145,0.0053846235,0.0053846235,0.007602727,0.007602727,0.0057692346,0.0070958855,0.0057692346,0.0070958855,0.0066228327,0.0046906145,0,1
0.0070532276,0.0075570224,0.0075570224,0.0075570224,0.0049954415,0.0075570224,0.0075570224,0.005734552,0.0065830187,0.0053522536,0.0061441567,0.0061441567,0.0046624164,0.0046624164,0.0053522536,0.0075570224,0.0065830187,0.0049954415,0.0075570224,0.0061441567,0.0075570224,0.0070532276,0.0049954415,0.0049954415,0.0046624164,0.0070532276,0.0053522536,0.005734552,0.0061441567,0.0075570224,0.0075570224,0.0061441567,0.0075570224,0.005734552,0.0046624164,0.0065830187,0.0053522536,0.0061441567,0.0046624164,0.0075570224,0.005734552,0.0075570224,0.0075570224,0.0075570224,0.0046624164,0.0070532276,0.0061441567,0.0061441567,0.0075570224,0.0075570224,0.005734552,0.0075570224,0.0075570224,0.0075570224,0.0046624164,0.0075570224,0.0065830187,0.0075570224,0.0075570224,0.005734552,0.0075570224,0.0049954415,0.0046624164,0.0049954415,0.0075570224,0.0061441567,0.0061441567,0.0049954415,0.005734552,0.0061441567,0.0065830187,0.0075570224,0.0046624164,0.0049954415,0.0046624164,0.0075570224,0.0053522536,0.0049954415,0.0053522536,0.0075570224,0.0075570224,0.0046624164,0.0046624164,0.0046624164,0.0046624164,0.0065830187,0.0061441567,0.0075570224,0.0046624164,0.0065830187,0.0075570224,0.0065830187,0.0075570224,0.0046624164,0.0075570224,0.0075570224,0.0075570224,0.0046624164,0.0046624164,0.0046624164,0.0061441567,0.0065830187,0.0061441567,0.0053522536,0.0065830187,0.0046624164,0.0053522536,0.0049954415,0.0046624164,0.0075570224,0.0075570224,0.0075570224,0.0046624164,0.0075570224,0.0070532276,0.0049954415,0.0065830187,0.0070532276,0.0065830187,0.0046624164,0.0075570224,0.0061441567,0.0075570224,0.0075570224,0.0075570224,0.0075570224,0.0070532276,0.0046624164,0.0053522536,0.0065830187,0.0075570224,0.0053522536,0.0061441567,0.0070532276,0.0065830187,0.0075570224,0.0061441567,0.0046624164,0.005734552,0.0061441567,0.005734552,0.005734552,0.005734552,0.0046624164,0.005734552,0.0075570224,0.0075570224,0.0075570224,0.0075570224,0.0046624164,0.005734552,0.0053522536,0.0070532276,0.0075570224,0.0075570224,0.0075570224,0.0049954415,0.0046624164,0.0046624164,0.0046624164,1,0
0.0075170025,0.0075170025,0.0075170025,0.0075170025,0.005323909,0.0070158755,0.0075170025,0.006548157,0.0075170025,0.0046377257,0.0057041836,0.005323909,0.0046377257,0.0046377257,0.0046377257,0.006111619,0.006111619,0.006111619,0.0075170025,0.0057041836,0.0070158755,0.0070158755,0.0057041836,0.0057041836,0.0046377257,0.0046377257,0.005323909,0.006111619,0.006548157,0.005323909,0.006548157,0.006111619,0.0075170025,0.006111619,0.0046377257,0.0070158755,0.0057041836,0.0057041836,0.0046377257,0.0075170025,0.0046377257,0.0075170025,0.0075170025,0.0075170025,0.006111619,0.0070158755,0.006111619,0.0075170025,0.0075170025,0.006548157,0.005323909,0.0075170025,0.0075170025,0.0075170025,0.0046377257,0.0075170025,0.006548157,0.0075170025,0.0075170025,0.0057041836,0.006111619,0.006548157,0.0046377257,0.0046377257,0.0075170025,0.006111619,0.006111619,0.0046377257,0.005323909,0.006548157,0.005323909,0.0075170025,0.0046377257,0.004968987,0.0046377257,0.0075170025,0.006111619,0.0075170025,0.0075170025,0.0075170025,0.0075170025,0.0046377257,0.0046377257,0.0046377257,0.0046377257,0.0075170025,0.0075170025,0.0075170025,0.0057041836,0.0075170025,0.0075170025,0.006548157,0.0075170025,0.0046377257,0.0075170025,0.0070158755,0.0075170025,0.005323909,0.006111619,0.0046377257,0.005323909,0.006548157,0.006548157,0.005323909,0.006111619,0.0046377257,0.0057041836,0.006111619,0.0046377257,0.0057041836,0.0070158755,0.0075170025,0.005323909,0.0075170025,0.006111619,0.0046377257,0.006548157,0.0075170025,0.0075170025,0.004968987,0.0075170025,0.0070158755,0.0075170025,0.0075170025,0.0075170025,0.0075170025,0.006111619,0.0046377257,0.0046377257,0.006548157,0.006548157,0.005323909,0.006548157,0.0070158755,0.0057041836,0.0075170025,0.004968987,0.0046377257,0.006111619,0.0057041836,0.005323909,0.006548157,0.006111619,0.0046377257,0.0070158755,0.005323909,0.0075170025,0.0075170025,0.0075170025,0.0046377257,0.0046377257,0.005323909,0.0075170025,0.0075170025,0.006548157,0.0046377257,0.006111619,0.0075170025,0.0075170025,0.004968987,0,3
0.004921824,0.004921824,0.006053611,0.00797748,0.004921824,0.005650042,0.005273378,0.0069492846,0.0074456553,0.00797748,0.005650042,0.005273378,0.004921824,0.00797748,0.00797748,0.005273378,0.0069492846,0.006486005,0.00797748,0.004921824,0.006053611,0.0074456553,0.006486005,0.006486005,0.004921824,0.004921824,0.005650042,0.006486005,0.006053611,0.004921824,0.004921824,0.006486005,0.00797748,0.0074456553,0.005273378,0.005650042,0.005273378,0.005273378,0.005650042,0.005650042,0.005650042,0.0069492846,0.00797748,0.006053611,0.00797748,0.005650042,0.005650042,0.00797748,0.00797748,0.005650042,0.0074456553,0.005650042,0.00797748,0.00797748,0.005650042,0.005273378,0.005273378,0.0069492846,0.006486005,0.005273378,0.005273378,0.006486005,0.005273378,0.0069492846,0.004921824,0.005273378,0.006053611,0.005650042,0.0069492846,0.006053611,0.004921824,0.005650042,0.005650042,0.005650042,0.00797748,0.004921824,0.005273378,0.005273378,0.006486005,0.004921824,0.0069492846,0.004921824,0.00797748,0.00797748,0.006486005,0.004921824,0.004921824,0.0069492846,0.00797748,0.005273378,0.006053611,0.004921824,0.005273378,0.0069492846,0.005650042,0.005650042,0.004921824,0.0069492846,0.0074456553,0.0074456553,0.0074456553,0.0074456553,0.006486005,0.005650042,0.0069492846,0.004921824,0.005650042,0.0069492846,0.0069492846,0.00797748,0.004921824,0.004921824,0.0074456553,0.0074456553,0.005273378,0.004921824,0.006053611,0.00797748,0.006053611,0.004921824,0.006486005,0.005650042,0.00797748,0.00797748,0.006053611,0.004921824,0.00797748,0.0069492846,0.00797748,0.0074456553,0.005650042,0.005650042,0.0074456553,0.0074456553,0.004921824,0.006486005,0.005273378,0.004921824,0.006486005,0.006486005,0.005273378,0.005273378,0.0074456553,0.0069492846,0.006053611,0.005273378,0.00797748,0.00797748,0.00797748,0.0074456553,0.004921824,0.005650042,0.0069492846,0.0074456553,0.004921824,0.004921824,0.004921824,0.0074456553,0.006486005,0.004921824,3,2
0.005043062,0.006202728,0.005043062,0.005043062,0.008173987,0.0071204645,0.008173987,0.005043062,0.005043062,0.008173987,0.005789218,0.0054032756,0.005043062,0.0066457735,0.007629062,0.0066457735,0.007629062,0.0054032756,0.005043062,0.005789218,0.005043062,0.007629062,0.006202728,0.005043062,0.007629062,0.007629062,0.005789218,0.0066457735,0.005043062,0.008173987,0.008173987,0.005789218,0.005043062,0.005043062,0.008173987,0.0054032756,0.0066457735,0.0054032756,0.005789218,0.0066457735,0.007629062,0.006202728,0.006202728,0.0054032756,0.008173987,0.0054032756,0.0054032756,0.005043062,0.005043062,0.0066457735,0.007629062,0.006202728,0.0071204645,0.005043062,0.008173987,0.005043062,0.0071204645,0.0054032756,0.005043062,0.0054032756,0.008173987,0.006202728,0.0054032756,0.005789218,0.008173987,0.008173987,0.008173987,0.005043062,0.005043062,0.005043062,0.0054032756,0.0071204645,0.005043062,0.005789218,0.0071204645,0.005043062,0.0066457735,0.005043062,0.005043062,0.005043062,0.0054032756,0.008173987,0.005789218,0.005043062,0.008173987,0.005043062,0.005043062,0.005043062,0.0066457735,0.0066457735,0.006202728,0.0071204645,0.005043062,0.008173987,0.008173987,0.006202728,0.005043062,0.005789218,0.005043062,0.008173987,0.0071204645,0.0066457735,0.005043062,0.0054032756,0.0066457735,0.008173987,0.008173987,0.005043062,0.005043062,0.008173987,0.008173987,0.008173987,0.006202728,0.005043062,0.0071204645,0.005789218,0.0071204645,0.005789218,0.005789218,0.0054032756,0.005789218,0.0054032756,0.005789218,0.005043062,0.005043062,0.005043062,0.008173987,0.005043062,0.005043062,0.007629062,0.008173987,0.007629062,0.005043062,0.005043062,0.005043062,0.006202728,0.006202728,0.005043062,0.005043062,0.007629062,0.005789218,0.0066457735,0.0071204645,0.0054032756,0.0071204645,0.005789218,0.008173987,0.005043062,0.005043062,0.008173987,0.007629062,0.005789218,0.005043062,0.005043062,0.008173987,0.007629062,0.005789218,0.006202728,0.005789218,0.0066457735,4,4
0.0049635977,0.005318135,0.0049635977,0.006104991,0.008045188,0.006104991,0.0056979964,0.0049635977,0.0049635977,0.008045188,0.0075088497,0.007008266,0.0049635977,0.005318135,0.0075088497,0.0065410547,0.007008266,0.0065410547,0.005318135,0.0065410547,0.005318135,0.0065410547,0.006104991,0.0049635977,0.0065410547,0.007008266,0.0056979964,0.006104991,0.0049635977,0.008045188,0.008045188,0.0056979964,0.0049635977,0.007008266,0.008045188,0.0049635977,0.0056979964,0.007008266,0.006104991,0.0065410547,0.0049635977,0.006104991,0.008045188,0.006104991,0.008045188,0.0056979964,0.0056979964,0.0049635977,0.0049635977,0.0075088497,0.0075088497,0.0056979964,0.0056979964,0.0049635977,0.008045188,0.0049635977,0.007008266,0.0049635977,0.0049635977,0.007008266,0.008045188,0.0056979964,0.006104991,0.0049635977,0.008045188,0.005318135,0.006104991,0.006104991,0.005318135,0.006104991,0.0049635977,0.0049635977,0.005318135,0.005318135,0.008045188,0.0065410547,0.0065410547,0.0049635977,0.007008266,0.0049635977,0.0049635977,0.0075088497,0.0075088497,0.0056979964,0.008045188,0.0049635977,0.0049635977,0.005318135,0.007008266,0.006104991,0.006104991,0.007008266,0.0049635977,0.008045188,0.008045188,0.007008266,0.0049635977,0.0056979964,0.006104991,0.008045188,0.0075088497,0.0065410547,0.0056979964,0.0049635977,0.0075088497,0.008045188,0.0065410547,0.0065410547,0.0049635977,0.0075088497,0.008045188,0.008045188,0.0065410547,0.0049635977,0.007008266,0.0075088497,0.007008266,0.0049635977,0.0056979964,0.0049635977,0.0049635977,0.005318135,0.0049635977,0.0049635977,0.0056979964,0.005318135,0.005318135,0.007008266,0.008045188,0.0049635977,0.007008266,0.0056979964,0.0075088497,0.007008266,0.0075088497,0.007008266,0.0065410547,0.0075088497,0.0049635977,0.008045188,0.0049635977,0.005318135,0.0075088497,0.0065410547,0.007008266,0.0049635977,0.0049635977,0.008045188,0.0049635977,0.008045188,0.005318135,0.0056979964,0.0065410547,0.005318135,0.008045188,0.008045188,0.0065410547,0.0049635977,0.0049635977,0.006104991,4,4
0.0062747826,0.007203181,0.0077176862,0.0077176862,0.0047615403,0.0058564697,0.0077176862,0.006722975,0.0077176862,0.0077176862,0.0062747826,0.0058564697,0.0054660435,0.0047615403,0.0077176862,0.0077176862,0.006722975,0.0054660435,0.0077176862,0.0051016454,0.0077176862,0.007203181,0.0054660435,0.0047615403,0.0047615403,0.0077176862,0.0054660435,0.0047615403,0.0051016454,0.007203181,0.0051016454,0.0058564697,0.007203181,0.006722975,0.0058564697,0.007203181,0.0058564697,0.0077176862,0.0058564697,0.0062747826,0.0047615403,0.0062747826,0.0077176862,0.0058564697,0.0077176862,0.0062747826,0.0047615403,0.0077176862,0.0077176862,0.0058564697,0.0058564697,0.0062747826,0.0062747826,0.0051016454,0.0054660435,0.0051016454,0.0047615403,0.0077176862,0.0058564697,0.0058564697,0.006722975,0.0051016454,0.0062747826,0.0051016454,0.0077176862,0.0058564697,0.0054660435,0.0051016454,0.0062747826,0.007203181,0.0047615403,0.0054660435,0.0054660435,0.0051016454,0.0077176862,0.006722975,0.0051016454,0.007203181,0.006722975,0.0051016454,0.0047615403,0.007203181,0.0077176862,0.0077176862,0.006722975,0.0047615403,0.0054660435,0.006722975,0.007203181,0.0058564697,0.0058564697,0.006722975,0.0077176862,0.0047615403,0.0077176862,0.0058564697,0.0047615403,0.006722975,0.006722975,0.006722975,0.0077176862,0.006722975,0.0054660435,0.0047615403,0.006722975,0.0051016454,0.0062747826,0.0051016454,0.0047615403,0.0077176862,0.007203181,0.0054660435,0.0054660435,0.006722975,0.0051016454,0.0054660435,0.006722975,0.007203181,0.0047615403,0.0051016454,0.0058564697,0.0054660435,0.0077176862,0.0077176862,0.0054660435,0.0058564697,0.0077176862,0.0062747826,0.0077176862,0.007203181,0.006722975,0.0054660435,0.007203181,0.007203181,0.0051016454,0.006722975,0.0051016454,0.0051016454,0.007203181,0.0054660435,0.006722975,0.0062747826,0.0062747826,0.0054660435,0.0058564697,0.0054660435,0.0077176862,0.0077176862,0.0077176862,0.0058564697,0.0062747826,0.0054660435,0.0062747826,0.006722975,0.0054660435,0.0077176862,0.0058564697,0.0058564697,0.0058564697,0.0047615403,2,4
0.0051791514,0.005945443,0.007834936,0.007834936,0.004833879,0.005549085,0.007834936,0.0068251123,0.007834936,0.0073126135,0.005549085,0.0051791514,0.007834936,0.004833879,0.007834936,0.004833879,0.005549085,0.0068251123,0.007834936,0.0051791514,0.007834936,0.0073126135,0.006370111,0.006370111,0.004833879,0.007834936,0.006370111,0.006370111,0.005549085,0.0073126135,0.007834936,0.005549085,0.005945443,0.006370111,0.006370111,0.004833879,0.004833879,0.007834936,0.004833879,0.005549085,0.004833879,0.006370111,0.007834936,0.005945443,0.007834936,0.005549085,0.0051791514,0.007834936,0.0051791514,0.006370111,0.005549085,0.006370111,0.007834936,0.004833879,0.005549085,0.004833879,0.004833879,0.007834936,0.005945443,0.0073126135,0.005945443,0.005945443,0.0068251123,0.004833879,0.007834936,0.0051791514,0.005549085,0.005549085,0.005549085,0.0073126135,0.004833879,0.007834936,0.005549085,0.005549085,0.0051791514,0.0051791514,0.0051791514,0.007834936,0.005945443,0.005549085,0.004833879,0.0051791514,0.007834936,0.007834936,0.007834936,0.004833879,0.005549085,0.007834936,0.0073126135,0.005945443,0.006370111,0.0068251123,0.007834936,0.004833879,0.007834936,0.004833879,0.004833879,0.007834936,0.006370111,0.0068251123,0.006370111,0.006370111,0.0073126135,0.004833879,0.0068251123,0.004833879,0.005549085,0.007834936,0.0051791514,0.007834936,0.004833879,0.004833879,0.0073126135,0.005549085,0.0068251123,0.004833879,0.0068251123,0.007834936,0.005549085,0.004833879,0.004833879,0.0051791514,0.007834936,0.007834936,0.005549085,0.005549085,0.0073126135,0.006370111,0.007834936,0.006370111,0.006370111,0.005549085,0.0073126135,0.0073126135,0.005945443,0.005549085,0.0051791514,0.005549085,0.007834936,0.005549085,0.006370111,0.005945443,0.006370111,0.0051791514,0.005549085,0.005549085,0.007834936,0.007834936,0.007834936,0.004833879,0.004833879,0.005549085,0.0073126135,0.007834936,0.004833879,0.006370111,0.005945443,0.0073126135,0.005945443,0.004833879,2,2
0.007463681,0.007463681,0.007463681,0.007463681,0.0049337395,0.006966109,0.007463681,0.0065017077,0.007463681,0.004604828,0.0065017077,0.0056637214,0.004604828,0.004604828,0.004604828,0.0065017077,0.0060682665,0.0060682665,0.007463681,0.0056637214,0.006966109,0.006966109,0.0052861446,0.0052861446,0.004604828,0.0060682665,0.0052861446,0.0060682665,0.0060682665,0.0060682665,0.007463681,0.0060682665,0.007463681,0.0056637214,0.004604828,0.006966109,0.0056637214,0.0060682665,0.004604828,0.007463681,0.0049337395,0.007463681,0.007463681,0.007463681,0.0065017077,0.007463681,0.0065017077,0.007463681,0.007463681,0.007463681,0.0052861446,0.007463681,0.007463681,0.007463681,0.004604828,0.007463681,0.0065017077,0.007463681,0.007463681,0.0056637214,0.007463681,0.0049337395,0.004604828,0.004604828,0.007463681,0.0060682665,0.0060682665,0.0049337395,0.0056637214,0.0060682665,0.0060682665,0.007463681,0.004604828,0.0052861446,0.004604828,0.006966109,0.0060682665,0.007463681,0.007463681,0.007463681,0.007463681,0.004604828,0.004604828,0.004604828,0.004604828,0.007463681,0.007463681,0.007463681,0.0056637214,0.007463681,0.007463681,0.0065017077,0.007463681,0.004604828,0.007463681,0.007463681,0.007463681,0.004604828,0.0060682665,0.004604828,0.0060682665,0.0065017077,0.0065017077,0.0052861446,0.006966109,0.004604828,0.0056637214,0.0052861446,0.004604828,0.0056637214,0.006966109,0.007463681,0.0052861446,0.007463681,0.0060682665,0.0049337395,0.0065017077,0.007463681,0.007463681,0.0052861446,0.007463681,0.0060682665,0.007463681,0.007463681,0.0060682665,0.007463681,0.0060682665,0.004604828,0.004604828,0.0065017077,0.007463681,0.0052861446,0.0056637214,0.0065017077,0.006966109,0.006966109,0.0049337395,0.004604828,0.0060682665,0.0052861446,0.0052861446,0.0065017077,0.0056637214,0.004604828,0.0065017077,0.0065017077,0.007463681,0.007463681,0.007463681,0.004604828,0.0056637214,0.0052861446,0.006966109,0.006966109,0.0065017077,0.004604828,0.0065017077,0.007463681,0.007463681,0.0052861446,0,0
0.004949144,0.006522008,0.004949144,0.004949144,0.008021762,0.008021762,0.004949144,0.004949144,0.004949144,0.004949144,0.0074869846,0.0060872138,0.004949144,0.0053026495,0.0074869846,0.0053026495,0.006522008,0.006522008,0.004949144,0.006522008,0.0053026495,0.0060872138,0.0060872138,0.0060872138,0.006522008,0.0074869846,0.006522008,0.0053026495,0.004949144,0.008021762,0.008021762,0.0056814044,0.004949144,0.006987859,0.008021762,0.0060872138,0.006522008,0.006522008,0.0060872138,0.008021762,0.004949144,0.006522008,0.008021762,0.006987859,0.008021762,0.0060872138,0.0060872138,0.004949144,0.004949144,0.006987859,0.0060872138,0.0060872138,0.004949144,0.0060872138,0.008021762,0.004949144,0.006987859,0.004949144,0.004949144,0.0074869846,0.008021762,0.006522008,0.0056814044,0.004949144,0.008021762,0.0060872138,0.0060872138,0.0060872138,0.004949144,0.004949144,0.008021762,0.008021762,0.0053026495,0.0053026495,0.0053026495,0.006522008,0.006522008,0.004949144,0.006522008,0.004949144,0.0053026495,0.006987859,0.004949144,0.008021762,0.008021762,0.004949144,0.004949144,0.0053026495,0.006522008,0.0060872138,0.0060872138,0.006987859,0.004949144,0.008021762,0.008021762,0.006987859,0.004949144,0.006987859,0.004949144,0.008021762,0.006522008,0.0074869846,0.0056814044,0.0053026495,0.0074869846,0.008021762,0.0074869846,0.004949144,0.004949144,0.008021762,0.0074869846,0.008021762,0.006522008,0.006522008,0.008021762,0.004949144,0.006522008,0.004949144,0.0053026495,0.004949144,0.004949144,0.0056814044,0.0060872138,0.0060872138,0.0056814044,0.0053026495,0.0053026495,0.0056814044,0.008021762,0.004949144,0.0074869846,0.0060872138,0.006987859,0.006522008,0.0074869846,0.006987859,0.0053026495,0.0060872138,0.0060872138,0.008021762,0.004949144,0.0053026495,0.0074869846,0.0056814044,0.006987859,0.0056814044,0.004949144,0.008021762,0.008021762,0.0053026495,0.0053026495,0.0056814044,0.004949144,0.004949144,0.008021762,0.008021762,0.006522008,0.004949144,0.0056814044,0.008021762,4,4
0.004938484,0.005291228,0.008004484,0.008004484,0.004938484,0.0056691673,0.008004484,0.006972808,0.008004484,0.008004484,0.0056691673,0.005291228,0.005291228,0.0056691673,0.00650796,0.004938484,0.0060741026,0.006972808,0.008004484,0.005291228,0.00650796,0.0060741026,0.00650796,0.00650796,0.004938484,0.006972808,0.0056691673,0.00650796,0.0056691673,0.005291228,0.005291228,0.0060741026,0.00650796,0.006972808,0.008004484,0.0056691673,0.004938484,0.0074708587,0.004938484,0.0056691673,0.004938484,0.00650796,0.008004484,0.0060741026,0.008004484,0.004938484,0.004938484,0.008004484,0.004938484,0.00650796,0.0056691673,0.004938484,0.008004484,0.0056691673,0.0056691673,0.004938484,0.004938484,0.008004484,0.0060741026,0.0060741026,0.0060741026,0.005291228,0.0074708587,0.005291228,0.008004484,0.005291228,0.0060741026,0.005291228,0.004938484,0.0060741026,0.004938484,0.004938484,0.0056691673,0.0056691673,0.0060741026,0.005291228,0.005291228,0.0074708587,0.004938484,0.004938484,0.006972808,0.005291228,0.008004484,0.008004484,0.0074708587,0.004938484,0.0060741026,0.008004484,0.0074708587,0.0060741026,0.00650796,0.0056691673,0.006972808,0.004938484,0.008004484,0.004938484,0.004938484,0.008004484,0.00650796,0.008004484,0.005291228,0.00650796,0.008004484,0.00650796,0.008004484,0.004938484,0.0060741026,0.008004484,0.005291228,0.008004484,0.005291228,0.005291228,0.006972808,0.0074708587,0.006972808,0.004938484,0.006972808,0.008004484,0.0056691673,0.004938484,0.004938484,0.005291228,0.008004484,0.008004484,0.0056691673,0.0060741026,0.008004484,0.0056691673,0.006972808,0.0074708587,0.0060741026,0.0056691673,0.0074708587,0.0074708587,0.005291228,0.0056691673,0.004938484,0.004938484,0.00650796,0.0056691673,0.004938484,0.005291228,0.0074708587,0.005291228,0.0056691673,0.005291228,0.008004484,0.008004484,0.008004484,0.0074708587,0.004938484,0.0056691673,0.0074708587,0.008004484,0.004938484,0.0060741026,0.004938484,0.006972808,0.004938484,0.005291228,2,2
0.005209893,0.0055820225,0.0059807333,0.007881441,0.005209893,0.005209893,0.0059807333,0.006865624,0.0073560188,0.007881441,0.0073560188,0.005209893,0.005209893,0.007881441,0.007881441,0.0059807333,0.0064079217,0.0064079217,0.007881441,0.0048625716,0.0064079217,0.0073560188,0.0055820225,0.0064079217,0.005209893,0.005209893,0.0055820225,0.0064079217,0.0073560188,0.0048625716,0.0048625716,0.005209893,0.006865624,0.006865624,0.007881441,0.0064079217,0.0055820225,0.0048625716,0.0048625716,0.0064079217,0.005209893,0.007881441,0.0073560188,0.0055820225,0.007881441,0.0073560188,0.0064079217,0.007881441,0.007881441,0.0064079217,0.006865624,0.0059807333,0.007881441,0.007881441,0.0055820225,0.005209893,0.0059807333,0.005209893,0.0064079217,0.0048625716,0.0064079217,0.0059807333,0.0059807333,0.0059807333,0.0048625716,0.005209893,0.0059807333,0.0055820225,0.0073560188,0.0059807333,0.0048625716,0.0064079217,0.005209893,0.0055820225,0.007881441,0.0048625716,0.005209893,0.0048625716,0.0064079217,0.0048625716,0.0064079217,0.0048625716,0.007881441,0.007881441,0.006865624,0.0048625716,0.0059807333,0.007881441,0.007881441,0.0059807333,0.0059807333,0.0048625716,0.0048625716,0.007881441,0.0055820225,0.005209893,0.0048625716,0.006865624,0.007881441,0.0073560188,0.007881441,0.007881441,0.0059807333,0.0059807333,0.0064079217,0.0048625716,0.0055820225,0.0048625716,0.007881441,0.0073560188,0.0048625716,0.0048625716,0.0073560188,0.007881441,0.0059807333,0.0055820225,0.0064079217,0.007881441,0.0059807333,0.0048625716,0.0048625716,0.005209893,0.007881441,0.007881441,0.005209893,0.005209893,0.007881441,0.006865624,0.007881441,0.0064079217,0.005209893,0.0055820225,0.0073560188,0.0073560188,0.0048625716,0.0059807333,0.005209893,0.0059807333,0.0064079217,0.0059807333,0.0048625716,0.005209893,0.0073560188,0.006865624,0.0055820225,0.005209893,0.007881441,0.007881441,0.007881441,0.0059807333,0.0064079217,0.0055820225,0.006865624,0.0073560188,0.0048625716,0.005209893,0.0048625716,0.007881441,0.0064079217,0.0048625716,3,3
0.006529232,0.006529232,0.0074952776,0.0074952776,0.004624322,0.0074952776,0.0074952776,0.0069955993,0.0074952776,0.0074952776,0.0060939556,0.005687698,0.004624322,0.004624322,0.005687698,0.005308523,0.0069955993,0.005308523,0.0074952776,0.004954626,0.0060939556,0.0069955993,0.005308523,0.0060939556,0.005687698,0.0074952776,0.005308523,0.0060939556,0.0060939556,0.006529232,0.0060939556,0.005687698,0.0074952776,0.0069955993,0.004624322,0.0069955993,0.0060939556,0.0060939556,0.004624322,0.0074952776,0.004624322,0.006529232,0.0074952776,0.0069955993,0.0060939556,0.0074952776,0.0060939556,0.0069955993,0.0074952776,0.005687698,0.0069955993,0.0074952776,0.006529232,0.0074952776,0.005308523,0.0074952776,0.0060939556,0.0074952776,0.0074952776,0.0074952776,0.005308523,0.005687698,0.005308523,0.0060939556,0.0074952776,0.0060939556,0.0060939556,0.004624322,0.005687698,0.0069955993,0.004624322,0.0074952776,0.005308523,0.005308523,0.004624322,0.0074952776,0.0060939556,0.0074952776,0.0074952776,0.005687698,0.0060939556,0.005308523,0.004624322,0.004624322,0.005308523,0.0069955993,0.0074952776,0.0074952776,0.005687698,0.0074952776,0.006529232,0.006529232,0.0074952776,0.004624322,0.0074952776,0.0074952776,0.0069955993,0.005308523,0.004954626,0.004624322,0.005687698,0.0074952776,0.0060939556,0.004954626,0.0069955993,0.004624322,0.0060939556,0.005308523,0.004624322,0.005687698,0.0074952776,0.0074952776,0.004624322,0.0069955993,0.006529232,0.004624322,0.0069955993,0.0074952776,0.0074952776,0.004624322,0.0074952776,0.006529232,0.0074952776,0.0074952776,0.006529232,0.0074952776,0.004954626,0.004624322,0.004624322,0.0074952776,0.006529232,0.005308523,0.006529232,0.006529232,0.006529232,0.005687698,0.004954626,0.004624322,0.0060939556,0.005308523,0.005687698,0.006529232,0.005687698,0.004624322,0.005687698,0.005308523,0.0074952776,0.0074952776,0.0074952776,0.0060939556,0.004624322,0.005308523,0.0074952776,0.0074952776,0.0074952776,0.004624322,0.006529232,0.0074952776,0.0074952776,0.004624322,2,0
0.006230886,0.0066759433,0.0076636956,0.0076636956,0.00472823,0.0058155,0.0076636956,0.0066759433,0.0071527893,0.0076636956,0.0054278043,0.0054278043,0.006230886,0.00472823,0.0076636956,0.005065956,0.0058155,0.0066759433,0.0076636956,0.005065956,0.0071527893,0.0071527893,0.0058155,0.0058155,0.00472823,0.0076636956,0.0071527893,0.0058155,0.0054278043,0.0058155,0.0058155,0.005065956,0.0076636956,0.0071527893,0.0076636956,0.005065956,0.0054278043,0.0076636956,0.00472823,0.0054278043,0.00472823,0.0058155,0.0076636956,0.0058155,0.0076636956,0.0054278043,0.005065956,0.0076636956,0.0076636956,0.0058155,0.0054278043,0.0066759433,0.0076636956,0.005065956,0.00472823,0.00472823,0.00472823,0.0076636956,0.006230886,0.006230886,0.0076636956,0.005065956,0.0066759433,0.00472823,0.0076636956,0.005065956,0.0054278043,0.005065956,0.0058155,0.0076636956,0.0066759433,0.0071527893,0.0054278043,0.0054278043,0.0058155,0.006230886,0.005065956,0.0076636956,0.0058155,0.00472823,0.00472823,0.0054278043,0.0076636956,0.0076636956,0.0066759433,0.0058155,0.006230886,0.0076636956,0.0066759433,0.0058155,0.0066759433,0.0066759433,0.0076636956,0.00472823,0.0076636956,0.0054278043,0.0066759433,0.0076636956,0.006230886,0.0076636956,0.006230886,0.006230886,0.0071527893,0.0054278043,0.006230886,0.00472823,0.0054278043,0.0071527893,0.00472823,0.0076636956,0.0071527893,0.0071527893,0.0054278043,0.0076636956,0.0058155,0.0054278043,0.0066759433,0.0076636956,0.0066759433,0.005065956,0.0058155,0.0054278043,0.0076636956,0.0076636956,0.005065956,0.0071527893,0.0076636956,0.0054278043,0.0066759433,0.0071527893,0.0058155,0.006230886,0.0071527893,0.0071527893,0.005065956,0.0066759433,0.0054278043,0.00472823,0.0066759433,0.006230886,0.0054278043,0.0058155,0.006230886,0.0054278043,0.0054278043,0.005065956,0.0076636956,0.0076636956,0.0076636956,0.005065956,0.00472823,0.0054278043,0.0066759433,0.0071527893,0.005065956,0.0076636956,0.006230886,0.006230886,0.0054278043,0.00472823,2,2
0.006207949,0.006207949,0.007635484,0.007635484,0.0047108247,0.0057940916,0.007635484,0.0066513675,0.007635484,0.006207949,0.006207949,0.0057940916,0.0047108247,0.0047108247,0.007635484,0.007635484,0.0057940916,0.0054078237,0.007635484,0.0066513675,0.007635484,0.0071264585,0.0047108247,0.0057940916,0.006207949,0.007635484,0.0054078237,0.0047108247,0.0050473073,0.0066513675,0.0071264585,0.0066513675,0.0071264585,0.0057940916,0.0047108247,0.0057940916,0.0057940916,0.006207949,0.0047108247,0.0057940916,0.0047108247,0.0057940916,0.007635484,0.0057940916,0.007635484,0.006207949,0.0057940916,0.006207949,0.007635484,0.0071264585,0.0057940916,0.0066513675,0.0057940916,0.0054078237,0.0054078237,0.007635484,0.0047108247,0.007635484,0.006207949,0.0047108247,0.0066513675,0.0054078237,0.0057940916,0.0057940916,0.0071264585,0.0050473073,0.0057940916,0.0047108247,0.0054078237,0.006207949,0.0071264585,0.007635484,0.0054078237,0.0054078237,0.0066513675,0.007635484,0.006207949,0.007635484,0.0071264585,0.0066513675,0.0047108247,0.0054078237,0.007635484,0.0071264585,0.007635484,0.0054078237,0.006207949,0.007635484,0.0071264585,0.0047108247,0.0066513675,0.0066513675,0.007635484,0.0047108247,0.007635484,0.0047108247,0.0057940916,0.006207949,0.006207949,0.0047108247,0.0071264585,0.006207949,0.0050473073,0.0050473073,0.0057940916,0.006207949,0.0054078237,0.0057940916,0.0047108247,0.007635484,0.006207949,0.007635484,0.0047108247,0.007635484,0.0066513675,0.0057940916,0.0066513675,0.007635484,0.007635484,0.0050473073,0.0057940916,0.0057940916,0.007635484,0.007635484,0.0071264585,0.0066513675,0.0066513675,0.0057940916,0.007635484,0.006207949,0.007635484,0.0054078237,0.0057940916,0.0066513675,0.0057940916,0.0071264585,0.006207949,0.0057940916,0.007635484,0.0057940916,0.0057940916,0.0057940916,0.0057940916,0.0047108247,0.0054078237,0.0050473073,0.007635484,0.007635484,0.007635484,0.0050473073,0.0057940916,0.0054078237,0.0066513675,0.0071264585,0.0054078237,0.007635484,0.006207949,0.006207949,0.0054078237,0.0047108247,2,4
0.0068009067,0.005160783,0.0068009067,0.0078071486,0.0048167356,0.005160783,0.005924357,0.007286679,0.0078071486,0.0078071486,0.007286679,0.005529405,0.0048167356,0.0078071486,0.0078071486,0.005924357,0.0068009067,0.0063475193,0.0078071486,0.0048167356,0.0063475193,0.007286679,0.005529405,0.0063475193,0.005924357,0.005529405,0.005529405,0.0063475193,0.005924357,0.0048167356,0.005924357,0.005924357,0.0063475193,0.007286679,0.0078071486,0.005529405,0.005529405,0.005160783,0.005924357,0.005529405,0.0048167356,0.0063475193,0.0068009067,0.005924357,0.0078071486,0.0078071486,0.005924357,0.007286679,0.0063475193,0.0063475193,0.0078071486,0.005529405,0.005924357,0.0068009067,0.005529405,0.0048167356,0.005924357,0.005924357,0.0068009067,0.0048167356,0.0068009067,0.005160783,0.005924357,0.005924357,0.005924357,0.0068009067,0.0063475193,0.0048167356,0.0078071486,0.005529405,0.0048167356,0.0048167356,0.005529405,0.005160783,0.0078071486,0.0048167356,0.005160783,0.005924357,0.005924357,0.0048167356,0.0078071486,0.005924357,0.0078071486,0.0078071486,0.0078071486,0.005529405,0.005529405,0.0078071486,0.0078071486,0.0068009067,0.005924357,0.0048167356,0.0048167356,0.0078071486,0.0063475193,0.0063475193,0.0048167356,0.0068009067,0.0063475193,0.0068009067,0.007286679,0.0078071486,0.005160783,0.005160783,0.0068009067,0.0078071486,0.0068009067,0.005160783,0.0078071486,0.0078071486,0.005160783,0.005160783,0.0063475193,0.007286679,0.005160783,0.0068009067,0.0068009067,0.007286679,0.005529405,0.0048167356,0.0078071486,0.005160783,0.005924357,0.0078071486,0.0048167356,0.0048167356,0.007286679,0.0068009067,0.0078071486,0.0068009067,0.0068009067,0.005529405,0.005529405,0.0063475193,0.005924357,0.005529405,0.0048167356,0.0048167356,0.0068009067,0.005924357,0.007286679,0.0063475193,0.007286679,0.005529405,0.005529405,0.005529405,0.0063475193,0.0078071486,0.0078071486,0.007286679,0.0063475193,0.005529405,0.0068009067,0.007286679,0.0048167356,0.0048167356,0.0048167356,0.0068009067,0.0068009067,0.0048167356,3,3
0.007413788,0.007413788,0.007413788,0.007413788,0.0056258603,0.006919542,0.007413788,0.006458245,0.007413788,0.0045740455,0.006458245,0.0056258603,0.0045740455,0.0045740455,0.0045740455,0.006458245,0.0060277013,0.0060277013,0.007413788,0.0056258603,0.006919542,0.006919542,0.0056258603,0.0056258603,0.0045740455,0.0056258603,0.0052508074,0.0060277013,0.0056258603,0.006919542,0.007413788,0.0056258603,0.007413788,0.0056258603,0.0045740455,0.006458245,0.0060277013,0.007413788,0.0056258603,0.006919542,0.0052508074,0.007413788,0.007413788,0.007413788,0.0056258603,0.006919542,0.0052508074,0.007413788,0.007413788,0.006919542,0.0056258603,0.007413788,0.007413788,0.007413788,0.0052508074,0.007413788,0.006458245,0.007413788,0.007413788,0.0056258603,0.006919542,0.0049007586,0.0045740455,0.0049007586,0.007413788,0.0056258603,0.0060277013,0.0049007586,0.0056258603,0.006458245,0.0060277013,0.007413788,0.0045740455,0.0052508074,0.0045740455,0.007413788,0.0056258603,0.007413788,0.007413788,0.007413788,0.007413788,0.0045740455,0.0045740455,0.0045740455,0.0045740455,0.007413788,0.006919542,0.007413788,0.0056258603,0.007413788,0.007413788,0.006458245,0.007413788,0.0045740455,0.007413788,0.007413788,0.007413788,0.0049007586,0.0060277013,0.0045740455,0.0056258603,0.0060277013,0.0056258603,0.0052508074,0.006919542,0.0045740455,0.0056258603,0.0052508074,0.0045740455,0.006919542,0.006458245,0.007413788,0.0052508074,0.007413788,0.0060277013,0.0052508074,0.006458245,0.007413788,0.007413788,0.0049007586,0.007413788,0.0060277013,0.007413788,0.007413788,0.007413788,0.007413788,0.0060277013,0.0045740455,0.0045740455,0.006458245,0.006919542,0.0052508074,0.006458245,0.006919542,0.006458245,0.006458245,0.0056258603,0.0045740455,0.006919542,0.0060277013,0.0056258603,0.006458245,0.0056258603,0.0045740455,0.0060277013,0.006458245,0.007413788,0.007413788,0.007413788,0.0045740455,0.0052508074,0.0052508074,0.006919542,0.006919542,0.007413788,0.0045740455,0.006919542,0.007413788,0.007413788,0.006919542,0,3
0.006258072,0.006705071,0.007697133,0.007697133,0.00474886,0.0071839974,0.007697133,0.006705071,0.007697133,0.00474886,0.0071839974,0.0058408733,0.00474886,0.00474886,0.00474886,0.0058408733,0.006258072,0.006258072,0.007697133,0.0058408733,0.0071839974,0.0071839974,0.00474886,0.005088059,0.00474886,0.006705071,0.0058408733,0.0054514864,0.005088059,0.006258072,0.006258072,0.0058408733,0.007697133,0.006705071,0.00474886,0.005088059,0.0054514864,0.006705071,0.00474886,0.007697133,0.00474886,0.0071839974,0.007697133,0.006258072,0.007697133,0.007697133,0.0071839974,0.007697133,0.007697133,0.007697133,0.0054514864,0.007697133,0.006258072,0.007697133,0.00474886,0.007697133,0.006705071,0.007697133,0.007697133,0.0058408733,0.0071839974,0.0054514864,0.005088059,0.0054514864,0.007697133,0.0058408733,0.006258072,0.005088059,0.0054514864,0.006705071,0.0071839974,0.007697133,0.005088059,0.0054514864,0.005088059,0.007697133,0.0058408733,0.007697133,0.007697133,0.006258072,0.0058408733,0.00474886,0.00474886,0.00474886,0.0054514864,0.0054514864,0.006705071,0.007697133,0.006258072,0.005088059,0.0071839974,0.006705071,0.007697133,0.00474886,0.007697133,0.00474886,0.0058408733,0.0054514864,0.006258072,0.005088059,0.0071839974,0.006705071,0.0058408733,0.0054514864,0.0058408733,0.00474886,0.006258072,0.0054514864,0.00474886,0.0058408733,0.006258072,0.007697133,0.00474886,0.005088059,0.0071839974,0.0058408733,0.0071839974,0.0054514864,0.0058408733,0.005088059,0.007697133,0.0071839974,0.007697133,0.007697133,0.0071839974,0.0071839974,0.007697133,0.00474886,0.006258072,0.006705071,0.0071839974,0.0054514864,0.0058408733,0.006258072,0.0071839974,0.0054514864,0.005088059,0.005088059,0.006705071,0.0054514864,0.0054514864,0.006705071,0.00474886,0.00474886,0.007697133,0.0058408733,0.007697133,0.007697133,0.007697133,0.00474886,0.0054514864,0.006705071,0.006705071,0.006705071,0.00474886,0.006258072,0.006258072,0.006258072,0.006258072,0.00474886,2,0
0.007546963,0.007546963,0.007546963,0.007546963,0.005345129,0.007546963,0.007546963,0.006574256,0.007546963,0.00465621,0.0061359783,0.004988792,0.00465621,0.00465621,0.00465621,0.0061359783,0.007043839,0.006574256,0.007546963,0.0061359783,0.007043839,0.007043839,0.0061359783,0.005726919,0.00465621,0.00465621,0.005345129,0.0061359783,0.0061359783,0.00465621,0.00465621,0.0061359783,0.007546963,0.006574256,0.00465621,0.007043839,0.0061359783,0.005726919,0.00465621,0.007043839,0.00465621,0.007546963,0.007546963,0.007546963,0.006574256,0.006574256,0.005726919,0.007546963,0.007546963,0.0061359783,0.005345129,0.007546963,0.007546963,0.007546963,0.00465621,0.007546963,0.006574256,0.007546963,0.007546963,0.005726919,0.00465621,0.004988792,0.004988792,0.005345129,0.0061359783,0.005726919,0.0061359783,0.004988792,0.005726919,0.0061359783,0.005726919,0.007546963,0.004988792,0.005345129,0.00465621,0.007546963,0.0061359783,0.007546963,0.007546963,0.007546963,0.007546963,0.00465621,0.00465621,0.00465621,0.005345129,0.007043839,0.007546963,0.007546963,0.005345129,0.007546963,0.007546963,0.006574256,0.007546963,0.00465621,0.007546963,0.007546963,0.007546963,0.00465621,0.0061359783,0.00465621,0.004988792,0.007546963,0.006574256,0.004988792,0.004988792,0.00465621,0.0061359783,0.0061359783,0.00465621,0.00465621,0.007043839,0.007546963,0.005345129,0.007546963,0.007043839,0.00465621,0.007043839,0.007546963,0.007546963,0.0061359783,0.007546963,0.007043839,0.007546963,0.007546963,0.007546963,0.007546963,0.005726919,0.00465621,0.00465621,0.006574256,0.005726919,0.005345129,0.0061359783,0.007043839,0.005726919,0.006574256,0.004988792,0.00465621,0.006574256,0.005345129,0.0061359783,0.0061359783,0.005726919,0.00465621,0.005726919,0.0061359783,0.007546963,0.007546963,0.007546963,0.00465621,0.00465621,0.005345129,0.007043839,0.007546963,0.006574256,0.00465621,0.007043839,0.007546963,0.007546963,0.006574256,0,2
0.0059998403,0.005599856,0.00790662,0.00790662,0.005599856,0.00790662,0.004878106,0.005599856,0.004878106,0.00790662,0.0073795193,0.006887558,0.004878106,0.005226537,0.006887558,0.005599856,0.0064283935,0.0064283935,0.004878106,0.0064283935,0.0073795193,0.004878106,0.0059998403,0.0064283935,0.004878106,0.0073795193,0.006887558,0.005226537,0.004878106,0.00790662,0.00790662,0.005599856,0.005226537,0.006887558,0.00790662,0.0059998403,0.0059998403,0.006887558,0.0059998403,0.00790662,0.004878106,0.005599856,0.00790662,0.0073795193,0.00790662,0.00790662,0.0059998403,0.004878106,0.004878106,0.0064283935,0.00790662,0.0059998403,0.004878106,0.004878106,0.00790662,0.004878106,0.006887558,0.004878106,0.004878106,0.0064283935,0.00790662,0.005599856,0.005599856,0.005226537,0.00790662,0.005226537,0.005599856,0.0059998403,0.005226537,0.0073795193,0.00790662,0.00790662,0.004878106,0.005226537,0.004878106,0.00790662,0.0064283935,0.004878106,0.004878106,0.004878106,0.004878106,0.0059998403,0.005599856,0.00790662,0.00790662,0.004878106,0.004878106,0.005226537,0.0073795193,0.0059998403,0.0059998403,0.006887558,0.004878106,0.00790662,0.00790662,0.006887558,0.004878106,0.006887558,0.004878106,0.00790662,0.0073795193,0.006887558,0.006887558,0.005226537,0.006887558,0.00790662,0.0073795193,0.0059998403,0.004878106,0.00790662,0.00790662,0.00790662,0.0064283935,0.0073795193,0.0073795193,0.00790662,0.0064283935,0.004878106,0.005226537,0.004878106,0.005226537,0.005599856,0.004878106,0.004878106,0.005599856,0.005599856,0.005599856,0.005599856,0.00790662,0.004878106,0.00790662,0.005599856,0.006887558,0.0064283935,0.0073795193,0.006887558,0.005599856,0.0059998403,0.0059998403,0.00790662,0.004878106,0.005226537,0.0064283935,0.005599856,0.0059998403,0.0059998403,0.004878106,0.0073795193,0.006887558,0.005226537,0.006887558,0.005599856,0.004878106,0.004878106,0.00790662,0.00790662,0.0059998403,0.004878106,0.004878106,0.00790662,2,0
0.005248443,0.0056233266,0.00793976,0.00793976,0.004898552,0.0056233266,0.004898552,0.006916426,0.0074104494,0.00793976,0.0056233266,0.006455337,0.006916426,0.004898552,0.0074104494,0.004898552,0.006455337,0.0060249874,0.00793976,0.004898552,0.0060249874,0.0074104494,0.006455337,0.006455337,0.004898552,0.004898552,0.0056233266,0.006455337,0.0060249874,0.004898552,0.004898552,0.006916426,0.00793976,0.006455337,0.0074104494,0.006916426,0.004898552,0.00793976,0.004898552,0.006916426,0.004898552,0.006455337,0.006916426,0.0060249874,0.00793976,0.005248443,0.004898552,0.00793976,0.004898552,0.0074104494,0.006916426,0.005248443,0.00793976,0.004898552,0.0056233266,0.004898552,0.004898552,0.00793976,0.0060249874,0.006916426,0.006916426,0.0060249874,0.006455337,0.004898552,0.00793976,0.005248443,0.006455337,0.004898552,0.005248443,0.006916426,0.0060249874,0.004898552,0.0056233266,0.005248443,0.00793976,0.004898552,0.005248443,0.00793976,0.004898552,0.004898552,0.005248443,0.004898552,0.00793976,0.00793976,0.006916426,0.004898552,0.004898552,0.00793976,0.0074104494,0.004898552,0.006916426,0.006916426,0.00793976,0.004898552,0.00793976,0.0056233266,0.004898552,0.00793976,0.0056233266,0.00793976,0.005248443,0.006916426,0.0074104494,0.0056233266,0.0060249874,0.004898552,0.0056233266,0.00793976,0.005248443,0.00793976,0.004898552,0.004898552,0.0074104494,0.006455337,0.006455337,0.006455337,0.006455337,0.00793976,0.006455337,0.004898552,0.005248443,0.005248443,0.00793976,0.00793976,0.0060249874,0.005248443,0.00793976,0.006916426,0.00793976,0.0074104494,0.005248443,0.0056233266,0.0074104494,0.0074104494,0.005248443,0.0056233266,0.004898552,0.004898552,0.006455337,0.0056233266,0.004898552,0.005248443,0.0074104494,0.0056233266,0.0056233266,0.0056233266,0.00793976,0.00793976,0.00793976,0.00793976,0.005248443,0.0056233266,0.006916426,0.0074104494,0.004898552,0.004898552,0.004898552,0.0074104494,0.006916426,0.0056233266,2,2
0.0057808002,0.006193708,0.007617968,0.007617968,0.004700018,0.005395418,0.007617968,0.0057808002,0.006636109,0.007617968,0.006193708,0.0057808002,0.004700018,0.004700018,0.007617968,0.007617968,0.006636109,0.005395418,0.007617968,0.005395418,0.007617968,0.0071101105,0.004700018,0.0050357287,0.004700018,0.006636109,0.005395418,0.0050357287,0.0057808002,0.007617968,0.007617968,0.006193708,0.0057808002,0.004700018,0.006193708,0.006193708,0.006193708,0.006193708,0.004700018,0.007617968,0.004700018,0.0057808002,0.007617968,0.006193708,0.007617968,0.0071101105,0.006193708,0.0071101105,0.007617968,0.007617968,0.005395418,0.006636109,0.0057808002,0.0071101105,0.004700018,0.007617968,0.006193708,0.007617968,0.007617968,0.0071101105,0.006193708,0.0050357287,0.006193708,0.006193708,0.0071101105,0.0050357287,0.0057808002,0.004700018,0.005395418,0.006193708,0.007617968,0.007617968,0.0050357287,0.005395418,0.004700018,0.007617968,0.006193708,0.007617968,0.005395418,0.0071101105,0.006193708,0.006193708,0.004700018,0.0050357287,0.007617968,0.0057808002,0.005395418,0.004700018,0.004700018,0.007617968,0.0071101105,0.006636109,0.007617968,0.004700018,0.007617968,0.0071101105,0.006636109,0.004700018,0.004700018,0.007617968,0.0071101105,0.006636109,0.005395418,0.004700018,0.0057808002,0.004700018,0.005395418,0.006193708,0.004700018,0.006636109,0.006636109,0.007617968,0.004700018,0.0071101105,0.006636109,0.006636109,0.006636109,0.007617968,0.0071101105,0.0050357287,0.004700018,0.0050357287,0.007617968,0.007617968,0.0050357287,0.0071101105,0.006193708,0.005395418,0.0071101105,0.007617968,0.0071101105,0.0057808002,0.006193708,0.0071101105,0.0071101105,0.0071101105,0.006193708,0.004700018,0.006193708,0.006193708,0.0057808002,0.006636109,0.0050357287,0.004700018,0.0071101105,0.0050357287,0.007617968,0.007617968,0.007617968,0.006193708,0.004700018,0.005395418,0.0071101105,0.0071101105,0.006636109,0.007617968,0.006193708,0.006193708,0.005395418,0.004700018,2,4
0.0061816694,0.0076031615,0.0076031615,0.0076031615,0.0057695643,0.007096291,0.0076031615,0.0053849313,0.0061816694,0.0057695643,0.0057695643,0.0061816694,0.0046908827,0.0046908827,0.0046908827,0.0061816694,0.007096291,0.006623211,0.0076031615,0.0061816694,0.007096291,0.007096291,0.0061816694,0.0061816694,0.0046908827,0.0046908827,0.0053849313,0.0061816694,0.006623211,0.0046908827,0.0046908827,0.0061816694,0.0076031615,0.006623211,0.0046908827,0.007096291,0.0061816694,0.0057695643,0.0046908827,0.0076031615,0.0046908827,0.0076031615,0.0076031615,0.0076031615,0.006623211,0.0076031615,0.006623211,0.0076031615,0.0076031615,0.006623211,0.0053849313,0.0076031615,0.0076031615,0.0076031615,0.0046908827,0.0076031615,0.006623211,0.0076031615,0.0076031615,0.0057695643,0.0046908827,0.006623211,0.0046908827,0.0046908827,0.0061816694,0.0061816694,0.0061816694,0.0046908827,0.0053849313,0.0057695643,0.0053849313,0.0076031615,0.0046908827,0.005025941,0.0046908827,0.0061816694,0.0061816694,0.0076031615,0.0076031615,0.0076031615,0.0076031615,0.0053849313,0.0046908827,0.0046908827,0.0046908827,0.0046908827,0.0076031615,0.0076031615,0.0057695643,0.0046908827,0.0076031615,0.006623211,0.0076031615,0.0046908827,0.0076031615,0.0076031615,0.0076031615,0.0046908827,0.0061816694,0.0046908827,0.005025941,0.0076031615,0.006623211,0.005025941,0.0046908827,0.0046908827,0.0061816694,0.0061816694,0.0046908827,0.0046908827,0.007096291,0.0076031615,0.0053849313,0.0076031615,0.0057695643,0.0046908827,0.006623211,0.0076031615,0.0076031615,0.0053849313,0.0076031615,0.006623211,0.0076031615,0.0076031615,0.0076031615,0.0076031615,0.007096291,0.0046908827,0.0046908827,0.007096291,0.0057695643,0.0053849313,0.0057695643,0.007096291,0.0053849313,0.0061816694,0.005025941,0.0046908827,0.0061816694,0.0053849313,0.0053849313,0.006623211,0.0057695643,0.0046908827,0.007096291,0.0053849313,0.0076031615,0.0076031615,0.0076031615,0.0046908827,0.0046908827,0.0053849313,0.0076031615,0.0076031615,0.006623211,0.0046908827,0.0076031615,0.0076031615,0.0076031615,0.0076031615,1,1
0.0060788845,0.0060788845,0.004942372,0.004942372,0.008010785,0.004942372,0.004942372,0.004942372,0.004942372,0.008010785,0.006978297,0.00567363,0.004942372,0.0052953935,0.008010785,0.0060788845,0.006978297,0.006513084,0.004942372,0.006513084,0.0052953935,0.00747674,0.0060788845,0.0052953935,0.006978297,0.006978297,0.00567363,0.00567363,0.0052953935,0.008010785,0.008010785,0.0052953935,0.004942372,0.00747674,0.008010785,0.0052953935,0.006513084,0.006513084,0.006513084,0.00747674,0.004942372,0.006513084,0.008010785,0.006978297,0.008010785,0.006513084,0.0060788845,0.004942372,0.004942372,0.008010785,0.0060788845,0.0052953935,0.006978297,0.004942372,0.00747674,0.004942372,0.006978297,0.004942372,0.004942372,0.00747674,0.008010785,0.0052953935,0.006513084,0.004942372,0.008010785,0.0052953935,0.00567363,0.006513084,0.006513084,0.008010785,0.004942372,0.00567363,0.004942372,0.0052953935,0.008010785,0.0052953935,0.00567363,0.004942372,0.00567363,0.00747674,0.0052953935,0.0060788845,0.004942372,0.0060788845,0.008010785,0.004942372,0.004942372,0.0052953935,0.006978297,0.0060788845,0.0060788845,0.006978297,0.004942372,0.008010785,0.008010785,0.0060788845,0.004942372,0.006513084,0.006513084,0.008010785,0.00747674,0.006513084,0.006978297,0.0060788845,0.00747674,0.008010785,0.006513084,0.0060788845,0.004942372,0.008010785,0.008010785,0.006513084,0.0060788845,0.00567363,0.006978297,0.0060788845,0.006978297,0.004942372,0.006513084,0.004942372,0.0052953935,0.0052953935,0.004942372,0.004942372,0.00567363,0.004942372,0.004942372,0.0060788845,0.00747674,0.0052953935,0.0060788845,0.00567363,0.00747674,0.00747674,0.006513084,0.006978297,0.00567363,0.006978297,0.006513084,0.008010785,0.004942372,0.0052953935,0.00747674,0.006513084,0.006978297,0.004942372,0.00567363,0.0052953935,0.004942372,0.008010785,0.0052953935,0.00567363,0.006978297,0.006978297,0.008010785,0.006513084,0.006978297,0.004942372,0.006513084,0.008010785,4,4
0.0049122586,0.0052631292,0.0060418462,0.007961976,0.0049122586,0.0052631292,0.005639062,0.006935779,0.007961976,0.007961976,0.005639062,0.0052631292,0.0049122586,0.007431185,0.007961976,0.0064734,0.0049122586,0.005639062,0.007961976,0.0049122586,0.005639062,0.0064734,0.0060418462,0.006935779,0.0049122586,0.007961976,0.0060418462,0.0060418462,0.0064734,0.0060418462,0.0060418462,0.0060418462,0.0060418462,0.007431185,0.007961976,0.005639062,0.005639062,0.0052631292,0.005639062,0.005639062,0.0049122586,0.0064734,0.007431185,0.0060418462,0.007961976,0.0052631292,0.0052631292,0.006935779,0.007961976,0.005639062,0.0060418462,0.0049122586,0.005639062,0.006935779,0.005639062,0.0052631292,0.0060418462,0.0064734,0.0060418462,0.0049122586,0.007431185,0.005639062,0.0049122586,0.005639062,0.0064734,0.0064734,0.0064734,0.0049122586,0.007961976,0.005639062,0.0049122586,0.0060418462,0.005639062,0.005639062,0.007961976,0.0049122586,0.0052631292,0.0052631292,0.006935779,0.0049122586,0.0064734,0.0064734,0.007961976,0.007961976,0.007961976,0.0049122586,0.0060418462,0.006935779,0.0064734,0.0060418462,0.0060418462,0.0064734,0.0052631292,0.0060418462,0.006935779,0.0060418462,0.0049122586,0.006935779,0.006935779,0.006935779,0.007431185,0.0064734,0.0060418462,0.0049122586,0.006935779,0.0049122586,0.005639062,0.0049122586,0.006935779,0.007961976,0.0064734,0.006935779,0.0060418462,0.007431185,0.0064734,0.0060418462,0.006935779,0.007431185,0.0060418462,0.0049122586,0.0052631292,0.005639062,0.006935779,0.007961976,0.005639062,0.0049122586,0.007961976,0.006935779,0.007961976,0.007431185,0.0064734,0.005639062,0.007431185,0.007431185,0.005639062,0.005639062,0.0049122586,0.0049122586,0.0064734,0.005639062,0.006935779,0.005639062,0.0060418462,0.0064734,0.005639062,0.0052631292,0.007961976,0.007961976,0.007961976,0.007961976,0.005639062,0.005639062,0.006935779,0.007431185,0.0052631292,0.0064734,0.005639062,0.0060418462,0.0060418462,0.0049122586,3,3
0.005643322,0.006478291,0.006478291,0.006046411,0.005643322,0.00491597,0.006046411,0.006478291,0.007967992,0.007967992,0.007967992,0.005267106,0.00491597,0.007967992,0.007967992,0.00491597,0.005643322,0.006046411,0.007967992,0.00491597,0.006478291,0.0074367994,0.005643322,0.005643322,0.00491597,0.005267106,0.005643322,0.006478291,0.0074367994,0.005643322,0.006941019,0.006046411,0.00491597,0.006478291,0.007967992,0.006046411,0.005643322,0.00491597,0.007967992,0.006046411,0.00491597,0.007967992,0.006941019,0.005267106,0.007967992,0.007967992,0.006941019,0.005643322,0.00491597,0.006941019,0.006046411,0.006046411,0.007967992,0.006478291,0.005643322,0.005267106,0.006941019,0.00491597,0.00491597,0.005267106,0.0074367994,0.0074367994,0.005267106,0.006478291,0.006046411,0.005643322,0.006478291,0.005267106,0.007967992,0.005267106,0.005267106,0.006478291,0.005643322,0.005643322,0.007967992,0.00491597,0.006478291,0.00491597,0.00491597,0.00491597,0.005643322,0.005267106,0.00491597,0.007967992,0.007967992,0.00491597,0.005267106,0.005643322,0.006046411,0.006046411,0.006478291,0.005643322,0.00491597,0.007967992,0.00491597,0.005267106,0.00491597,0.005643322,0.006941019,0.007967992,0.0074367994,0.0074367994,0.00491597,0.006046411,0.006046411,0.007967992,0.006478291,0.00491597,0.007967992,0.006941019,0.006941019,0.0074367994,0.005643322,0.006478291,0.005267106,0.006046411,0.006941019,0.007967992,0.006478291,0.00491597,0.00491597,0.005643322,0.006046411,0.006941019,0.005267106,0.005643322,0.006941019,0.005643322,0.007967992,0.006941019,0.006046411,0.005643322,0.0074367994,0.0074367994,0.00491597,0.006046411,0.00491597,0.00491597,0.006478291,0.006478291,0.006478291,0.006046411,0.006941019,0.007967992,0.005643322,0.005267106,0.007967992,0.007967992,0.007967992,0.007967992,0.00491597,0.005643322,0.0074367994,0.007967992,0.00491597,0.007967992,0.005267106,0.00491597,0.006046411,0.005643322,8,3
0.0071256915,0.007634662,0.007634662,0.007634662,0.006207281,0.006650652,0.007634662,0.006207281,0.0071256915,0.0054072416,0.005793468,0.005793468,0.0047103176,0.0047103176,0.0047103176,0.006207281,0.006650652,0.006650652,0.007634662,0.005793468,0.0071256915,0.0071256915,0.005793468,0.006207281,0.0047103176,0.0047103176,0.0054072416,0.006207281,0.0071256915,0.005046764,0.0047103176,0.006207281,0.007634662,0.006650652,0.0047103176,0.0071256915,0.0054072416,0.006207281,0.005046764,0.0071256915,0.0054072416,0.007634662,0.007634662,0.007634662,0.006207281,0.007634662,0.006650652,0.007634662,0.007634662,0.0071256915,0.0054072416,0.007634662,0.007634662,0.007634662,0.0047103176,0.007634662,0.006650652,0.007634662,0.007634662,0.005793468,0.0047103176,0.006650652,0.0047103176,0.0047103176,0.0054072416,0.006207281,0.006207281,0.0047103176,0.0054072416,0.005046764,0.0054072416,0.007634662,0.0047103176,0.0054072416,0.0047103176,0.007634662,0.006207281,0.007634662,0.007634662,0.007634662,0.007634662,0.0047103176,0.0047103176,0.0047103176,0.0047103176,0.0047103176,0.007634662,0.007634662,0.005793468,0.0047103176,0.007634662,0.006650652,0.007634662,0.0047103176,0.007634662,0.007634662,0.007634662,0.0047103176,0.006207281,0.0047103176,0.0047103176,0.007634662,0.006650652,0.005046764,0.0047103176,0.0047103176,0.005793468,0.006207281,0.0047103176,0.0054072416,0.007634662,0.007634662,0.005046764,0.007634662,0.005793468,0.0047103176,0.006650652,0.007634662,0.007634662,0.0047103176,0.007634662,0.006650652,0.007634662,0.007634662,0.006207281,0.007634662,0.006650652,0.0047103176,0.0047103176,0.006650652,0.006650652,0.0054072416,0.0054072416,0.0071256915,0.0047103176,0.005793468,0.005046764,0.0047103176,0.006207281,0.0054072416,0.0054072416,0.006650652,0.006207281,0.0047103176,0.0071256915,0.0054072416,0.007634662,0.007634662,0.007634662,0.0047103176,0.0047103176,0.0054072416,0.007634662,0.007634662,0.006650652,0.0047103176,0.0071256915,0.007634662,0.007634662,0.006207281,1,1
0.0070185955,0.0075199166,0.0075199166,0.0075199166,0.0049709133,0.0070185955,0.0075199166,0.005706395,0.0065506953,0.0046395236,0.005706395,0.005706395,0.0046395236,0.0046395236,0.0046395236,0.0061139883,0.0065506953,0.0065506953,0.0075199166,0.005706395,0.0070185955,0.0070185955,0.0061139883,0.005706395,0.0046395236,0.0046395236,0.005325973,0.0061139883,0.0065506953,0.0049709133,0.005706395,0.005706395,0.0075199166,0.0065506953,0.0046395236,0.0070185955,0.0061139883,0.005706395,0.0046395236,0.0070185955,0.0046395236,0.0075199166,0.0075199166,0.0075199166,0.0061139883,0.0075199166,0.0065506953,0.0075199166,0.0075199166,0.0075199166,0.005325973,0.0075199166,0.0075199166,0.0075199166,0.0046395236,0.0075199166,0.0065506953,0.0075199166,0.0075199166,0.005706395,0.005325973,0.0065506953,0.0046395236,0.0046395236,0.0075199166,0.0061139883,0.0061139883,0.0046395236,0.005325973,0.0065506953,0.005325973,0.0075199166,0.0046395236,0.0049709133,0.0046395236,0.0070185955,0.0061139883,0.0075199166,0.0075199166,0.0075199166,0.0075199166,0.0049709133,0.0046395236,0.0046395236,0.0046395236,0.0075199166,0.0075199166,0.0075199166,0.005325973,0.0075199166,0.0075199166,0.0065506953,0.0075199166,0.0046395236,0.0075199166,0.0075199166,0.0075199166,0.0046395236,0.0061139883,0.0046395236,0.0049709133,0.0075199166,0.0065506953,0.0049709133,0.005706395,0.0046395236,0.0061139883,0.0061139883,0.0046395236,0.0046395236,0.0070185955,0.0075199166,0.005325973,0.0075199166,0.0061139883,0.0046395236,0.0065506953,0.0075199166,0.0075199166,0.005325973,0.0075199166,0.0070185955,0.0075199166,0.0075199166,0.0075199166,0.0075199166,0.0075199166,0.0046395236,0.0049709133,0.0065506953,0.0065506953,0.005325973,0.0049709133,0.0061139883,0.005706395,0.0075199166,0.0049709133,0.0046395236,0.0061139883,0.0061139883,0.005325973,0.0065506953,0.005706395,0.0046395236,0.0070185955,0.005325973,0.0075199166,0.0075199166,0.0075199166,0.0046395236,0.0046395236,0.005325973,0.0075199166,0.0075199166,0.0061139883,0.005325973,0.0070185955,0.0070185955,0.0070185955,0.0075199166,1,1
0.006004815,0.006893269,0.007913176,0.006004815,0.0052308706,0.0052308706,0.0064337235,0.004882151,0.0056044986,0.007913176,0.007385638,0.006893269,0.004882151,0.004882151,0.0052308706,0.006893269,0.007385638,0.004882151,0.004882151,0.006004815,0.007913176,0.007385638,0.0064337235,0.0052308706,0.007385638,0.006893269,0.0056044986,0.004882151,0.004882151,0.007913176,0.007913176,0.0056044986,0.004882151,0.006893269,0.007913176,0.006004815,0.0064337235,0.0064337235,0.0056044986,0.007385638,0.004882151,0.0064337235,0.007913176,0.006004815,0.007913176,0.0056044986,0.0064337235,0.004882151,0.004882151,0.006893269,0.007913176,0.006004815,0.0064337235,0.004882151,0.007913176,0.004882151,0.0064337235,0.0064337235,0.004882151,0.004882151,0.007913176,0.006004815,0.0056044986,0.0056044986,0.007385638,0.0052308706,0.006893269,0.004882151,0.0064337235,0.007385638,0.007913176,0.007913176,0.0056044986,0.0056044986,0.004882151,0.0064337235,0.0064337235,0.004882151,0.0056044986,0.004882151,0.0056044986,0.0064337235,0.0064337235,0.0052308706,0.006893269,0.004882151,0.0052308706,0.0052308706,0.007385638,0.006004815,0.006004815,0.006893269,0.004882151,0.007913176,0.007913176,0.006893269,0.004882151,0.0056044986,0.004882151,0.007913176,0.006893269,0.0064337235,0.007913176,0.0056044986,0.006893269,0.007913176,0.0064337235,0.0064337235,0.004882151,0.007913176,0.007913176,0.007913176,0.0064337235,0.0052308706,0.006893269,0.007913176,0.006893269,0.004882151,0.0056044986,0.004882151,0.0056044986,0.0056044986,0.0052308706,0.006893269,0.0052308706,0.006004815,0.007913176,0.004882151,0.004882151,0.006004815,0.007913176,0.0056044986,0.006004815,0.004882151,0.007913176,0.006893269,0.0052308706,0.007913176,0.0064337235,0.007913176,0.006004815,0.006893269,0.006004815,0.0064337235,0.0064337235,0.007913176,0.007913176,0.0056044986,0.006004815,0.0056044986,0.0056044986,0.0056044986,0.004882151,0.004882151,0.007913176,0.007913176,0.0064337235,0.004882151,0.0052308706,0.004882151,2,4
0.0050017755,0.006151947,0.0050017755,0.0050017755,0.0070621707,0.0057418225,0.0057418225,0.0050017755,0.0057418225,0.008107068,0.006151947,0.0053590396,0.0050017755,0.006591365,0.008107068,0.006591365,0.0057418225,0.0057418225,0.0050017755,0.0057418225,0.0057418225,0.0053590396,0.006151947,0.0050017755,0.0053590396,0.008107068,0.0057418225,0.0050017755,0.0057418225,0.006591365,0.0070621707,0.0050017755,0.0050017755,0.0075666043,0.008107068,0.0053590396,0.006591365,0.0057418225,0.0050017755,0.0070621707,0.0050017755,0.006591365,0.006591365,0.0053590396,0.008107068,0.006591365,0.0053590396,0.0057418225,0.0050017755,0.008107068,0.006591365,0.0057418225,0.008107068,0.0050017755,0.0070621707,0.0050017755,0.0070621707,0.0053590396,0.0050017755,0.006591365,0.0075666043,0.006151947,0.006591365,0.0053590396,0.008107068,0.0053590396,0.0057418225,0.006151947,0.0057418225,0.0075666043,0.0053590396,0.006591365,0.0057418225,0.0057418225,0.0053590396,0.0050017755,0.006151947,0.0050017755,0.0050017755,0.006591365,0.0053590396,0.006151947,0.0075666043,0.0057418225,0.0057418225,0.0050017755,0.0050017755,0.0053590396,0.0075666043,0.006151947,0.006151947,0.0070621707,0.0050017755,0.008107068,0.008107068,0.0057418225,0.0050017755,0.006151947,0.006591365,0.0075666043,0.006591365,0.006591365,0.0075666043,0.0057418225,0.0075666043,0.008107068,0.0075666043,0.006591365,0.0050017755,0.008107068,0.008107068,0.0057418225,0.006151947,0.006151947,0.0070621707,0.006591365,0.0070621707,0.0050017755,0.006591365,0.0057418225,0.006151947,0.006151947,0.0050017755,0.0070621707,0.0057418225,0.0057418225,0.008107068,0.0057418225,0.008107068,0.0050017755,0.006591365,0.0070621707,0.0050017755,0.0050017755,0.0070621707,0.0070621707,0.0053590396,0.006591365,0.0050017755,0.008107068,0.0053590396,0.006151947,0.006591365,0.006591365,0.0075666043,0.0053590396,0.008107068,0.008107068,0.008107068,0.0050017755,0.0057418225,0.0057418225,0.0070621707,0.0057418225,0.0075666043,0.008107068,0.0070621707,0.0057418225,0.006151947,0.0050017755,9,0
0.0061795227,0.0076005207,0.0076005207,0.0076005207,0.005024195,0.0066209105,0.0076005207,0.0066209105,0.0076005207,0.0066209105,0.0061795227,0.005383061,0.0046892534,0.0046892534,0.005383061,0.0076005207,0.0061795227,0.005383061,0.0076005207,0.005383061,0.0070938263,0.0070938263,0.005383061,0.005383061,0.0046892534,0.0076005207,0.005383061,0.0061795227,0.00576756,0.0076005207,0.0076005207,0.00576756,0.0076005207,0.0061795227,0.0046892534,0.005024195,0.005383061,0.0066209105,0.0046892534,0.005383061,0.0046892534,0.0061795227,0.0076005207,0.0070938263,0.005383061,0.0070938263,0.0061795227,0.0076005207,0.0076005207,0.0076005207,0.005383061,0.0076005207,0.0076005207,0.0076005207,0.0046892534,0.0076005207,0.0061795227,0.0076005207,0.0076005207,0.0070938263,0.0070938263,0.005383061,0.005024195,0.005383061,0.0076005207,0.00576756,0.0061795227,0.0046892534,0.005383061,0.0066209105,0.0061795227,0.0076005207,0.0046892534,0.005383061,0.0046892534,0.0076005207,0.00576756,0.0070938263,0.0076005207,0.00576756,0.0066209105,0.005024195,0.0046892534,0.0046892534,0.005024195,0.0061795227,0.0061795227,0.0076005207,0.0061795227,0.0076005207,0.0076005207,0.0066209105,0.0076005207,0.0046892534,0.0076005207,0.0076005207,0.0076005207,0.0046892534,0.005383061,0.0046892534,0.00576756,0.0066209105,0.0070938263,0.0061795227,0.0066209105,0.0046892534,0.00576756,0.00576756,0.0046892534,0.00576756,0.0066209105,0.0076005207,0.0046892534,0.0066209105,0.0070938263,0.0046892534,0.0070938263,0.0076005207,0.0070938263,0.005024195,0.005024195,0.00576756,0.0076005207,0.0076005207,0.005024195,0.00576756,0.0066209105,0.0061795227,0.0070938263,0.0061795227,0.0070938263,0.00576756,0.0066209105,0.0070938263,0.005024195,0.0070938263,0.005024195,0.0046892534,0.0061795227,0.005383061,0.005383061,0.0066209105,0.00576756,0.005383061,0.0061795227,0.005383061,0.0076005207,0.0076005207,0.0076005207,0.0046892534,0.0046892534,0.005383061,0.0076005207,0.0076005207,0.005383061,0.0061795227,0.0061795227,0.0070938263,0.0070938263,0.0046892534,1,2
0.0052790963,0.006956821,0.007986131,0.0074537294,0.0056561693,0.0052790963,0.0052790963,0.0049271616,0.0049271616,0.007986131,0.006956821,0.006956821,0.0052790963,0.0052790963,0.006493039,0.0056561693,0.006493039,0.006060176,0.0049271616,0.006493039,0.0049271616,0.006060176,0.006493039,0.0052790963,0.006060176,0.007986131,0.0056561693,0.0052790963,0.0049271616,0.007986131,0.007986131,0.0056561693,0.0056561693,0.006956821,0.007986131,0.0052790963,0.006493039,0.0056561693,0.006060176,0.006493039,0.0049271616,0.006060176,0.007986131,0.006060176,0.007986131,0.0074537294,0.006493039,0.0049271616,0.0049271616,0.0074537294,0.006956821,0.0052790963,0.006493039,0.0049271616,0.007986131,0.0049271616,0.006956821,0.0049271616,0.0049271616,0.0074537294,0.007986131,0.0052790963,0.006493039,0.0052790963,0.007986131,0.0052790963,0.006493039,0.006060176,0.0052790963,0.006956821,0.0049271616,0.0049271616,0.0052790963,0.0052790963,0.007986131,0.0052790963,0.0056561693,0.0049271616,0.0056561693,0.0049271616,0.0049271616,0.0049271616,0.007986131,0.007986131,0.007986131,0.0049271616,0.0049271616,0.0052790963,0.006493039,0.006060176,0.006060176,0.006956821,0.0049271616,0.007986131,0.007986131,0.006060176,0.0049271616,0.0056561693,0.006060176,0.007986131,0.006956821,0.006060176,0.006956821,0.0052790963,0.0074537294,0.007986131,0.006956821,0.006493039,0.0049271616,0.007986131,0.007986131,0.0074537294,0.006060176,0.006060176,0.006956821,0.006060176,0.006956821,0.0049271616,0.006060176,0.006493039,0.0049271616,0.0052790963,0.0049271616,0.0049271616,0.0049271616,0.006060176,0.0049271616,0.006493039,0.007986131,0.007986131,0.006493039,0.0056561693,0.0074537294,0.0074537294,0.007986131,0.006956821,0.0056561693,0.007986131,0.006493039,0.007986131,0.0049271616,0.0052790963,0.0074537294,0.006493039,0.0074537294,0.0049271616,0.0049271616,0.006493039,0.0049271616,0.007986131,0.0049271616,0.006060176,0.006956821,0.0056561693,0.0074537294,0.007986131,0.006060176,0.006060176,0.006060176,0.0049271616,2,4
0.004803976,0.005147112,0.004803976,0.007786467,0.004803976,0.0063307043,0.007786467,0.0067828908,0.007786467,0.007786467,0.0072673764,0.0055147572,0.004803976,0.007786467,0.007786467,0.0059086634,0.0059086634,0.0063307043,0.007786467,0.005147112,0.0072673764,0.0072673764,0.0055147572,0.004803976,0.004803976,0.007786467,0.0055147572,0.0063307043,0.0055147572,0.0063307043,0.007786467,0.0055147572,0.004803976,0.0067828908,0.007786467,0.0055147572,0.0055147572,0.004803976,0.0072673764,0.0055147572,0.004803976,0.0059086634,0.007786467,0.0059086634,0.007786467,0.0063307043,0.005147112,0.0067828908,0.0072673764,0.0055147572,0.0059086634,0.0067828908,0.0059086634,0.007786467,0.007786467,0.005147112,0.0059086634,0.004803976,0.0067828908,0.004803976,0.0072673764,0.0067828908,0.0059086634,0.0059086634,0.0067828908,0.005147112,0.0059086634,0.005147112,0.007786467,0.0059086634,0.0055147572,0.007786467,0.0055147572,0.004803976,0.007786467,0.004803976,0.005147112,0.004803976,0.0072673764,0.004803976,0.004803976,0.0059086634,0.007786467,0.007786467,0.007786467,0.004803976,0.005147112,0.0055147572,0.0072673764,0.0059086634,0.0059086634,0.0055147572,0.004803976,0.007786467,0.005147112,0.0059086634,0.004803976,0.0063307043,0.0063307043,0.007786467,0.0063307043,0.0067828908,0.0072673764,0.005147112,0.007786467,0.004803976,0.0055147572,0.004803976,0.007786467,0.0059086634,0.0063307043,0.007786467,0.0055147572,0.007786467,0.0063307043,0.0059086634,0.0067828908,0.0059086634,0.0063307043,0.004803976,0.004803976,0.005147112,0.0067828908,0.007786467,0.005147112,0.0059086634,0.007786467,0.0063307043,0.007786467,0.0067828908,0.0063307043,0.0063307043,0.0072673764,0.0072673764,0.0059086634,0.0063307043,0.0059086634,0.005147112,0.0072673764,0.0067828908,0.0055147572,0.0067828908,0.0063307043,0.0072673764,0.0055147572,0.005147112,0.007786467,0.007786467,0.007786467,0.005147112,0.005147112,0.0055147572,0.0063307043,0.0072673764,0.0063307043,0.007786467,0.0063307043,0.0055147572,0.0063307043,0.004803976,3,3
0.006595813,0.00757171,0.0050051506,0.00757171,0.006595813,0.0050051506,0.0050051506,0.00757171,0.00757171,0.008112539,0.0061560986,0.005362656,0.0050051506,0.008112539,0.006595813,0.0050051506,0.006595813,0.0057456973,0.008112539,0.0050051506,0.005362656,0.006595813,0.0061560986,0.006595813,0.0050051506,0.0050051506,0.0057456973,0.006595813,0.0070669358,0.0050051506,0.0061560986,0.006595813,0.006595813,0.00757171,0.00757171,0.0061560986,0.006595813,0.0050051506,0.0070669358,0.0070669358,0.0050051506,0.006595813,0.0070669358,0.0057456973,0.008112539,0.00757171,0.0061560986,0.0057456973,0.008112539,0.0061560986,0.0070669358,0.0057456973,0.0061560986,0.008112539,0.0070669358,0.005362656,0.005362656,0.0050051506,0.008112539,0.0057456973,0.005362656,0.0061560986,0.005362656,0.00757171,0.0050051506,0.005362656,0.006595813,0.0050051506,0.008112539,0.0050051506,0.0057456973,0.0050051506,0.0057456973,0.005362656,0.008112539,0.0050051506,0.005362656,0.0050051506,0.008112539,0.0050051506,0.0050051506,0.0050051506,0.008112539,0.008112539,0.006595813,0.0050051506,0.0050051506,0.0070669358,0.006595813,0.0057456973,0.0070669358,0.006595813,0.0050051506,0.008112539,0.0050051506,0.0050051506,0.0050051506,0.0050051506,0.008112539,0.006595813,0.0057456973,0.006595813,0.0050051506,0.006595813,0.006595813,0.0050051506,0.0057456973,0.0050051506,0.008112539,0.0050051506,0.0061560986,0.006595813,0.005362656,0.006595813,0.005362656,0.0070669358,0.0070669358,0.0050051506,0.0061560986,0.0050051506,0.0061560986,0.0057456973,0.0050051506,0.008112539,0.0050051506,0.0050051506,0.008112539,0.0070669358,0.008112539,0.00757171,0.0050051506,0.0057456973,0.00757171,0.00757171,0.0050051506,0.0057456973,0.0050051506,0.0050051506,0.006595813,0.0057456973,0.0057456973,0.0061560986,0.006595813,0.008112539,0.006595813,0.0057456973,0.006595813,0.008112539,0.008112539,0.008112539,0.0061560986,0.0057456973,0.006595813,0.0070669358,0.0057456973,0.0050051506,0.005362656,0.0057456973,0.0070669358,0.005362656,9,3
0.006532806,0.006532806,0.0074993805,0.0074993805,0.0046268534,0.006532806,0.0074993805,0.0069994284,0.0074993805,0.0074993805,0.0074993805,0.006532806,0.0046268534,0.0046268534,0.0053114286,0.006532806,0.0069994284,0.006532806,0.0074993805,0.0049573383,0.0069994284,0.0069994284,0.0053114286,0.0060972916,0.0060972916,0.0049573383,0.005690811,0.0060972916,0.0069994284,0.0060972916,0.0053114286,0.0053114286,0.0074993805,0.006532806,0.0046268534,0.006532806,0.0060972916,0.005690811,0.0046268534,0.0074993805,0.0046268534,0.0074993805,0.0074993805,0.0074993805,0.0069994284,0.005690811,0.0053114286,0.0074993805,0.0074993805,0.0053114286,0.0053114286,0.0074993805,0.0074993805,0.0074993805,0.0046268534,0.0074993805,0.006532806,0.0074993805,0.0074993805,0.0060972916,0.0053114286,0.0060972916,0.0053114286,0.0053114286,0.0074993805,0.005690811,0.0060972916,0.0053114286,0.0060972916,0.0060972916,0.005690811,0.0074993805,0.0053114286,0.0049573383,0.0046268534,0.0074993805,0.0060972916,0.0074993805,0.0074993805,0.0074993805,0.0074993805,0.0046268534,0.0046268534,0.0046268534,0.0046268534,0.0069994284,0.0074993805,0.0074993805,0.005690811,0.0074993805,0.0074993805,0.006532806,0.0074993805,0.0046268534,0.0074993805,0.0074993805,0.0074993805,0.0046268534,0.0060972916,0.0046268534,0.005690811,0.0074993805,0.0060972916,0.0046268534,0.006532806,0.0046268534,0.005690811,0.0060972916,0.0046268534,0.0049573383,0.0069994284,0.0074993805,0.0049573383,0.0074993805,0.005690811,0.0046268534,0.0069994284,0.0074993805,0.0074993805,0.0060972916,0.0074993805,0.006532806,0.0074993805,0.0074993805,0.005690811,0.0074993805,0.006532806,0.0046268534,0.0046268534,0.0060972916,0.0060972916,0.0060972916,0.006532806,0.0069994284,0.0053114286,0.005690811,0.0046268534,0.0046268534,0.006532806,0.0053114286,0.005690811,0.006532806,0.0053114286,0.0046268534,0.006532806,0.0049573383,0.0074993805,0.0074993805,0.0074993805,0.0046268534,0.0049573383,0.0053114286,0.0069994284,0.0074993805,0.0069994284,0.0046268534,0.0069994284,0.0074993805,0.0074993805,0.0049573383,2,2
0.006274372,0.007717181,0.007717181,0.007717181,0.004761229,0.007202709,0.007717181,0.006722535,0.006722535,0.0051013115,0.007202709,0.006722535,0.0051013115,0.004761229,0.007202709,0.007717181,0.007202709,0.0058560865,0.007717181,0.0051013115,0.007717181,0.007202709,0.004761229,0.004761229,0.004761229,0.007717181,0.0054656854,0.004761229,0.004761229,0.007717181,0.006274372,0.0058560865,0.0058560865,0.006722535,0.0058560865,0.0054656854,0.006274372,0.007717181,0.0054656854,0.006274372,0.004761229,0.006274372,0.007717181,0.0058560865,0.007717181,0.004761229,0.004761229,0.007717181,0.0058560865,0.0058560865,0.0054656854,0.006274372,0.006722535,0.004761229,0.004761229,0.004761229,0.004761229,0.007717181,0.006274372,0.0054656854,0.007717181,0.0058560865,0.006274372,0.004761229,0.007717181,0.0051013115,0.0054656854,0.0058560865,0.006274372,0.007202709,0.007717181,0.007717181,0.0054656854,0.0051013115,0.004761229,0.0054656854,0.0051013115,0.007717181,0.006274372,0.0051013115,0.004761229,0.004761229,0.007717181,0.007717181,0.006722535,0.004761229,0.0051013115,0.007202709,0.007202709,0.0058560865,0.0058560865,0.006722535,0.007717181,0.004761229,0.007717181,0.0054656854,0.0058560865,0.007717181,0.0058560865,0.007717181,0.0058560865,0.006722535,0.006722535,0.0054656854,0.007202709,0.0051013115,0.0054656854,0.006274372,0.004761229,0.007717181,0.006722535,0.007717181,0.0054656854,0.007717181,0.0058560865,0.004761229,0.006722535,0.007717181,0.004761229,0.0051013115,0.0058560865,0.0051013115,0.007717181,0.007717181,0.0051013115,0.006722535,0.007202709,0.006274372,0.006722535,0.006274372,0.006274372,0.0054656854,0.006722535,0.007202709,0.007202709,0.006722535,0.006274372,0.004761229,0.006722535,0.006274372,0.006722535,0.006722535,0.006274372,0.0054656854,0.0058560865,0.006274372,0.007717181,0.007717181,0.007717181,0.004761229,0.004761229,0.0054656854,0.006722535,0.007202709,0.006274372,0.007717181,0.006274372,0.006274372,0.0054656854,0.004761229,1,2
0.005192527,0.0063865627,0.00785517,0.00785517,0.0048463633,0.005192527,0.005960798,0.0068427394,0.0073314994,0.00785517,0.0055634165,0.0063865627,0.005960798,0.0048463633,0.0068427394,0.0055634165,0.0055634165,0.0063865627,0.00785517,0.0048463633,0.0068427394,0.0073314994,0.005960798,0.0063865627,0.0048463633,0.005192527,0.0055634165,0.0063865627,0.0055634165,0.0048463633,0.0048463633,0.0068427394,0.00785517,0.0063865627,0.00785517,0.0068427394,0.0055634165,0.00785517,0.0048463633,0.0063865627,0.0048463633,0.0073314994,0.00785517,0.005960798,0.00785517,0.005192527,0.0048463633,0.00785517,0.0048463633,0.0068427394,0.0055634165,0.0063865627,0.00785517,0.0048463633,0.0055634165,0.0048463633,0.0048463633,0.00785517,0.005960798,0.0063865627,0.0073314994,0.005192527,0.0068427394,0.0048463633,0.00785517,0.005960798,0.005960798,0.0048463633,0.0055634165,0.0063865627,0.0055634165,0.0048463633,0.0055634165,0.0055634165,0.00785517,0.005192527,0.005192527,0.00785517,0.0048463633,0.0048463633,0.005192527,0.005192527,0.00785517,0.00785517,0.00785517,0.0048463633,0.005960798,0.00785517,0.00785517,0.005960798,0.0073314994,0.0068427394,0.00785517,0.0048463633,0.00785517,0.0063865627,0.0048463633,0.00785517,0.005960798,0.00785517,0.0063865627,0.00785517,0.0068427394,0.005192527,0.0073314994,0.0055634165,0.0055634165,0.00785517,0.005192527,0.00785517,0.005192527,0.0048463633,0.0068427394,0.005960798,0.005960798,0.005960798,0.0068427394,0.00785517,0.005960798,0.0048463633,0.005960798,0.005192527,0.00785517,0.00785517,0.0055634165,0.005960798,0.0068427394,0.0068427394,0.00785517,0.0073314994,0.0055634165,0.0055634165,0.0073314994,0.0073314994,0.0055634165,0.0055634165,0.0048463633,0.0048463633,0.0063865627,0.0055634165,0.005960798,0.0063865627,0.0068427394,0.005192527,0.0055634165,0.005192527,0.00785517,0.00785517,0.00785517,0.00785517,0.0048463633,0.0055634165,0.0068427394,0.0073314994,0.0048463633,0.005960798,0.005192527,0.0063865627,0.0048463633,0.0048463633,2,2
0.004913378,0.005264329,0.007963791,0.007963791,0.004913378,0.0056403466,0.007963791,0.0069373595,0.007963791,0.007963791,0.0056403466,0.005264329,0.006043223,0.005264329,0.0069373595,0.004913378,0.0064748754,0.0069373595,0.007963791,0.004913378,0.004913378,0.0069373595,0.0064748754,0.0064748754,0.004913378,0.0069373595,0.0056403466,0.0064748754,0.005264329,0.0056403466,0.004913378,0.006043223,0.0074328785,0.0069373595,0.007963791,0.004913378,0.004913378,0.007963791,0.004913378,0.0056403466,0.004913378,0.0064748754,0.007963791,0.006043223,0.007963791,0.004913378,0.004913378,0.007963791,0.004913378,0.0064748754,0.0056403466,0.005264329,0.007963791,0.0056403466,0.0056403466,0.004913378,0.004913378,0.007963791,0.006043223,0.006043223,0.0056403466,0.005264329,0.0074328785,0.004913378,0.007963791,0.005264329,0.0056403466,0.0056403466,0.004913378,0.006043223,0.005264329,0.0056403466,0.0056403466,0.0056403466,0.0069373595,0.005264329,0.005264329,0.0064748754,0.005264329,0.004913378,0.0069373595,0.005264329,0.007963791,0.007963791,0.0074328785,0.004913378,0.006043223,0.007963791,0.0074328785,0.006043223,0.0064748754,0.005264329,0.0064748754,0.004913378,0.0069373595,0.004913378,0.004913378,0.007963791,0.0064748754,0.0074328785,0.0064748754,0.0069373595,0.007963791,0.006043223,0.007963791,0.004913378,0.0056403466,0.007963791,0.005264329,0.007963791,0.006043223,0.0064748754,0.0064748754,0.007963791,0.006043223,0.004913378,0.0069373595,0.007963791,0.0056403466,0.004913378,0.004913378,0.005264329,0.007963791,0.007963791,0.0056403466,0.0056403466,0.007963791,0.0069373595,0.007963791,0.0069373595,0.0064748754,0.0056403466,0.0074328785,0.0074328785,0.005264329,0.0056403466,0.005264329,0.004913378,0.0069373595,0.0056403466,0.006043223,0.006043223,0.0064748754,0.005264329,0.0056403466,0.005264329,0.007963791,0.007963791,0.007963791,0.0069373595,0.004913378,0.0056403466,0.0074328785,0.007963791,0.004913378,0.005264329,0.004913378,0.0069373595,0.0056403466,0.006043223,2,2
0.0059963153,0.007901975,0.00487524,0.007901975,0.0059963153,0.00487524,0.0052234665,0.00487524,0.0068835113,0.007901975,0.0068835113,0.0052234665,0.00487524,0.007901975,0.007901975,0.0068835113,0.0055965655,0.00487524,0.0059963153,0.0052234665,0.007901975,0.0073751835,0.0052234665,0.00487524,0.0064246166,0.0073751835,0.0055965655,0.00487524,0.0055965655,0.0059963153,0.0073751835,0.0052234665,0.00487524,0.0055965655,0.007901975,0.0068835113,0.0059963153,0.0059963153,0.00487524,0.007901975,0.00487524,0.0064246166,0.0059963153,0.00487524,0.007901975,0.0064246166,0.0055965655,0.0059963153,0.00487524,0.007901975,0.0059963153,0.0059963153,0.007901975,0.0064246166,0.0064246166,0.00487524,0.0064246166,0.0055965655,0.00487524,0.0052234665,0.007901975,0.0059963153,0.0064246166,0.00487524,0.007901975,0.0059963153,0.0055965655,0.0059963153,0.0064246166,0.0059963153,0.0059963153,0.0068835113,0.0055965655,0.0052234665,0.0068835113,0.0052234665,0.0064246166,0.00487524,0.00487524,0.00487524,0.0059963153,0.0059963153,0.00487524,0.0059963153,0.007901975,0.00487524,0.00487524,0.0052234665,0.0068835113,0.0059963153,0.0059963153,0.0068835113,0.00487524,0.007901975,0.007901975,0.0064246166,0.00487524,0.0064246166,0.0059963153,0.0073751835,0.0073751835,0.0064246166,0.0068835113,0.0052234665,0.0073751835,0.007901975,0.007901975,0.0059963153,0.00487524,0.007901975,0.007901975,0.0064246166,0.0059963153,0.00487524,0.0064246166,0.0059963153,0.0068835113,0.0052234665,0.0064246166,0.0052234665,0.0073751835,0.0059963153,0.0073751835,0.007901975,0.00487524,0.0055965655,0.007901975,0.0055965655,0.0073751835,0.0059963153,0.0059963153,0.0059963153,0.0073751835,0.0073751835,0.0073751835,0.0064246166,0.0059963153,0.0052234665,0.00487524,0.0064246166,0.0059963153,0.0064246166,0.0059963153,0.0068835113,0.0055965655,0.0052234665,0.007901975,0.007901975,0.007901975,0.0064246166,0.0055965655,0.0055965655,0.0068835113,0.007901975,0.007901975,0.007901975,0.0064246166,0.00487524,0.0059963153,0.00487524,1,1
0.006184313,0.0070993253,0.0076064127,0.0076064127,0.004692889,0.0070993253,0.0076064127,0.006626043,0.0076064127,0.004692889,0.006626043,0.006626043,0.004692889,0.004692889,0.004692889,0.0076064127,0.006626043,0.00502809,0.0076064127,0.006184313,0.0076064127,0.0070993253,0.004692889,0.004692889,0.004692889,0.0076064127,0.005387234,0.00502809,0.004692889,0.0076064127,0.0070993253,0.0057720314,0.0076064127,0.006184313,0.004692889,0.0076064127,0.005387234,0.006184313,0.004692889,0.0076064127,0.006184313,0.0057720314,0.0057720314,0.006184313,0.004692889,0.0076064127,0.0070993253,0.0076064127,0.0076064127,0.0076064127,0.0070993253,0.006626043,0.006184313,0.0076064127,0.0057720314,0.0076064127,0.006626043,0.0076064127,0.0076064127,0.0057720314,0.0076064127,0.0057720314,0.00502809,0.005387234,0.0070993253,0.00502809,0.0057720314,0.00502809,0.0057720314,0.0076064127,0.0070993253,0.0076064127,0.004692889,0.00502809,0.004692889,0.0076064127,0.005387234,0.0076064127,0.0076064127,0.006184313,0.0076064127,0.004692889,0.00502809,0.004692889,0.004692889,0.0076064127,0.005387234,0.0076064127,0.00502809,0.004692889,0.0076064127,0.006626043,0.0076064127,0.004692889,0.0076064127,0.0076064127,0.0070993253,0.004692889,0.00502809,0.004692889,0.0057720314,0.006184313,0.0076064127,0.006184313,0.0070993253,0.004692889,0.005387234,0.005387234,0.004692889,0.0070993253,0.0076064127,0.0076064127,0.004692889,0.005387234,0.0070993253,0.0076064127,0.0057720314,0.005387234,0.0057720314,0.004692889,0.0076064127,0.006626043,0.0076064127,0.0076064127,0.0070993253,0.006626043,0.006626043,0.0057720314,0.006626043,0.006184313,0.0076064127,0.005387234,0.00502809,0.006184313,0.006184313,0.0076064127,0.00502809,0.004692889,0.0057720314,0.005387234,0.0057720314,0.0057720314,0.00502809,0.004692889,0.006626043,0.0070993253,0.0076064127,0.0076064127,0.0076064127,0.004692889,0.0076064127,0.005387234,0.006184313,0.006626043,0.005387234,0.0076064127,0.006184313,0.0057720314,0.005387234,0.004692889,2,0
0.0064335335,0.0052307164,0.0048820064,0.0048820064,0.0056043332,0.006893065,0.0060046376,0.0048820064,0.0048820064,0.007912942,0.0073854197,0.0064335335,0.0048820064,0.0052307164,0.007912942,0.006893065,0.0073854197,0.0052307164,0.0060046376,0.0052307164,0.007912942,0.006893065,0.0052307164,0.0048820064,0.0052307164,0.0073854197,0.0056043332,0.0056043332,0.0048820064,0.007912942,0.007912942,0.0056043332,0.0048820064,0.006893065,0.007912942,0.0064335335,0.0060046376,0.006893065,0.0060046376,0.007912942,0.0064335335,0.0064335335,0.0056043332,0.0052307164,0.0064335335,0.007912942,0.0064335335,0.0048820064,0.0048820064,0.0064335335,0.007912942,0.0064335335,0.0073854197,0.0048820064,0.007912942,0.0048820064,0.0064335335,0.0052307164,0.0048820064,0.0048820064,0.007912942,0.0060046376,0.0056043332,0.0048820064,0.007912942,0.0052307164,0.0064335335,0.0060046376,0.0052307164,0.0052307164,0.007912942,0.0073854197,0.0056043332,0.0056043332,0.0073854197,0.007912942,0.0064335335,0.0048820064,0.0048820064,0.0048820064,0.0060046376,0.0064335335,0.0073854197,0.0056043332,0.0056043332,0.0048820064,0.0048820064,0.0052307164,0.006893065,0.0060046376,0.0060046376,0.006893065,0.0048820064,0.007912942,0.007912942,0.006893065,0.0048820064,0.0060046376,0.0048820064,0.007912942,0.007912942,0.0073854197,0.0048820064,0.0048820064,0.0073854197,0.007912942,0.0073854197,0.0060046376,0.0048820064,0.007912942,0.007912942,0.007912942,0.0064335335,0.0048820064,0.006893065,0.007912942,0.0064335335,0.0048820064,0.0052307164,0.0048820064,0.0064335335,0.0052307164,0.0056043332,0.0048820064,0.0048820064,0.0060046376,0.0060046376,0.0048820064,0.0064335335,0.0056043332,0.007912942,0.0056043332,0.006893065,0.0064335335,0.0073854197,0.006893065,0.0064335335,0.007912942,0.0048820064,0.007912942,0.007912942,0.006893065,0.0048820064,0.0073854197,0.0064335335,0.007912942,0.007912942,0.006893065,0.006893065,0.0052307164,0.006893065,0.0056043332,0.0048820064,0.0060046376,0.007912942,0.007912942,0.0064335335,0.0052307164,0.0056043332,0.0048820064,9,0
0.005189767,0.006839102,0.007850995,0.007850995,0.0048437873,0.005189767,0.0048437873,0.006839102,0.0073276027,0.007850995,0.0055604596,0.0055604596,0.0073276027,0.005189767,0.0073276027,0.006383168,0.00595763,0.006839102,0.007850995,0.0048437873,0.006839102,0.0073276027,0.00595763,0.006383168,0.0048437873,0.005189767,0.0055604596,0.006383168,0.0055604596,0.0048437873,0.006839102,0.006383168,0.0073276027,0.006839102,0.007850995,0.0073276027,0.005189767,0.007850995,0.0048437873,0.006383168,0.0048437873,0.007850995,0.0073276027,0.00595763,0.007850995,0.0048437873,0.0048437873,0.007850995,0.0048437873,0.006839102,0.0055604596,0.005189767,0.007850995,0.0048437873,0.0055604596,0.0048437873,0.0048437873,0.007850995,0.00595763,0.006383168,0.0073276027,0.005189767,0.006839102,0.0048437873,0.007850995,0.006383168,0.00595763,0.0048437873,0.005189767,0.00595763,0.0055604596,0.0048437873,0.0055604596,0.005189767,0.007850995,0.0055604596,0.005189767,0.007850995,0.00595763,0.0048437873,0.0048437873,0.0048437873,0.007850995,0.007850995,0.007850995,0.0048437873,0.0055604596,0.007850995,0.0073276027,0.00595763,0.0073276027,0.006839102,0.007850995,0.0048437873,0.007850995,0.0048437873,0.0048437873,0.007850995,0.006383168,0.007850995,0.006383168,0.007850995,0.0073276027,0.00595763,0.0073276027,0.0048437873,0.0055604596,0.007850995,0.0048437873,0.007850995,0.0048437873,0.0048437873,0.0073276027,0.00595763,0.006383168,0.00595763,0.006839102,0.007850995,0.00595763,0.0048437873,0.00595763,0.0055604596,0.007850995,0.007850995,0.0048437873,0.005189767,0.007850995,0.006383168,0.0073276027,0.0073276027,0.00595763,0.0055604596,0.0073276027,0.0073276027,0.005189767,0.0055604596,0.0055604596,0.0048437873,0.006383168,0.0055604596,0.0048437873,0.0055604596,0.0073276027,0.005189767,0.00595763,0.005189767,0.007850995,0.007850995,0.007850995,0.007850995,0.0048437873,0.0055604596,0.006839102,0.0073276027,0.0048437873,0.00595763,0.005189767,0.006383168,0.005189767,0.005189767,2,2
0.0061307633,0.0070378524,0.007540549,0.007540549,0.004652253,0.0070378524,0.007540549,0.0065686684,0.007540549,0.004652253,0.0065686684,0.0065686684,0.004652253,0.004652253,0.004652253,0.0065686684,0.0061307633,0.0061307633,0.007540549,0.0057220515,0.007540549,0.0070378524,0.004652253,0.004984552,0.004984552,0.007540549,0.0053405864,0.004984552,0.004984552,0.0057220515,0.007540549,0.0061307633,0.007540549,0.0057220515,0.004652253,0.0053405864,0.0057220515,0.0061307633,0.004652253,0.007540549,0.0061307633,0.0070378524,0.007540549,0.007540549,0.004652253,0.007540549,0.0065686684,0.007540549,0.007540549,0.007540549,0.0061307633,0.007540549,0.0061307633,0.0070378524,0.0057220515,0.007540549,0.0065686684,0.007540549,0.007540549,0.0057220515,0.007540549,0.0057220515,0.004984552,0.0053405864,0.007540549,0.004984552,0.0057220515,0.004984552,0.0057220515,0.007540549,0.0065686684,0.007540549,0.004984552,0.004984552,0.004652253,0.0065686684,0.0057220515,0.007540549,0.007540549,0.0070378524,0.0065686684,0.004652253,0.004652253,0.004652253,0.004652253,0.0070378524,0.0070378524,0.007540549,0.004984552,0.007540549,0.007540549,0.0065686684,0.007540549,0.004652253,0.007540549,0.007540549,0.007540549,0.004652253,0.0061307633,0.004652253,0.0061307633,0.0070378524,0.0070378524,0.0053405864,0.0065686684,0.004652253,0.0057220515,0.0061307633,0.004652253,0.0057220515,0.0070378524,0.007540549,0.0053405864,0.0057220515,0.0070378524,0.004652253,0.0065686684,0.007540549,0.007540549,0.0057220515,0.007540549,0.0070378524,0.007540549,0.007540549,0.0070378524,0.007540549,0.0065686684,0.004652253,0.0053405864,0.0065686684,0.007540549,0.0053405864,0.0057220515,0.0065686684,0.0053405864,0.0070378524,0.0053405864,0.004652253,0.0057220515,0.0053405864,0.0057220515,0.0057220515,0.0053405864,0.004652253,0.0057220515,0.0061307633,0.007540549,0.007540549,0.007540549,0.004652253,0.004984552,0.0053405864,0.0070378524,0.007540549,0.0061307633,0.0070378524,0.0065686684,0.0065686684,0.0057220515,0.004652253,2,1
0.0052278256,0.0052278256,0.00790857,0.00790857,0.004879309,0.005601236,0.004879309,0.006889256,0.0073813386,0.00790857,0.005601236,0.0064299786,0.0064299786,0.004879309,0.00790857,0.005601236,0.0064299786,0.006889256,0.00790857,0.004879309,0.005601236,0.0073813386,0.0060013193,0.0064299786,0.006889256,0.0052278256,0.005601236,0.0064299786,0.0060013193,0.0052278256,0.006889256,0.006889256,0.0060013193,0.0060013193,0.0064299786,0.0073813386,0.0052278256,0.00790857,0.004879309,0.006889256,0.004879309,0.0064299786,0.006889256,0.005601236,0.00790857,0.0052278256,0.004879309,0.00790857,0.004879309,0.0073813386,0.006889256,0.0064299786,0.0064299786,0.004879309,0.005601236,0.004879309,0.004879309,0.00790857,0.0060013193,0.005601236,0.0064299786,0.005601236,0.0064299786,0.004879309,0.00790857,0.0064299786,0.0060013193,0.004879309,0.004879309,0.0064299786,0.0052278256,0.0052278256,0.005601236,0.005601236,0.0073813386,0.004879309,0.0052278256,0.00790857,0.0052278256,0.0052278256,0.0052278256,0.004879309,0.00790857,0.00790857,0.00790857,0.004879309,0.005601236,0.00790857,0.006889256,0.0060013193,0.0073813386,0.006889256,0.00790857,0.004879309,0.00790857,0.005601236,0.0064299786,0.006889256,0.0064299786,0.0073813386,0.0064299786,0.0064299786,0.0073813386,0.005601236,0.0073813386,0.004879309,0.0060013193,0.006889256,0.004879309,0.00790857,0.004879309,0.004879309,0.006889256,0.005601236,0.0064299786,0.0064299786,0.0064299786,0.00790857,0.0073813386,0.0052278256,0.0052278256,0.0052278256,0.00790857,0.00790857,0.0052278256,0.004879309,0.00790857,0.0064299786,0.0073813386,0.0073813386,0.005601236,0.005601236,0.0073813386,0.0073813386,0.0052278256,0.0060013193,0.004879309,0.004879309,0.0064299786,0.005601236,0.004879309,0.0060013193,0.006889256,0.005601236,0.005601236,0.005601236,0.00790857,0.00790857,0.00790857,0.00790857,0.0060013193,0.005601236,0.006889256,0.0073813386,0.004879309,0.0052278256,0.0052278256,0.006889256,0.0064299786,0.0052278256,2,2
0.0050053326,0.005362851,0.0061563225,0.008112834,0.0050053326,0.0057459064,0.0050053326,0.0070671933,0.0075719855,0.008112834,0.006596053,0.005362851,0.0050053326,0.008112834,0.0070671933,0.006596053,0.0057459064,0.0057459064,0.008112834,0.005362851,0.0057459064,0.0075719855,0.006596053,0.0070671933,0.0050053326,0.0050053326,0.0057459064,0.006596053,0.0061563225,0.0050053326,0.005362851,0.006596053,0.006596053,0.0075719855,0.008112834,0.0061563225,0.0057459064,0.005362851,0.0057459064,0.0061563225,0.0050053326,0.0070671933,0.0070671933,0.0057459064,0.008112834,0.0061563225,0.0057459064,0.0075719855,0.008112834,0.006596053,0.0057459064,0.005362851,0.0050053326,0.008112834,0.006596053,0.0050053326,0.0061563225,0.0050053326,0.0070671933,0.0050053326,0.0057459064,0.005362851,0.0050053326,0.0070671933,0.0050053326,0.005362851,0.006596053,0.0050053326,0.008112834,0.005362851,0.0057459064,0.0050053326,0.0057459064,0.0057459064,0.008112834,0.0050053326,0.005362851,0.0050053326,0.008112834,0.0050053326,0.0050053326,0.0050053326,0.008112834,0.008112834,0.006596053,0.0050053326,0.0050053326,0.0070671933,0.0075719855,0.0050053326,0.0061563225,0.0057459064,0.0050053326,0.008112834,0.005362851,0.0050053326,0.0050053326,0.005362851,0.008112834,0.008112834,0.0070671933,0.0070671933,0.0050053326,0.0061563225,0.0061563225,0.0050053326,0.0057459064,0.0061563225,0.008112834,0.0057459064,0.005362851,0.0050053326,0.005362851,0.008112834,0.0061563225,0.0057459064,0.006596053,0.0061563225,0.006596053,0.0050053326,0.0050053326,0.005362851,0.0061563225,0.008112834,0.005362851,0.0050053326,0.008112834,0.006596053,0.008112834,0.0075719855,0.0050053326,0.0057459064,0.0075719855,0.0075719855,0.0050053326,0.0057459064,0.0050053326,0.0050053326,0.006596053,0.0057459064,0.0050053326,0.0057459064,0.0075719855,0.008112834,0.006596053,0.005362851,0.008112834,0.008112834,0.008112834,0.008112834,0.0057459064,0.0057459064,0.0070671933,0.0075719855,0.005362851,0.0075719855,0.005362851,0.0057459064,0.0075719855,0.0057459064,3,3
0.00749079,0.00749079,0.00749079,0.00749079,0.006090307,0.00749079,0.00749079,0.0069914106,0.00749079,0.0056842924,0.006090307,0.006090307,0.0046215532,0.0046215532,0.0049516596,0.006090307,0.0069914106,0.006525323,0.00749079,0.006090307,0.0069914106,0.0069914106,0.0056842924,0.0056842924,0.0046215532,0.0046215532,0.0053053442,0.006090307,0.006090307,0.0046215532,0.0053053442,0.0056842924,0.00749079,0.006525323,0.0046215532,0.0069914106,0.006090307,0.0056842924,0.0046215532,0.0069914106,0.0046215532,0.00749079,0.00749079,0.00749079,0.006525323,0.0069914106,0.006090307,0.00749079,0.00749079,0.006090307,0.0053053442,0.00749079,0.00749079,0.00749079,0.0046215532,0.00749079,0.006525323,0.00749079,0.00749079,0.0056842924,0.0053053442,0.006525323,0.0046215532,0.0046215532,0.00749079,0.006090307,0.006090307,0.0053053442,0.0056842924,0.006090307,0.0053053442,0.00749079,0.0046215532,0.0049516596,0.0046215532,0.00749079,0.006090307,0.00749079,0.00749079,0.00749079,0.00749079,0.0049516596,0.0046215532,0.0046215532,0.0046215532,0.00749079,0.00749079,0.00749079,0.0053053442,0.00749079,0.00749079,0.006525323,0.00749079,0.0046215532,0.00749079,0.00749079,0.00749079,0.0046215532,0.006090307,0.0046215532,0.0053053442,0.00749079,0.006090307,0.0049516596,0.006090307,0.0046215532,0.0056842924,0.0056842924,0.0046215532,0.0053053442,0.0069914106,0.00749079,0.0053053442,0.00749079,0.006525323,0.0046215532,0.006525323,0.00749079,0.00749079,0.006090307,0.0069914106,0.006525323,0.00749079,0.00749079,0.00749079,0.00749079,0.006090307,0.0046215532,0.0046215532,0.006090307,0.006525323,0.0053053442,0.006525323,0.0069914106,0.006090307,0.006525323,0.0049516596,0.0046215532,0.006090307,0.0056842924,0.0053053442,0.006090307,0.0056842924,0.0046215532,0.006525323,0.0053053442,0.00749079,0.00749079,0.00749079,0.0046215532,0.0046215532,0.0053053442,0.00749079,0.00749079,0.006090307,0.0046215532,0.00749079,0.0069914106,0.0069914106,0.00749079,0,1
0.0048719863,0.00521998,0.005992313,0.007896701,0.0048719863,0.005992313,0.007896701,0.006878917,0.006878917,0.007896701,0.0064203287,0.0055928305,0.0055928305,0.007896701,0.0064203287,0.00521998,0.005992313,0.0064203287,0.007896701,0.005992313,0.005992313,0.005992313,0.0055928305,0.0064203287,0.0048719863,0.0055928305,0.0055928305,0.0064203287,0.006878917,0.0048719863,0.007370261,0.0055928305,0.005992313,0.006878917,0.007896701,0.005992313,0.005992313,0.0048719863,0.007370261,0.006878917,0.0048719863,0.0064203287,0.007896701,0.0064203287,0.007896701,0.0064203287,0.00521998,0.007896701,0.007896701,0.0055928305,0.0055928305,0.0048719863,0.005992313,0.007896701,0.0055928305,0.0064203287,0.005992313,0.00521998,0.007896701,0.0048719863,0.0064203287,0.0055928305,0.0064203287,0.005992313,0.006878917,0.005992313,0.0064203287,0.00521998,0.007370261,0.007896701,0.0064203287,0.0064203287,0.0055928305,0.0055928305,0.007370261,0.0048719863,0.0064203287,0.0048719863,0.0055928305,0.0064203287,0.0048719863,0.0048719863,0.007896701,0.007896701,0.007896701,0.0048719863,0.005992313,0.005992313,0.007896701,0.005992313,0.0064203287,0.0048719863,0.0048719863,0.007896701,0.0048719863,0.0048719863,0.0048719863,0.006878917,0.006878917,0.007370261,0.006878917,0.007896701,0.0064203287,0.0064203287,0.0064203287,0.0048719863,0.0055928305,0.0048719863,0.007896701,0.0048719863,0.005992313,0.0064203287,0.0064203287,0.007896701,0.0048719863,0.005992313,0.006878917,0.007370261,0.0064203287,0.0048719863,0.0055928305,0.00521998,0.005992313,0.007896701,0.00521998,0.0064203287,0.007896701,0.0064203287,0.007370261,0.007370261,0.0048719863,0.0055928305,0.007370261,0.007370261,0.0055928305,0.005992313,0.00521998,0.00521998,0.007370261,0.005992313,0.00521998,0.00521998,0.0064203287,0.006878917,0.0055928305,0.00521998,0.007896701,0.007370261,0.007896701,0.0048719863,0.0048719863,0.0055928305,0.007370261,0.007896701,0.005992313,0.005992313,0.005992313,0.0064203287,0.0055928305,0.0048719863,3,3
0.006316035,0.0067671738,0.0077684247,0.0077684247,0.0047928444,0.006316035,0.0077684247,0.0067671738,0.0077684247,0.0072505367,0.005501979,0.005894972,0.005894972,0.0047928444,0.0067671738,0.0051351856,0.005894972,0.0067671738,0.0077684247,0.005501979,0.0077684247,0.006316035,0.006316035,0.006316035,0.0047928444,0.0077684247,0.006316035,0.006316035,0.0047928444,0.0077684247,0.0077684247,0.005894972,0.0072505367,0.006316035,0.0072505367,0.0047928444,0.0047928444,0.0077684247,0.005501979,0.005501979,0.0047928444,0.005894972,0.0077684247,0.005894972,0.0077684247,0.0047928444,0.0047928444,0.0077684247,0.0047928444,0.005894972,0.005501979,0.0072505367,0.0077684247,0.0047928444,0.005501979,0.0047928444,0.0047928444,0.0077684247,0.005894972,0.0067671738,0.005501979,0.005894972,0.0067671738,0.0047928444,0.0077684247,0.0051351856,0.005501979,0.005501979,0.005894972,0.0067671738,0.0067671738,0.0077684247,0.005501979,0.005501979,0.0047928444,0.005501979,0.0051351856,0.0077684247,0.006316035,0.005894972,0.0047928444,0.005501979,0.0077684247,0.0077684247,0.0077684247,0.005501979,0.005894972,0.0077684247,0.0072505367,0.005894972,0.0072505367,0.006316035,0.0077684247,0.0047928444,0.0077684247,0.0051351856,0.005501979,0.0072505367,0.0067671738,0.006316035,0.006316035,0.005894972,0.0077684247,0.006316035,0.0072505367,0.0047928444,0.005501979,0.0077684247,0.0051351856,0.0077684247,0.0047928444,0.0047928444,0.0072505367,0.0047928444,0.0067671738,0.0051351856,0.006316035,0.0077684247,0.0047928444,0.0072505367,0.0051351856,0.0051351856,0.0077684247,0.0077684247,0.005501979,0.006316035,0.0067671738,0.006316035,0.0077684247,0.006316035,0.006316035,0.005501979,0.0072505367,0.0072505367,0.005894972,0.005501979,0.0051351856,0.0051351856,0.0072505367,0.005501979,0.005894972,0.005894972,0.006316035,0.0051351856,0.005501979,0.005501979,0.0077684247,0.0077684247,0.0077684247,0.0047928444,0.0047928444,0.005501979,0.0067671738,0.0072505367,0.0047928444,0.006316035,0.005894972,0.0067671738,0.006316035,0.0047928444,2,2
0.0057859276,0.0076247253,0.0076247253,0.0076247253,0.0047041867,0.0071164174,0.0076247253,0.006199202,0.0071164174,0.005400204,0.005400204,0.006199202,0.0047041867,0.0047041867,0.0047041867,0.006199202,0.0066419956,0.0066419956,0.0076247253,0.0057859276,0.0071164174,0.0071164174,0.006199202,0.006199202,0.0047041867,0.0047041867,0.005400204,0.006199202,0.006199202,0.0050401953,0.0047041867,0.006199202,0.0076247253,0.0066419956,0.0047041867,0.0071164174,0.0057859276,0.0057859276,0.0047041867,0.0076247253,0.0047041867,0.0076247253,0.0076247253,0.0076247253,0.0066419956,0.0071164174,0.006199202,0.0076247253,0.0076247253,0.0066419956,0.005400204,0.0076247253,0.0076247253,0.0076247253,0.0047041867,0.0076247253,0.0066419956,0.0076247253,0.0076247253,0.006199202,0.0050401953,0.0057859276,0.0047041867,0.0047041867,0.005400204,0.006199202,0.006199202,0.0047041867,0.005400204,0.0050401953,0.0057859276,0.0076247253,0.0047041867,0.005400204,0.0047041867,0.0066419956,0.006199202,0.0076247253,0.0076247253,0.0076247253,0.0076247253,0.0050401953,0.0047041867,0.0047041867,0.0047041867,0.006199202,0.0076247253,0.0076247253,0.0057859276,0.0057859276,0.0076247253,0.0066419956,0.0076247253,0.0047041867,0.0076247253,0.0076247253,0.0076247253,0.0047041867,0.006199202,0.0047041867,0.005400204,0.0076247253,0.0066419956,0.0050401953,0.005400204,0.0047041867,0.006199202,0.006199202,0.0047041867,0.0047041867,0.0071164174,0.0076247253,0.005400204,0.0076247253,0.006199202,0.0047041867,0.0066419956,0.0076247253,0.0076247253,0.0050401953,0.0076247253,0.0066419956,0.0076247253,0.0076247253,0.0057859276,0.0076247253,0.0071164174,0.0047041867,0.0047041867,0.0066419956,0.0066419956,0.005400204,0.0050401953,0.0066419956,0.0047041867,0.0066419956,0.0050401953,0.0047041867,0.006199202,0.0057859276,0.0057859276,0.0066419956,0.0057859276,0.0047041867,0.0071164174,0.0057859276,0.0076247253,0.0076247253,0.0076247253,0.0047041867,0.0047041867,0.005400204,0.0076247253,0.0076247253,0.0066419956,0.0047041867,0.0076247253,0.0071164174,0.0071164174,0.0076247253,1,1
0.0070744758,0.007579788,0.007579788,0.007579788,0.005368377,0.0066028503,0.007579788,0.0070744758,0.007579788,0.0070744758,0.0066028503,0.0066028503,0.004676462,0.004676462,0.004676462,0.0057518277,0.0066028503,0.0066028503,0.007579788,0.004676462,0.0057518277,0.0070744758,0.0061626663,0.0061626663,0.004676462,0.004676462,0.005368377,0.0061626663,0.0057518277,0.0050104903,0.004676462,0.0057518277,0.007579788,0.0066028503,0.004676462,0.0061626663,0.0061626663,0.0061626663,0.0050104903,0.0057518277,0.004676462,0.007579788,0.007579788,0.007579788,0.0061626663,0.007579788,0.0070744758,0.007579788,0.007579788,0.0070744758,0.0066028503,0.007579788,0.007579788,0.007579788,0.0050104903,0.007579788,0.0066028503,0.007579788,0.007579788,0.0061626663,0.004676462,0.0066028503,0.005368377,0.0050104903,0.0057518277,0.005368377,0.0061626663,0.004676462,0.0057518277,0.0066028503,0.004676462,0.007579788,0.004676462,0.005368377,0.004676462,0.007579788,0.0061626663,0.007579788,0.007579788,0.007579788,0.007579788,0.005368377,0.004676462,0.004676462,0.004676462,0.0057518277,0.007579788,0.007579788,0.0057518277,0.007579788,0.007579788,0.0066028503,0.007579788,0.004676462,0.007579788,0.007579788,0.007579788,0.004676462,0.0061626663,0.004676462,0.005368377,0.007579788,0.0066028503,0.0050104903,0.0066028503,0.004676462,0.0057518277,0.0061626663,0.004676462,0.0050104903,0.0070744758,0.007579788,0.004676462,0.007579788,0.0061626663,0.004676462,0.0061626663,0.007579788,0.007579788,0.005368377,0.007579788,0.0070744758,0.007579788,0.007579788,0.0057518277,0.007579788,0.0066028503,0.004676462,0.004676462,0.0061626663,0.0061626663,0.005368377,0.0066028503,0.0070744758,0.004676462,0.005368377,0.004676462,0.004676462,0.0061626663,0.005368377,0.0057518277,0.0066028503,0.0057518277,0.004676462,0.0066028503,0.005368377,0.007579788,0.007579788,0.007579788,0.004676462,0.004676462,0.005368377,0.007579788,0.007579788,0.0066028503,0.004676462,0.0066028503,0.007579788,0.007579788,0.0057518277,1,2
0.005346171,0.005346171,0.0049897647,0.0049897647,0.008087601,0.007045212,0.006575538,0.0049897647,0.0049897647,0.008087601,0.0061371746,0.005346171,0.0049897647,0.006575538,0.008087601,0.007045212,0.005728035,0.006575538,0.0049897647,0.007045212,0.005346171,0.005728035,0.0061371746,0.0049897647,0.005346171,0.0075484347,0.005728035,0.005346171,0.0049897647,0.008087601,0.0075484347,0.005346171,0.0049897647,0.006575538,0.008087601,0.005346171,0.0061371746,0.006575538,0.005346171,0.007045212,0.0049897647,0.006575538,0.006575538,0.0049897647,0.008087601,0.006575538,0.005346171,0.005728035,0.0049897647,0.0075484347,0.0075484347,0.005346171,0.008087601,0.0049897647,0.008087601,0.0049897647,0.007045212,0.0049897647,0.0049897647,0.0075484347,0.0075484347,0.0061371746,0.006575538,0.005346171,0.007045212,0.005346171,0.005728035,0.0061371746,0.005728035,0.0075484347,0.0049897647,0.0049897647,0.005346171,0.005346171,0.008087601,0.0049897647,0.0061371746,0.0049897647,0.0049897647,0.006575538,0.005346171,0.005346171,0.006575538,0.006575538,0.008087601,0.0049897647,0.0049897647,0.005346171,0.0075484347,0.0061371746,0.0061371746,0.007045212,0.0049897647,0.008087601,0.008087601,0.0061371746,0.0049897647,0.0061371746,0.006575538,0.0075484347,0.0075484347,0.006575538,0.007045212,0.005346171,0.0075484347,0.008087601,0.0075484347,0.006575538,0.0049897647,0.008087601,0.008087601,0.006575538,0.0061371746,0.0061371746,0.007045212,0.006575538,0.007045212,0.0049897647,0.006575538,0.005728035,0.0061371746,0.0061371746,0.0049897647,0.0049897647,0.005728035,0.0049897647,0.005728035,0.007045212,0.008087601,0.0061371746,0.0075484347,0.0061371746,0.0049897647,0.0049897647,0.0061371746,0.007045212,0.005728035,0.007045212,0.0049897647,0.008087601,0.0061371746,0.006575538,0.0061371746,0.005728035,0.0075484347,0.0049897647,0.007045212,0.0049897647,0.0049897647,0.008087601,0.005728035,0.0061371746,0.007045212,0.006575538,0.008087601,0.008087601,0.006575538,0.0049897647,0.0061371746,0.0049897647,4,4
0.006155273,0.0070659886,0.0075706947,0.0075706947,0.005004479,0.006155273,0.0075706947,0.006155273,0.006594929,0.0075706947,0.0070659886,0.006594929,0.004670852,0.004670852,0.0075706947,0.0075706947,0.006155273,0.0053619365,0.0075706947,0.0053619365,0.0070659886,0.0070659886,0.006155273,0.0053619365,0.004670852,0.006594929,0.006594929,0.0053619365,0.0053619365,0.0075706947,0.005744927,0.005744927,0.006155273,0.005744927,0.004670852,0.0070659886,0.005744927,0.0075706947,0.006155273,0.0075706947,0.004670852,0.005744927,0.0075706947,0.0053619365,0.0075706947,0.0075706947,0.006594929,0.004670852,0.006594929,0.0075706947,0.0053619365,0.0075706947,0.004670852,0.006594929,0.004670852,0.006155273,0.005004479,0.0075706947,0.006155273,0.006594929,0.0070659886,0.005744927,0.005744927,0.0053619365,0.006594929,0.005004479,0.005744927,0.004670852,0.005744927,0.0075706947,0.0070659886,0.0075706947,0.005004479,0.004670852,0.0070659886,0.0075706947,0.006155273,0.005744927,0.005744927,0.006594929,0.0075706947,0.006594929,0.0075706947,0.0053619365,0.0075706947,0.0075706947,0.006594929,0.0075706947,0.006155273,0.0053619365,0.005744927,0.006594929,0.0075706947,0.004670852,0.0075706947,0.0070659886,0.004670852,0.005004479,0.005744927,0.005744927,0.0070659886,0.006594929,0.005004479,0.004670852,0.006594929,0.0070659886,0.005744927,0.004670852,0.004670852,0.0075706947,0.0075706947,0.0070659886,0.004670852,0.0070659886,0.006594929,0.005744927,0.006155273,0.0070659886,0.006155273,0.004670852,0.005744927,0.005744927,0.0075706947,0.0075706947,0.005004479,0.006155273,0.006155273,0.0053619365,0.005744927,0.006155273,0.006594929,0.006594929,0.006594929,0.006594929,0.0053619365,0.0075706947,0.0053619365,0.004670852,0.005744927,0.006155273,0.0075706947,0.0075706947,0.006155273,0.004670852,0.006594929,0.0053619365,0.0075706947,0.0070659886,0.0075706947,0.004670852,0.006594929,0.0053619365,0.006594929,0.0070659886,0.006594929,0.0075706947,0.006155273,0.0053619365,0.0053619365,0.004670852,2,0
0.004912645,0.004912645,0.0069363243,0.007962602,0.0056395046,0.006042321,0.004912645,0.0069363243,0.0074317693,0.007962602,0.0056395046,0.006042321,0.007962602,0.004912645,0.007962602,0.005263543,0.0056395046,0.006042321,0.007962602,0.004912645,0.005263543,0.0074317693,0.006473909,0.006473909,0.004912645,0.004912645,0.0056395046,0.006473909,0.006473909,0.004912645,0.004912645,0.0069363243,0.006042321,0.0074317693,0.007962602,0.007962602,0.005263543,0.007962602,0.004912645,0.0074317693,0.004912645,0.006042321,0.006042321,0.005263543,0.007962602,0.004912645,0.005263543,0.007962602,0.006042321,0.007962602,0.006473909,0.005263543,0.0069363243,0.004912645,0.0056395046,0.005263543,0.004912645,0.007962602,0.0069363243,0.006473909,0.005263543,0.0056395046,0.0069363243,0.004912645,0.0074317693,0.0056395046,0.006042321,0.004912645,0.004912645,0.006042321,0.005263543,0.0056395046,0.0056395046,0.0056395046,0.0074317693,0.004912645,0.005263543,0.007962602,0.006042321,0.0056395046,0.004912645,0.004912645,0.007962602,0.007962602,0.0074317693,0.004912645,0.004912645,0.007962602,0.0074317693,0.004912645,0.0069363243,0.0069363243,0.007962602,0.004912645,0.007962602,0.004912645,0.004912645,0.006473909,0.006042321,0.007962602,0.005263543,0.0074317693,0.0074317693,0.005263543,0.006473909,0.004912645,0.0056395046,0.007962602,0.004912645,0.007962602,0.004912645,0.004912645,0.0074317693,0.0056395046,0.006473909,0.0069363243,0.006473909,0.007962602,0.006473909,0.004912645,0.005263543,0.005263543,0.007962602,0.007962602,0.004912645,0.004912645,0.007962602,0.0069363243,0.007962602,0.0074317693,0.005263543,0.0056395046,0.0074317693,0.0074317693,0.005263543,0.0056395046,0.005263543,0.004912645,0.006473909,0.0056395046,0.004912645,0.006473909,0.0074317693,0.0056395046,0.0056395046,0.0056395046,0.0069363243,0.007962602,0.007962602,0.007962602,0.006473909,0.0056395046,0.0069363243,0.0074317693,0.0056395046,0.004912645,0.004912645,0.007962602,0.0069363243,0.005263543,3,2
0.00568629,0.0069938684,0.0049534,0.00802866,0.0065276166,0.0065276166,0.00802866,0.0049534,0.0049534,0.00802866,0.0065276166,0.00568629,0.0049534,0.0074934233,0.00802866,0.00568629,0.0060924483,0.0049534,0.0049534,0.00802866,0.0053072097,0.0074934233,0.0053072097,0.0049534,0.0065276166,0.00802866,0.00568629,0.0060924483,0.0049534,0.00802866,0.00802866,0.0060924483,0.0049534,0.0069938684,0.00802866,0.0069938684,0.0065276166,0.00568629,0.0065276166,0.0074934233,0.0053072097,0.0069938684,0.00802866,0.00568629,0.00802866,0.0065276166,0.0060924483,0.0049534,0.0049534,0.0069938684,0.0069938684,0.0060924483,0.0069938684,0.0049534,0.00802866,0.0049534,0.0065276166,0.0049534,0.0049534,0.0049534,0.00802866,0.0060924483,0.0049534,0.0049534,0.00802866,0.0069938684,0.00802866,0.0049534,0.0049534,0.0049534,0.00568629,0.0060924483,0.0049534,0.00568629,0.00802866,0.0049534,0.0065276166,0.0049534,0.00568629,0.0049534,0.0049534,0.0069938684,0.0065276166,0.0049534,0.0069938684,0.0049534,0.0049534,0.0053072097,0.0060924483,0.0060924483,0.0060924483,0.0069938684,0.0049534,0.00802866,0.00802866,0.0060924483,0.0049534,0.0060924483,0.0049534,0.00802866,0.0074934233,0.0065276166,0.0049534,0.0049534,0.0065276166,0.00802866,0.00802866,0.0049534,0.0049534,0.00802866,0.00802866,0.00802866,0.0060924483,0.0049534,0.0069938684,0.00568629,0.0069938684,0.0065276166,0.00568629,0.0049534,0.0049534,0.0053072097,0.0049534,0.0049534,0.0049534,0.0053072097,0.00802866,0.0049534,0.0053072097,0.0074934233,0.00802866,0.0074934233,0.0049534,0.00568629,0.0069938684,0.0074934233,0.00568629,0.0049534,0.0049534,0.0074934233,0.0069938684,0.0065276166,0.0060924483,0.00802866,0.0060924483,0.0053072097,0.00802866,0.00802866,0.00802866,0.00802866,0.0060924483,0.00568629,0.0049534,0.0049534,0.00802866,0.0074934233,0.0060924483,0.0053072097,0.00568629,0.0049534,3,4
0.0062518534,0.007176859,0.0076894844,0.0076894844,0.004744141,0.0062518534,0.0076894844,0.0058350693,0.006698408,0.0058350693,0.0062518534,0.0058350693,0.004744141,0.004744141,0.006698408,0.0054460694,0.0062518534,0.0058350693,0.0076894844,0.0062518534,0.007176859,0.007176859,0.0058350693,0.0062518534,0.004744141,0.006698408,0.0054460694,0.005083003,0.0062518534,0.007176859,0.0062518534,0.0054460694,0.007176859,0.0062518534,0.005083003,0.005083003,0.0058350693,0.0062518534,0.004744141,0.0054460694,0.004744141,0.006698408,0.0076894844,0.0058350693,0.006698408,0.0062518534,0.0062518534,0.0076894844,0.0076894844,0.006698408,0.0054460694,0.007176859,0.0076894844,0.0076894844,0.004744141,0.0076894844,0.006698408,0.0076894844,0.0076894844,0.0058350693,0.0076894844,0.006698408,0.005083003,0.004744141,0.0076894844,0.005083003,0.0058350693,0.005083003,0.0058350693,0.006698408,0.007176859,0.0062518534,0.0054460694,0.004744141,0.004744141,0.0076894844,0.0062518534,0.0076894844,0.006698408,0.0076894844,0.0058350693,0.004744141,0.0054460694,0.004744141,0.007176859,0.005083003,0.007176859,0.0076894844,0.0058350693,0.005083003,0.0076894844,0.006698408,0.0076894844,0.004744141,0.0076894844,0.005083003,0.0076894844,0.005083003,0.0062518534,0.004744141,0.007176859,0.0076894844,0.006698408,0.005083003,0.005083003,0.004744141,0.0058350693,0.0062518534,0.004744141,0.0058350693,0.0058350693,0.0076894844,0.004744141,0.0076894844,0.007176859,0.0054460694,0.006698408,0.0076894844,0.0076894844,0.0054460694,0.0054460694,0.0054460694,0.0076894844,0.0076894844,0.005083003,0.0058350693,0.007176859,0.0054460694,0.0062518534,0.0062518534,0.006698408,0.0058350693,0.006698408,0.007176859,0.0062518534,0.006698408,0.0054460694,0.004744141,0.006698408,0.0062518534,0.005083003,0.006698408,0.004744141,0.004744141,0.007176859,0.005083003,0.0076894844,0.0076894844,0.0076894844,0.004744141,0.004744141,0.0062518534,0.007176859,0.0076894844,0.0062518534,0.007176859,0.0062518534,0.0062518534,0.0054460694,0.004744141,2,2
0.005022051,0.0053807637,0.005022051,0.008139932,0.0053807637,0.0053807637,0.006618085,0.007090798,0.007597277,0.008139932,0.005765098,0.0053807637,0.005022051,0.008139932,0.006618085,0.0061768857,0.005765098,0.006618085,0.008139932,0.005022051,0.005022051,0.0061768857,0.0061768857,0.0061768857,0.005022051,0.0053807637,0.0061768857,0.006618085,0.006618085,0.007090798,0.008139932,0.005765098,0.005022051,0.0061768857,0.008139932,0.005765098,0.006618085,0.005022051,0.008139932,0.005765098,0.005022051,0.007090798,0.006618085,0.005765098,0.008139932,0.005022051,0.0053807637,0.005765098,0.007090798,0.005765098,0.0061768857,0.005022051,0.005022051,0.008139932,0.005765098,0.005022051,0.005765098,0.005022051,0.008139932,0.005022051,0.008139932,0.0053807637,0.0053807637,0.007090798,0.0061768857,0.005765098,0.006618085,0.005022051,0.008139932,0.005022051,0.005022051,0.005022051,0.005765098,0.005765098,0.008139932,0.005022051,0.0053807637,0.005022051,0.008139932,0.005022051,0.005022051,0.005022051,0.008139932,0.008139932,0.007090798,0.005022051,0.0053807637,0.007090798,0.007597277,0.0061768857,0.0061768857,0.0053807637,0.005022051,0.008139932,0.0053807637,0.005022051,0.005022051,0.005022051,0.008139932,0.007090798,0.0061768857,0.006618085,0.005022051,0.005022051,0.006618085,0.005022051,0.005765098,0.005022051,0.008139932,0.006618085,0.006618085,0.006618085,0.005022051,0.007090798,0.007597277,0.0061768857,0.0061768857,0.005765098,0.0061768857,0.005022051,0.005022051,0.0053807637,0.005022051,0.008139932,0.006618085,0.005022051,0.008139932,0.007090798,0.008139932,0.007090798,0.0061768857,0.0061768857,0.007597277,0.007597277,0.005765098,0.005765098,0.0053807637,0.005022051,0.007090798,0.005765098,0.005022051,0.0053807637,0.007597277,0.008139932,0.005765098,0.0053807637,0.008139932,0.008139932,0.008139932,0.008139932,0.005765098,0.005765098,0.007597277,0.008139932,0.005022051,0.0061768857,0.0061768857,0.005765098,0.005765098,0.0053807637,3,3
0.007056027,0.0075600217,0.0075600217,0.0075600217,0.0053543774,0.007056027,0.0075600217,0.0057368283,0.0065856315,0.004664267,0.0053543774,0.0057368283,0.004664267,0.004664267,0.004664267,0.0057368283,0.0061465953,0.0065856315,0.0075600217,0.0057368283,0.007056027,0.007056027,0.0061465953,0.0061465953,0.004664267,0.004664267,0.0053543774,0.0061465953,0.0061465953,0.004664267,0.004664267,0.0061465953,0.0075600217,0.0065856315,0.004664267,0.007056027,0.0061465953,0.0057368283,0.004664267,0.0075600217,0.004664267,0.0075600217,0.0075600217,0.0075600217,0.0065856315,0.0075600217,0.0065856315,0.0075600217,0.0075600217,0.007056027,0.0053543774,0.0075600217,0.0075600217,0.0075600217,0.004664267,0.0075600217,0.0065856315,0.0075600217,0.0075600217,0.0061465953,0.004664267,0.0065856315,0.004664267,0.004664267,0.0061465953,0.0061465953,0.0061465953,0.0057368283,0.0061465953,0.0061465953,0.0057368283,0.0075600217,0.004664267,0.0053543774,0.004664267,0.0065856315,0.0061465953,0.0075600217,0.0075600217,0.0075600217,0.0075600217,0.0049974243,0.004664267,0.004664267,0.004664267,0.0061465953,0.0075600217,0.0075600217,0.0057368283,0.0075600217,0.0075600217,0.0065856315,0.0075600217,0.004664267,0.0075600217,0.0075600217,0.0075600217,0.004664267,0.0061465953,0.004664267,0.0053543774,0.0075600217,0.0065856315,0.0049974243,0.0049974243,0.004664267,0.0061465953,0.0061465953,0.004664267,0.004664267,0.007056027,0.0075600217,0.0053543774,0.0075600217,0.007056027,0.004664267,0.0065856315,0.0075600217,0.0075600217,0.0053543774,0.0075600217,0.007056027,0.0075600217,0.0075600217,0.0075600217,0.0075600217,0.007056027,0.004664267,0.004664267,0.0065856315,0.0053543774,0.0053543774,0.0057368283,0.007056027,0.0057368283,0.0057368283,0.0049974243,0.004664267,0.0061465953,0.0053543774,0.0053543774,0.0061465953,0.0057368283,0.004664267,0.0065856315,0.0061465953,0.0075600217,0.0075600217,0.0075600217,0.004664267,0.004664267,0.0053543774,0.0075600217,0.0075600217,0.0065856315,0.004664267,0.007056027,0.0075600217,0.0075600217,0.0065856315,1,1
0.0049274936,0.0052794525,0.0060605844,0.007986669,0.0049274936,0.0052794525,0.0064934767,0.0069572898,0.007454232,0.007986669,0.007986669,0.0052794525,0.0052794525,0.007986669,0.007986669,0.0064934767,0.0049274936,0.0056565506,0.007986669,0.0052794525,0.0064934767,0.0069572898,0.0052794525,0.0049274936,0.0049274936,0.0060605844,0.0056565506,0.0052794525,0.0069572898,0.0056565506,0.0069572898,0.0052794525,0.0049274936,0.0056565506,0.007986669,0.0060605844,0.0064934767,0.0049274936,0.0060605844,0.0056565506,0.0052794525,0.007454232,0.0069572898,0.0056565506,0.007986669,0.007454232,0.0064934767,0.0060605844,0.007986669,0.0060605844,0.0064934767,0.0060605844,0.0060605844,0.007986669,0.007986669,0.0052794525,0.0064934767,0.0049274936,0.007986669,0.0052794525,0.0069572898,0.007454232,0.0052794525,0.0052794525,0.0060605844,0.0052794525,0.0056565506,0.0052794525,0.007454232,0.0064934767,0.0056565506,0.007986669,0.0052794525,0.0052794525,0.007986669,0.0049274936,0.0060605844,0.0049274936,0.0049274936,0.0052794525,0.0049274936,0.0052794525,0.007986669,0.007986669,0.007986669,0.0049274936,0.0052794525,0.0060605844,0.0060605844,0.0060605844,0.0060605844,0.0064934767,0.0049274936,0.007986669,0.0052794525,0.0056565506,0.0049274936,0.0056565506,0.0060605844,0.007986669,0.007454232,0.007986669,0.0052794525,0.0060605844,0.0052794525,0.0049274936,0.0056565506,0.0049274936,0.007986669,0.0052794525,0.0064934767,0.0069572898,0.0049274936,0.0069572898,0.0060605844,0.0060605844,0.0069572898,0.0064934767,0.0060605844,0.0049274936,0.0049274936,0.0056565506,0.0069572898,0.007454232,0.0064934767,0.0052794525,0.007986669,0.0069572898,0.007986669,0.0069572898,0.0060605844,0.0056565506,0.007454232,0.007454232,0.0052794525,0.0069572898,0.0052794525,0.0049274936,0.0064934767,0.007454232,0.0060605844,0.0060605844,0.0060605844,0.007986669,0.0056565506,0.0052794525,0.007986669,0.007986669,0.007986669,0.0060605844,0.0052794525,0.0056565506,0.0064934767,0.007454232,0.0049274936,0.0060605844,0.0056565506,0.0060605844,0.0064934767,0.0049274936,3,3
0.0070009716,0.008036815,0.008036815,0.008036815,0.007501034,0.0056920657,0.0049584312,0.0049584312,0.0049584312,0.008036815,0.0070009716,0.0060986364,0.0049584312,0.0053126,0.007501034,0.0053126,0.0065342467,0.0065342467,0.0049584312,0.0065342467,0.0056920657,0.0049584312,0.0065342467,0.0060986364,0.0049584312,0.008036815,0.0056920657,0.0053126,0.0049584312,0.008036815,0.008036815,0.0056920657,0.0049584312,0.0070009716,0.008036815,0.0060986364,0.0065342467,0.0065342467,0.0060986364,0.008036815,0.0049584312,0.0060986364,0.008036815,0.0060986364,0.008036815,0.0065342467,0.0060986364,0.0049584312,0.0049584312,0.0070009716,0.0065342467,0.0060986364,0.0056920657,0.0056920657,0.008036815,0.0049584312,0.0065342467,0.0049584312,0.0049584312,0.0060986364,0.008036815,0.0056920657,0.0060986364,0.0056920657,0.008036815,0.0053126,0.0065342467,0.0060986364,0.0053126,0.0060986364,0.0049584312,0.0049584312,0.0049584312,0.0053126,0.008036815,0.0065342467,0.0065342467,0.0049584312,0.0065342467,0.0049584312,0.0049584312,0.0060986364,0.0065342467,0.008036815,0.008036815,0.0049584312,0.0049584312,0.0053126,0.0070009716,0.0060986364,0.0060986364,0.0070009716,0.0049584312,0.008036815,0.008036815,0.0070009716,0.0049584312,0.0070009716,0.0049584312,0.008036815,0.0070009716,0.0070009716,0.0056920657,0.0049584312,0.007501034,0.008036815,0.008036815,0.0053126,0.0049584312,0.008036815,0.007501034,0.0070009716,0.0065342467,0.008036815,0.008036815,0.0060986364,0.0065342467,0.0049584312,0.0053126,0.0049584312,0.0049584312,0.0056920657,0.0049584312,0.0049584312,0.0056920657,0.0049584312,0.0056920657,0.0060986364,0.008036815,0.0049584312,0.0070009716,0.0056920657,0.007501034,0.0070009716,0.007501034,0.0070009716,0.0053126,0.0060986364,0.0060986364,0.008036815,0.0053126,0.0065342467,0.0065342467,0.0053126,0.0065342467,0.0049584312,0.0049584312,0.0049584312,0.0049584312,0.008036815,0.0060986364,0.0056920657,0.0049584312,0.0049584312,0.008036815,0.008036815,0.0060986364,0.0049584312,0.0049584312,0.0070009716,1,4
0.0061520683,0.0065914956,0.0075667533,0.0075667533,0.00466842,0.00706231,0.0075667533,0.0053591453,0.0065914956,0.00466842,0.0075667533,0.0065914956,0.00466842,0.00466842,0.0053591453,0.0075667533,0.0065914956,0.00466842,0.0075667533,0.005741936,0.00706231,0.00706231,0.0053591453,0.005741936,0.0050018737,0.0075667533,0.0053591453,0.0050018737,0.005741936,0.0075667533,0.00706231,0.005741936,0.0075667533,0.00706231,0.00466842,0.0061520683,0.0061520683,0.0061520683,0.00466842,0.0075667533,0.00466842,0.0061520683,0.0065914956,0.0061520683,0.0075667533,0.00706231,0.005741936,0.0075667533,0.0075667533,0.0075667533,0.0053591453,0.0075667533,0.0075667533,0.0075667533,0.00466842,0.0075667533,0.0061520683,0.0075667533,0.0075667533,0.0065914956,0.0075667533,0.005741936,0.0050018737,0.0053591453,0.0075667533,0.0050018737,0.005741936,0.0050018737,0.005741936,0.00706231,0.0075667533,0.0075667533,0.0050018737,0.00466842,0.00466842,0.0075667533,0.0061520683,0.00706231,0.0065914956,0.0075667533,0.0075667533,0.005741936,0.00466842,0.00466842,0.0075667533,0.0061520683,0.0053591453,0.0050018737,0.00466842,0.0075667533,0.0075667533,0.0065914956,0.0075667533,0.00466842,0.0075667533,0.00706231,0.00706231,0.00466842,0.00466842,0.0065914956,0.0061520683,0.00706231,0.0050018737,0.0053591453,0.00706231,0.00466842,0.005741936,0.0061520683,0.00466842,0.0065914956,0.00706231,0.0075667533,0.00466842,0.0075667533,0.0065914956,0.0075667533,0.0065914956,0.00466842,0.00466842,0.0075667533,0.005741936,0.005741936,0.0075667533,0.0075667533,0.0053591453,0.0075667533,0.0061520683,0.005741936,0.00706231,0.0061520683,0.0061520683,0.0053591453,0.0061520683,0.00706231,0.0075667533,0.0065914956,0.0061520683,0.00466842,0.0061520683,0.0061520683,0.0050018737,0.0065914956,0.0050018737,0.0050018737,0.00706231,0.0050018737,0.0075667533,0.0075667533,0.0075667533,0.00466842,0.0075667533,0.0053591453,0.00466842,0.00466842,0.0061520683,0.0075667533,0.0061520683,0.0061520683,0.0053591453,0.00466842,2,0
0.0050809644,0.0050809644,0.0076864003,0.0076864003,0.004742238,0.005443885,0.0076864003,0.0071739806,0.0076864003,0.0076864003,0.005832729,0.005832729,0.0071739806,0.004742238,0.0076864003,0.004742238,0.0071739806,0.006249346,0.0076864003,0.0050809644,0.0066957213,0.0071739806,0.005832729,0.006249346,0.004742238,0.004742238,0.005443885,0.006249346,0.0071739806,0.0050809644,0.0050809644,0.005443885,0.0071739806,0.0071739806,0.0076864003,0.005832729,0.005443885,0.0076864003,0.004742238,0.005832729,0.0050809644,0.0076864003,0.0076864003,0.005832729,0.0076864003,0.005832729,0.004742238,0.0076864003,0.0050809644,0.005832729,0.005443885,0.005832729,0.0076864003,0.004742238,0.005443885,0.0050809644,0.004742238,0.0076864003,0.005832729,0.005443885,0.0050809644,0.005443885,0.0071739806,0.0050809644,0.0066957213,0.006249346,0.006249346,0.004742238,0.005443885,0.0066957213,0.004742238,0.0076864003,0.005443885,0.0050809644,0.006249346,0.005443885,0.0050809644,0.0076864003,0.006249346,0.004742238,0.006249346,0.0071739806,0.0076864003,0.0076864003,0.0076864003,0.0076864003,0.005832729,0.0076864003,0.0076864003,0.0050809644,0.0066957213,0.0066957213,0.0076864003,0.004742238,0.0076864003,0.005832729,0.004742238,0.0076864003,0.0071739806,0.0066957213,0.0076864003,0.0076864003,0.0066957213,0.004742238,0.006249346,0.004742238,0.005443885,0.0076864003,0.004742238,0.0076864003,0.005832729,0.006249346,0.0071739806,0.0071739806,0.006249346,0.005832729,0.0066957213,0.0076864003,0.0071739806,0.0050809644,0.006249346,0.006249346,0.0076864003,0.0076864003,0.0050809644,0.0071739806,0.0071739806,0.005443885,0.006249346,0.0066957213,0.005832729,0.005443885,0.0071739806,0.0071739806,0.005832729,0.005832729,0.005832729,0.005443885,0.006249346,0.005443885,0.0050809644,0.0066957213,0.0071739806,0.005443885,0.005832729,0.0050809644,0.0076864003,0.0076864003,0.0076864003,0.0050809644,0.005443885,0.005443885,0.006249346,0.0071739806,0.004742238,0.005832729,0.005443885,0.0066957213,0.006249346,0.004742238,2,2
0.0070448755,0.007548074,0.007548074,0.007548074,0.0046568955,0.0070448755,0.007548074,0.0053459154,0.0065752235,0.0046568955,0.0057277614,0.006136881,0.0046568955,0.0046568955,0.0046568955,0.0057277614,0.0065752235,0.0065752235,0.007548074,0.006136881,0.0070448755,0.0070448755,0.006136881,0.0057277614,0.0046568955,0.0046568955,0.0053459154,0.006136881,0.006136881,0.0046568955,0.0046568955,0.0057277614,0.007548074,0.0065752235,0.0046568955,0.0070448755,0.0057277614,0.006136881,0.0046568955,0.0065752235,0.0046568955,0.007548074,0.007548074,0.007548074,0.0065752235,0.007548074,0.0065752235,0.007548074,0.007548074,0.0065752235,0.0053459154,0.007548074,0.007548074,0.007548074,0.0046568955,0.007548074,0.0065752235,0.007548074,0.007548074,0.006136881,0.0053459154,0.0070448755,0.0046568955,0.0046568955,0.007548074,0.006136881,0.006136881,0.0057277614,0.006136881,0.006136881,0.0053459154,0.007548074,0.0046568955,0.0049895262,0.0046568955,0.006136881,0.006136881,0.007548074,0.007548074,0.007548074,0.007548074,0.0049895262,0.0046568955,0.0046568955,0.0046568955,0.0070448755,0.007548074,0.007548074,0.0057277614,0.007548074,0.007548074,0.0065752235,0.007548074,0.0046568955,0.007548074,0.007548074,0.007548074,0.0046568955,0.006136881,0.0046568955,0.0053459154,0.007548074,0.0065752235,0.0049895262,0.0046568955,0.0046568955,0.006136881,0.006136881,0.0046568955,0.0046568955,0.0070448755,0.007548074,0.0053459154,0.007548074,0.0070448755,0.0046568955,0.0065752235,0.007548074,0.007548074,0.0053459154,0.007548074,0.0070448755,0.007548074,0.007548074,0.007548074,0.007548074,0.0070448755,0.0046568955,0.0046568955,0.0065752235,0.0057277614,0.0053459154,0.0049895262,0.006136881,0.006136881,0.006136881,0.0049895262,0.0046568955,0.0065752235,0.0053459154,0.0053459154,0.0065752235,0.0057277614,0.0046568955,0.0070448755,0.0065752235,0.007548074,0.007548074,0.007548074,0.0046568955,0.0046568955,0.0053459154,0.0070448755,0.0070448755,0.0065752235,0.0046568955,0.007548074,0.007548074,0.007548074,0.0070448755,1,1
0.0073410384,0.007865391,0.0063948724,0.004852669,0.005199283,0.0063948724,0.0068516424,0.004852669,0.0063948724,0.0068516424,0.0063948724,0.0059685535,0.004852669,0.0068516424,0.007865391,0.007865391,0.0068516424,0.005199283,0.004852669,0.0055706548,0.0068516424,0.0063948724,0.0055706548,0.004852669,0.004852669,0.0073410384,0.0055706548,0.0063948724,0.005199283,0.007865391,0.007865391,0.0059685535,0.004852669,0.0068516424,0.007865391,0.0063948724,0.0063948724,0.0059685535,0.0055706548,0.0068516424,0.005199283,0.0063948724,0.007865391,0.0063948724,0.007865391,0.0073410384,0.0063948724,0.004852669,0.004852669,0.0063948724,0.0073410384,0.0059685535,0.004852669,0.004852669,0.007865391,0.004852669,0.0063948724,0.004852669,0.004852669,0.004852669,0.007865391,0.0059685535,0.005199283,0.0059685535,0.0073410384,0.0068516424,0.007865391,0.0055706548,0.004852669,0.004852669,0.0073410384,0.0059685535,0.005199283,0.0055706548,0.007865391,0.0063948724,0.0063948724,0.004852669,0.0059685535,0.004852669,0.0063948724,0.0063948724,0.0059685535,0.004852669,0.0055706548,0.004852669,0.004852669,0.005199283,0.0063948724,0.0059685535,0.0059685535,0.0068516424,0.004852669,0.007865391,0.007865391,0.0059685535,0.004852669,0.0059685535,0.0059685535,0.007865391,0.007865391,0.0068516424,0.004852669,0.004852669,0.0063948724,0.007865391,0.007865391,0.004852669,0.004852669,0.007865391,0.007865391,0.007865391,0.0063948724,0.004852669,0.0055706548,0.0073410384,0.0063948724,0.004852669,0.0055706548,0.004852669,0.007865391,0.005199283,0.004852669,0.004852669,0.0055706548,0.0068516424,0.004852669,0.004852669,0.0073410384,0.0063948724,0.007865391,0.0055706548,0.0068516424,0.0059685535,0.0068516424,0.007865391,0.0063948724,0.0068516424,0.0063948724,0.007865391,0.007865391,0.0063948724,0.0055706548,0.007865391,0.0055706548,0.0068516424,0.007865391,0.007865391,0.007865391,0.0073410384,0.0068516424,0.0055706548,0.004852669,0.007865391,0.0073410384,0.007865391,0.0059685535,0.005199283,0.0055706548,0.004852669,1,0
0.006461366,0.00741737,0.004903127,0.007947175,0.0056285784,0.006461366,0.006461366,0.004903127,0.004903127,0.007947175,0.007947175,0.0069228853,0.004903127,0.00741737,0.007947175,0.0069228853,0.0069228853,0.0052533452,0.004903127,0.0052533452,0.0069228853,0.00741737,0.004903127,0.004903127,0.006461366,0.00741737,0.0056285784,0.004903127,0.0056285784,0.0056285784,0.007947175,0.006461366,0.004903127,0.0052533452,0.007947175,0.0060306145,0.0056285784,0.006461366,0.004903127,0.0056285784,0.004903127,0.00741737,0.00741737,0.0056285784,0.007947175,0.00741737,0.006461366,0.0056285784,0.004903127,0.0069228853,0.0069228853,0.0060306145,0.007947175,0.004903127,0.0056285784,0.004903127,0.006461366,0.0056285784,0.004903127,0.004903127,0.0069228853,0.0069228853,0.006461366,0.004903127,0.00741737,0.006461366,0.0056285784,0.0060306145,0.007947175,0.004903127,0.004903127,0.0069228853,0.0056285784,0.0056285784,0.007947175,0.006461366,0.006461366,0.004903127,0.0052533452,0.004903127,0.0060306145,0.0060306145,0.00741737,0.0052533452,0.004903127,0.004903127,0.004903127,0.0052533452,0.0069228853,0.0060306145,0.0060306145,0.0069228853,0.004903127,0.007947175,0.007947175,0.0069228853,0.004903127,0.0056285784,0.004903127,0.007947175,0.007947175,0.00741737,0.0060306145,0.004903127,0.006461366,0.007947175,0.00741737,0.006461366,0.004903127,0.007947175,0.007947175,0.006461366,0.0060306145,0.004903127,0.006461366,0.00741737,0.0069228853,0.004903127,0.0052533452,0.0052533452,0.0056285784,0.0052533452,0.0056285784,0.004903127,0.004903127,0.004903127,0.007947175,0.004903127,0.0056285784,0.007947175,0.00741737,0.00741737,0.004903127,0.006461366,0.004903127,0.0069228853,0.0052533452,0.0069228853,0.006461366,0.007947175,0.00741737,0.0069228853,0.0056285784,0.006461366,0.006461366,0.0052533452,0.007947175,0.007947175,0.007947175,0.006461366,0.0060306145,0.0056285784,0.006461366,0.00741737,0.007947175,0.00741737,0.006461366,0.0056285784,0.006461366,0.0052533452,3,1
0.0058055706,0.006220248,0.007650611,0.007650611,0.0047201575,0.006220248,0.007650611,0.006664545,0.007650611,0.007650611,0.006664545,0.006220248,0.0047201575,0.005418537,0.006664545,0.0071405773,0.006220248,0.0058055706,0.007650611,0.005418537,0.007650611,0.0071405773,0.0047201575,0.0050573065,0.0050573065,0.007650611,0.006664545,0.0050573065,0.0050573065,0.006664545,0.007650611,0.0058055706,0.0058055706,0.006220248,0.007650611,0.005418537,0.0047201575,0.007650611,0.0047201575,0.005418537,0.0047201575,0.006220248,0.007650611,0.006220248,0.007650611,0.0047201575,0.0047201575,0.007650611,0.0058055706,0.005418537,0.006664545,0.0058055706,0.005418537,0.0047201575,0.005418537,0.0050573065,0.0058055706,0.0058055706,0.006664545,0.0047201575,0.006664545,0.006664545,0.006220248,0.0047201575,0.006664545,0.0050573065,0.005418537,0.005418537,0.006664545,0.006220248,0.007650611,0.007650611,0.005418537,0.0050573065,0.006664545,0.006664545,0.006220248,0.006664545,0.0047201575,0.005418537,0.006664545,0.006664545,0.007650611,0.007650611,0.006664545,0.0047201575,0.005418537,0.007650611,0.0071405773,0.0058055706,0.007650611,0.006664545,0.005418537,0.0047201575,0.007650611,0.006220248,0.0047201575,0.007650611,0.0058055706,0.007650611,0.0071405773,0.006664545,0.007650611,0.0058055706,0.006220248,0.006220248,0.005418537,0.006664545,0.006664545,0.007650611,0.006664545,0.007650611,0.006220248,0.007650611,0.006220248,0.005418537,0.006664545,0.007650611,0.0058055706,0.0047201575,0.0047201575,0.0050573065,0.007650611,0.007650611,0.0050573065,0.006220248,0.006664545,0.006220248,0.007650611,0.006220248,0.006220248,0.005418537,0.0071405773,0.0071405773,0.0058055706,0.006664545,0.006220248,0.0050573065,0.006664545,0.005418537,0.006664545,0.006220248,0.006220248,0.005418537,0.0058055706,0.0058055706,0.007650611,0.007650611,0.007650611,0.0050573065,0.005418537,0.005418537,0.006220248,0.006664545,0.006220248,0.007650611,0.006220248,0.0058055706,0.005418537,0.0047201575,2,2
0.007264737,0.007264737,0.007264737,0.004802231,0.004802231,0.006328405,0.0077836392,0.0067804274,0.0077836392,0.0059065176,0.007264737,0.006328405,0.0051452424,0.0077836392,0.006328405,0.007264737,0.0067804274,0.0059065176,0.0051452424,0.0051452424,0.0077836392,0.0055127544,0.0051452424,0.004802231,0.004802231,0.0077836392,0.0055127544,0.0059065176,0.004802231,0.0077836392,0.0077836392,0.0055127544,0.004802231,0.0067804274,0.0077836392,0.0059065176,0.0055127544,0.0067804274,0.0059065176,0.0077836392,0.004802231,0.0055127544,0.0055127544,0.0051452424,0.007264737,0.0077836392,0.0051452424,0.004802231,0.004802231,0.006328405,0.0077836392,0.0059065176,0.0055127544,0.0051452424,0.0077836392,0.0051452424,0.006328405,0.0055127544,0.004802231,0.004802231,0.0077836392,0.007264737,0.0051452424,0.0055127544,0.0067804274,0.0051452424,0.0067804274,0.0059065176,0.0077836392,0.0055127544,0.0077836392,0.0077836392,0.0055127544,0.0055127544,0.0067804274,0.0077836392,0.006328405,0.004802231,0.004802231,0.004802231,0.0059065176,0.0055127544,0.0077836392,0.007264737,0.006328405,0.004802231,0.004802231,0.0051452424,0.007264737,0.0059065176,0.0059065176,0.0067804274,0.004802231,0.0077836392,0.0077836392,0.0067804274,0.004802231,0.0059065176,0.004802231,0.0077836392,0.0077836392,0.0067804274,0.0051452424,0.0051452424,0.007264737,0.0077836392,0.006328405,0.004802231,0.0077836392,0.0077836392,0.0077836392,0.0077836392,0.006328405,0.004802231,0.006328405,0.0077836392,0.006328405,0.004802231,0.0051452424,0.004802231,0.0077836392,0.0051452424,0.0051452424,0.004802231,0.0059065176,0.0077836392,0.004802231,0.004802231,0.004802231,0.0067804274,0.0077836392,0.0055127544,0.0067804274,0.006328405,0.007264737,0.007264737,0.0059065176,0.0077836392,0.006328405,0.007264737,0.0077836392,0.0067804274,0.0059065176,0.0059065176,0.0055127544,0.007264737,0.0077836392,0.0051452424,0.0077836392,0.0055127544,0.0067804274,0.0055127544,0.0055127544,0.0067804274,0.0077836392,0.0077836392,0.0059065176,0.0051452424,0.0055127544,0.004802231,6,0
0.0062308116,0.0062308116,0.007663604,0.007663604,0.0047281734,0.007152704,0.007663604,0.006675863,0.007152704,0.00581543,0.007152704,0.006675863,0.0047281734,0.0047281734,0.0047281734,0.007663604,0.006675863,0.005065895,0.007663604,0.006675863,0.007663604,0.007152704,0.0047281734,0.005065895,0.0047281734,0.007663604,0.0054277396,0.0047281734,0.0047281734,0.0062308116,0.006675863,0.0062308116,0.00581543,0.0062308116,0.00581543,0.007152704,0.00581543,0.007663604,0.0047281734,0.006675863,0.0047281734,0.0062308116,0.006675863,0.0047281734,0.007663604,0.007152704,0.0047281734,0.006675863,0.006675863,0.0062308116,0.00581543,0.0062308116,0.005065895,0.0054277396,0.0054277396,0.007663604,0.0047281734,0.007663604,0.0062308116,0.0047281734,0.007663604,0.00581543,0.0047281734,0.0047281734,0.007663604,0.0054277396,0.0062308116,0.0054277396,0.0054277396,0.00581543,0.007663604,0.007663604,0.00581543,0.0054277396,0.0047281734,0.007663604,0.005065895,0.007663604,0.007663604,0.00581543,0.00581543,0.00581543,0.0062308116,0.007152704,0.0047281734,0.0062308116,0.007152704,0.007663604,0.007152704,0.0047281734,0.0062308116,0.006675863,0.007663604,0.0047281734,0.007663604,0.00581543,0.005065895,0.007663604,0.0062308116,0.007152704,0.007663604,0.006675863,0.005065895,0.0047281734,0.005065895,0.0047281734,0.0054277396,0.006675863,0.0047281734,0.007663604,0.007663604,0.007663604,0.0062308116,0.00581543,0.0062308116,0.007663604,0.007152704,0.0054277396,0.005065895,0.0062308116,0.007152704,0.0062308116,0.007663604,0.007663604,0.0054277396,0.007152704,0.006675863,0.00581543,0.007663604,0.0062308116,0.007663604,0.0054277396,0.006675863,0.007152704,0.00581543,0.006675863,0.0054277396,0.0054277396,0.007663604,0.00581543,0.0054277396,0.00581543,0.0062308116,0.0054277396,0.0054277396,0.0062308116,0.007663604,0.007663604,0.007663604,0.0047281734,0.0047281734,0.0054277396,0.006675863,0.007152704,0.006675863,0.007663604,0.0062308116,0.0062308116,0.0054277396,0.0047281734,2,0
0.007521152,0.007521152,0.007521152,0.007521152,0.006114993,0.0065517714,0.007521152,0.0057073324,0.0065517714,0.0057073324,0.0065517714,0.0065517714,0.004640286,0.004640286,0.006114993,0.0065517714,0.0065517714,0.006114993,0.007521152,0.0057073324,0.0070197484,0.0070197484,0.0057073324,0.0057073324,0.005326848,0.0057073324,0.005326848,0.006114993,0.0057073324,0.006114993,0.0065517714,0.0057073324,0.007521152,0.006114993,0.004640286,0.0070197484,0.006114993,0.0057073324,0.004640286,0.007521152,0.007521152,0.005326848,0.00497173,0.004640286,0.004640286,0.007521152,0.0070197484,0.007521152,0.007521152,0.0070197484,0.005326848,0.007521152,0.007521152,0.007521152,0.004640286,0.007521152,0.0065517714,0.007521152,0.007521152,0.006114993,0.006114993,0.0070197484,0.004640286,0.004640286,0.007521152,0.00497173,0.006114993,0.004640286,0.005326848,0.0065517714,0.0057073324,0.007521152,0.004640286,0.004640286,0.004640286,0.007521152,0.006114993,0.007521152,0.007521152,0.007521152,0.007521152,0.005326848,0.004640286,0.004640286,0.004640286,0.007521152,0.007521152,0.007521152,0.0057073324,0.007521152,0.007521152,0.0065517714,0.007521152,0.004640286,0.007521152,0.007521152,0.007521152,0.004640286,0.006114993,0.004640286,0.0057073324,0.007521152,0.0065517714,0.00497173,0.0065517714,0.004640286,0.0057073324,0.0057073324,0.004640286,0.0057073324,0.0065517714,0.007521152,0.0057073324,0.007521152,0.0070197484,0.0070197484,0.0065517714,0.0070197484,0.0065517714,0.004640286,0.007521152,0.0065517714,0.007521152,0.007521152,0.0065517714,0.007521152,0.0070197484,0.004640286,0.004640286,0.0065517714,0.0065517714,0.005326848,0.0065517714,0.0070197484,0.006114993,0.005326848,0.005326848,0.004640286,0.0065517714,0.005326848,0.005326848,0.0065517714,0.006114993,0.00497173,0.0065517714,0.0057073324,0.007521152,0.007521152,0.007521152,0.004640286,0.004640286,0.005326848,0.007521152,0.007521152,0.0065517714,0.007521152,0.004640286,0.0057073324,0.005326848,0.004640286,0,0
0.008050398,0.0065452904,0.0049668117,0.0049668117,0.006108944,0.008050398,0.0049668117,0.0057016863,0.0049668117,0.008050398,0.007513712,0.005321579,0.0049668117,0.008050398,0.008050398,0.008050398,0.006108944,0.005321579,0.0049668117,0.0057016863,0.008050398,0.0049668117,0.0057016863,0.0049668117,0.0049668117,0.008050398,0.0057016863,0.0057016863,0.006108944,0.006108944,0.007513712,0.0057016863,0.0049668117,0.005321579,0.008050398,0.0057016863,0.006108944,0.0049668117,0.008050398,0.006108944,0.0049668117,0.007513712,0.0070128045,0.0057016863,0.008050398,0.008050398,0.006108944,0.0065452904,0.008050398,0.0065452904,0.007513712,0.006108944,0.005321579,0.006108944,0.006108944,0.0049668117,0.006108944,0.0049668117,0.0049668117,0.0049668117,0.0070128045,0.006108944,0.0049668117,0.005321579,0.0057016863,0.007513712,0.008050398,0.0049668117,0.0049668117,0.0049668117,0.007513712,0.0070128045,0.0049668117,0.005321579,0.006108944,0.0049668117,0.0057016863,0.0049668117,0.0065452904,0.0049668117,0.008050398,0.0065452904,0.008050398,0.0049668117,0.008050398,0.0049668117,0.0057016863,0.0065452904,0.0065452904,0.0070128045,0.006108944,0.0065452904,0.0049668117,0.008050398,0.005321579,0.006108944,0.0049668117,0.0070128045,0.006108944,0.007513712,0.007513712,0.0070128045,0.0049668117,0.0049668117,0.0057016863,0.008050398,0.0065452904,0.0049668117,0.008050398,0.008050398,0.008050398,0.008050398,0.006108944,0.0049668117,0.0070128045,0.006108944,0.0070128045,0.005321579,0.006108944,0.0049668117,0.008050398,0.005321579,0.0049668117,0.0049668117,0.007513712,0.008050398,0.0049668117,0.0049668117,0.0049668117,0.008050398,0.008050398,0.007513712,0.0049668117,0.0057016863,0.0049668117,0.006108944,0.0049668117,0.0049668117,0.0065452904,0.006108944,0.008050398,0.0057016863,0.006108944,0.006108944,0.0065452904,0.0065452904,0.0070128045,0.008050398,0.008050398,0.0049668117,0.0057016863,0.0057016863,0.0065452904,0.007513712,0.006108944,0.0057016863,0.0049668117,0.005321579,0.0070128045,0.005321579,0,0
0.0069980435,0.0074978964,0.0074978964,0.0074978964,0.006096085,0.0069980435,0.0074978964,0.006096085,0.0065315133,0.004625938,0.006096085,0.0056896852,0.004625938,0.004625938,0.004625938,0.006096085,0.006096085,0.006096085,0.0074978964,0.0056896852,0.0069980435,0.0069980435,0.0056896852,0.0056896852,0.004625938,0.0053103776,0.0053103776,0.006096085,0.006096085,0.0056896852,0.0065315133,0.006096085,0.0074978964,0.006096085,0.004625938,0.0069980435,0.0056896852,0.006096085,0.004956357,0.0074978964,0.004625938,0.0074978964,0.0074978964,0.0074978964,0.0065315133,0.0074978964,0.0065315133,0.0074978964,0.0074978964,0.0069980435,0.0053103776,0.0074978964,0.0074978964,0.0074978964,0.004625938,0.0074978964,0.0065315133,0.0074978964,0.0074978964,0.0056896852,0.0053103776,0.0053103776,0.004625938,0.004625938,0.0074978964,0.006096085,0.006096085,0.004956357,0.0056896852,0.004956357,0.006096085,0.0074978964,0.004625938,0.0053103776,0.004625938,0.006096085,0.006096085,0.0074978964,0.0074978964,0.0074978964,0.0074978964,0.004625938,0.004625938,0.004625938,0.004625938,0.0074978964,0.0074978964,0.0074978964,0.0056896852,0.0074978964,0.0074978964,0.0065315133,0.0074978964,0.004625938,0.0074978964,0.0074978964,0.0074978964,0.004625938,0.006096085,0.004625938,0.0053103776,0.0074978964,0.0065315133,0.004956357,0.0065315133,0.004625938,0.0056896852,0.006096085,0.004625938,0.0056896852,0.0069980435,0.0074978964,0.0053103776,0.0074978964,0.006096085,0.004956357,0.0069980435,0.0074978964,0.0074978964,0.006096085,0.0074978964,0.006096085,0.0074978964,0.0074978964,0.0074978964,0.0074978964,0.0065315133,0.004625938,0.004625938,0.0065315133,0.0069980435,0.0053103776,0.006096085,0.0065315133,0.0069980435,0.0069980435,0.004956357,0.004625938,0.006096085,0.0056896852,0.0053103776,0.006096085,0.0056896852,0.004625938,0.0065315133,0.006096085,0.0074978964,0.0074978964,0.0074978964,0.004625938,0.004956357,0.0053103776,0.0069980435,0.0074978964,0.0065315133,0.004625938,0.0065315133,0.0074978964,0.0074978964,0.0053103776,1,2
0.004898109,0.0052479687,0.0060244426,0.007939042,0.0052479687,0.0052479687,0.0060244426,0.0069158003,0.0074097794,0.007939042,0.0074097794,0.0052479687,0.0052479687,0.007939042,0.0069158003,0.0052479687,0.0069158003,0.006454753,0.007939042,0.004898109,0.006454753,0.0074097794,0.0060244426,0.0069158003,0.004898109,0.004898109,0.005622818,0.006454753,0.0074097794,0.004898109,0.0052479687,0.005622818,0.005622818,0.0069158003,0.007939042,0.006454753,0.005622818,0.004898109,0.0060244426,0.0060244426,0.0060244426,0.0074097794,0.0074097794,0.005622818,0.007939042,0.0069158003,0.0060244426,0.007939042,0.007939042,0.0060244426,0.006454753,0.0060244426,0.007939042,0.007939042,0.005622818,0.004898109,0.0060244426,0.004898109,0.007939042,0.004898109,0.0052479687,0.0060244426,0.0060244426,0.006454753,0.004898109,0.0052479687,0.0060244426,0.0052479687,0.0069158003,0.006454753,0.004898109,0.0069158003,0.0052479687,0.0052479687,0.007939042,0.004898109,0.0052479687,0.004898109,0.0069158003,0.004898109,0.004898109,0.004898109,0.007939042,0.007939042,0.0069158003,0.004898109,0.005622818,0.007939042,0.007939042,0.0060244426,0.0060244426,0.004898109,0.004898109,0.007939042,0.005622818,0.004898109,0.004898109,0.0069158003,0.007939042,0.0074097794,0.0074097794,0.007939042,0.0060244426,0.0060244426,0.0069158003,0.004898109,0.005622818,0.004898109,0.007939042,0.0074097794,0.004898109,0.004898109,0.0074097794,0.0074097794,0.0052479687,0.0060244426,0.006454753,0.0069158003,0.006454753,0.004898109,0.004898109,0.0052479687,0.007939042,0.007939042,0.0052479687,0.004898109,0.007939042,0.006454753,0.007939042,0.0074097794,0.004898109,0.005622818,0.0074097794,0.0074097794,0.004898109,0.005622818,0.0052479687,0.0052479687,0.0069158003,0.006454753,0.0052479687,0.0052479687,0.0074097794,0.0074097794,0.005622818,0.0052479687,0.007939042,0.007939042,0.007939042,0.006454753,0.0060244426,0.005622818,0.0069158003,0.0074097794,0.004898109,0.0052479687,0.004898109,0.0069158003,0.0069158003,0.004898109,3,3
0.006220467,0.0066647795,0.00765088,0.00765088,0.0047203233,0.0066647795,0.00765088,0.0066647795,0.0071408283,0.0066647795,0.006220467,0.005805775,0.0047203233,0.0047203233,0.005418728,0.0071408283,0.006220467,0.005418728,0.00765088,0.005805775,0.0071408283,0.0071408283,0.005805775,0.005418728,0.0047203233,0.00765088,0.005418728,0.005418728,0.005418728,0.00765088,0.006220467,0.005418728,0.00765088,0.0066647795,0.0047203233,0.0050574844,0.005805775,0.006220467,0.0047203233,0.005805775,0.0047203233,0.006220467,0.00765088,0.0071408283,0.006220467,0.0071408283,0.005805775,0.00765088,0.00765088,0.00765088,0.005418728,0.00765088,0.00765088,0.00765088,0.0047203233,0.00765088,0.006220467,0.00765088,0.00765088,0.0066647795,0.00765088,0.005805775,0.0050574844,0.0050574844,0.00765088,0.0050574844,0.006220467,0.0047203233,0.005418728,0.005805775,0.005418728,0.00765088,0.0047203233,0.0050574844,0.0071408283,0.00765088,0.006220467,0.00765088,0.00765088,0.00765088,0.005805775,0.0047203233,0.0047203233,0.0047203233,0.0050574844,0.0050574844,0.0066647795,0.0066647795,0.0050574844,0.00765088,0.00765088,0.0066647795,0.00765088,0.0047203233,0.00765088,0.005805775,0.00765088,0.0047203233,0.006220467,0.005418728,0.005418728,0.006220467,0.0071408283,0.006220467,0.0071408283,0.0047203233,0.005418728,0.005418728,0.0047203233,0.0071408283,0.00765088,0.00765088,0.0047203233,0.0066647795,0.00765088,0.0047203233,0.0066647795,0.00765088,0.00765088,0.005418728,0.005418728,0.005418728,0.00765088,0.00765088,0.0050574844,0.005805775,0.0066647795,0.005805775,0.006220467,0.006220467,0.00765088,0.005805775,0.005418728,0.0066647795,0.005805775,0.0071408283,0.006220467,0.0047203233,0.006220467,0.005418728,0.005805775,0.005805775,0.0050574844,0.0047203233,0.006220467,0.0050574844,0.00765088,0.00765088,0.00765088,0.0047203233,0.0047203233,0.005418728,0.00765088,0.00765088,0.005805775,0.00765088,0.006220467,0.006220467,0.005418728,0.0047203233,2,1
0.005949879,0.0078407815,0.004837486,0.0073180697,0.004837486,0.0073180697,0.0078407815,0.0068302047,0.0078407815,0.006374864,0.0068302047,0.0068302047,0.0055532255,0.004837486,0.0073180697,0.0073180697,0.0073180697,0.0055532255,0.0078407815,0.005949879,0.0078407815,0.0073180697,0.005949879,0.005949879,0.0051830155,0.0073180697,0.0055532255,0.004837486,0.004837486,0.0078407815,0.0078407815,0.0055532255,0.004837486,0.0051830155,0.0078407815,0.005949879,0.0051830155,0.005949879,0.004837486,0.0068302047,0.004837486,0.0055532255,0.0073180697,0.0068302047,0.0078407815,0.0068302047,0.0068302047,0.004837486,0.004837486,0.006374864,0.006374864,0.0068302047,0.0051830155,0.004837486,0.0055532255,0.0078407815,0.004837486,0.0051830155,0.004837486,0.0078407815,0.0078407815,0.005949879,0.004837486,0.004837486,0.0078407815,0.0051830155,0.005949879,0.0055532255,0.005949879,0.0073180697,0.0078407815,0.0078407815,0.0055532255,0.0055532255,0.005949879,0.0078407815,0.006374864,0.004837486,0.004837486,0.005949879,0.0055532255,0.0055532255,0.0055532255,0.005949879,0.0078407815,0.0055532255,0.0051830155,0.0051830155,0.0055532255,0.0068302047,0.005949879,0.0068302047,0.0051830155,0.004837486,0.0078407815,0.005949879,0.004837486,0.0055532255,0.004837486,0.0078407815,0.0068302047,0.0073180697,0.0073180697,0.0055532255,0.006374864,0.0051830155,0.0055532255,0.004837486,0.004837486,0.0078407815,0.005949879,0.0078407815,0.004837486,0.0073180697,0.006374864,0.0078407815,0.0068302047,0.004837486,0.0051830155,0.004837486,0.0055532255,0.0055532255,0.004837486,0.0078407815,0.0055532255,0.0078407815,0.0078407815,0.0055532255,0.0078407815,0.0078407815,0.0078407815,0.0055532255,0.006374864,0.005949879,0.0078407815,0.0068302047,0.0055532255,0.005949879,0.0078407815,0.006374864,0.005949879,0.0068302047,0.005949879,0.0051830155,0.0068302047,0.0078407815,0.0078407815,0.004837486,0.0078407815,0.004837486,0.005949879,0.0055532255,0.006374864,0.0068302047,0.0078407815,0.0078407815,0.005949879,0.004837486,0.0055532255,0.004837486,1,1
0.004907207,0.006466743,0.004907207,0.007953788,0.005257717,0.006466743,0.007953788,0.0069286465,0.007953788,0.006466743,0.007953788,0.0069286465,0.0056332625,0.005257717,0.0056332625,0.007953788,0.0069286465,0.0056332625,0.007953788,0.006035633,0.007953788,0.007423543,0.004907207,0.004907207,0.004907207,0.007953788,0.0056332625,0.005257717,0.004907207,0.007953788,0.007953788,0.0056332625,0.004907207,0.006466743,0.007953788,0.005257717,0.0056332625,0.005257717,0.004907207,0.006035633,0.004907207,0.006466743,0.006035633,0.005257717,0.007953788,0.006035633,0.006035633,0.004907207,0.0056332625,0.006035633,0.006466743,0.005257717,0.004907207,0.007953788,0.0069286465,0.004907207,0.006466743,0.006035633,0.004907207,0.004907207,0.007953788,0.006466743,0.006466743,0.006035633,0.007423543,0.005257717,0.006466743,0.004907207,0.007423543,0.0069286465,0.007423543,0.007953788,0.0056332625,0.0056332625,0.004907207,0.0056332625,0.006035633,0.004907207,0.005257717,0.0056332625,0.004907207,0.0056332625,0.007423543,0.007423543,0.0056332625,0.004907207,0.004907207,0.005257717,0.007423543,0.006035633,0.006035633,0.0069286465,0.004907207,0.007953788,0.007953788,0.006035633,0.004907207,0.006466743,0.006466743,0.007953788,0.0069286465,0.006035633,0.007423543,0.005257717,0.006466743,0.0056332625,0.0056332625,0.004907207,0.007953788,0.006035633,0.007953788,0.0069286465,0.006035633,0.007423543,0.006466743,0.0069286465,0.006466743,0.0056332625,0.006466743,0.004907207,0.005257717,0.005257717,0.0069286465,0.007953788,0.004907207,0.006466743,0.007423543,0.006035633,0.006466743,0.005257717,0.0056332625,0.0056332625,0.0069286465,0.0069286465,0.007423543,0.0069286465,0.005257717,0.004907207,0.006466743,0.006466743,0.006035633,0.006466743,0.006035633,0.006466743,0.0056332625,0.006035633,0.007953788,0.007953788,0.007953788,0.004907207,0.005257717,0.0056332625,0.0069286465,0.007423543,0.0069286465,0.007953788,0.006466743,0.004907207,0.0056332625,0.004907207,3,3
0.0049762772,0.00533172,0.006120586,0.00806574,0.0049762772,0.00533172,0.00533172,0.007026169,0.007528031,0.00806574,0.005712552,0.00533172,0.0049762772,0.00806574,0.007026169,0.0049762772,0.006557764,0.006557764,0.00806574,0.0049762772,0.0049762772,0.007528031,0.006120586,0.006557764,0.0049762772,0.006557764,0.005712552,0.006557764,0.006557764,0.00533172,0.007026169,0.006557764,0.006120586,0.007528031,0.00806574,0.005712552,0.006120586,0.005712552,0.005712552,0.005712552,0.0049762772,0.007026169,0.007528031,0.006120586,0.00806574,0.0049762772,0.00533172,0.0049762772,0.007528031,0.006120586,0.005712552,0.00533172,0.005712552,0.00806574,0.005712552,0.0049762772,0.005712552,0.00533172,0.007026169,0.005712552,0.006120586,0.005712552,0.005712552,0.007528031,0.005712552,0.00533172,0.006120586,0.0049762772,0.00806574,0.00533172,0.0049762772,0.00533172,0.005712552,0.005712552,0.007026169,0.0049762772,0.00533172,0.00533172,0.006557764,0.0049762772,0.0049762772,0.0049762772,0.00806574,0.00806574,0.007026169,0.0049762772,0.00533172,0.006557764,0.006557764,0.006120586,0.006557764,0.00533172,0.00533172,0.00806574,0.005712552,0.00533172,0.0049762772,0.006120586,0.00806574,0.006557764,0.006120586,0.006557764,0.0049762772,0.006120586,0.007026169,0.0049762772,0.005712552,0.007528031,0.007026169,0.007528031,0.007528031,0.007026169,0.006120586,0.00806574,0.006557764,0.006120586,0.007026169,0.006557764,0.006557764,0.0049762772,0.005712552,0.00533172,0.007026169,0.00806574,0.00533172,0.0049762772,0.00806574,0.007026169,0.00806574,0.007528031,0.006120586,0.005712552,0.007528031,0.007528031,0.00533172,0.005712552,0.00533172,0.0049762772,0.006557764,0.005712552,0.006120586,0.006120586,0.007528031,0.006557764,0.006557764,0.00533172,0.00806574,0.00806574,0.00806574,0.00806574,0.00533172,0.005712552,0.007026169,0.007528031,0.0049762772,0.006120586,0.00533172,0.005712552,0.005712552,0.0049762772,3,3
0.007013102,0.0075140307,0.0075140307,0.0075140307,0.0046358923,0.007013102,0.0075140307,0.0061092027,0.0075140307,0.0046358923,0.007013102,0.0061092027,0.0046358923,0.0046358923,0.0046358923,0.0057019284,0.0061092027,0.006545568,0.0075140307,0.0057019284,0.007013102,0.007013102,0.0061092027,0.0061092027,0.0046358923,0.0053218044,0.0053218044,0.0061092027,0.0061092027,0.0046358923,0.0061092027,0.0057019284,0.0075140307,0.0061092027,0.0046358923,0.007013102,0.0053218044,0.0061092027,0.0046358923,0.007013102,0.0057019284,0.0075140307,0.0075140307,0.0075140307,0.0061092027,0.0061092027,0.0061092027,0.0075140307,0.0075140307,0.006545568,0.0053218044,0.0075140307,0.0075140307,0.0075140307,0.0046358923,0.0075140307,0.006545568,0.0075140307,0.0075140307,0.0057019284,0.0053218044,0.0049670227,0.0046358923,0.0046358923,0.0075140307,0.0061092027,0.0061092027,0.0049670227,0.0057019284,0.0061092027,0.0061092027,0.0075140307,0.0049670227,0.0053218044,0.0046358923,0.0075140307,0.0061092027,0.0075140307,0.0075140307,0.0075140307,0.0075140307,0.0049670227,0.0046358923,0.0046358923,0.0046358923,0.007013102,0.006545568,0.0075140307,0.0057019284,0.0075140307,0.0075140307,0.006545568,0.0075140307,0.0046358923,0.0075140307,0.007013102,0.0075140307,0.0053218044,0.0061092027,0.0046358923,0.0053218044,0.006545568,0.0061092027,0.0053218044,0.0061092027,0.0046358923,0.0057019284,0.0061092027,0.0046358923,0.0057019284,0.007013102,0.0075140307,0.0053218044,0.0075140307,0.007013102,0.0049670227,0.006545568,0.0075140307,0.0075140307,0.0053218044,0.0075140307,0.006545568,0.0075140307,0.0075140307,0.0075140307,0.007013102,0.0061092027,0.0049670227,0.0053218044,0.0061092027,0.007013102,0.0053218044,0.006545568,0.007013102,0.0053218044,0.006545568,0.0049670227,0.0046358923,0.0061092027,0.0053218044,0.0057019284,0.006545568,0.0057019284,0.0049670227,0.0061092027,0.006545568,0.0075140307,0.0075140307,0.0075140307,0.0046358923,0.0053218044,0.0053218044,0.0075140307,0.0075140307,0.0061092027,0.0046358923,0.007013102,0.0075140307,0.0075140307,0.0061092027,1,2
0.007229336,0.005877735,0.00477883,0.005485891,0.007229336,0.007229336,0.00477883,0.005485891,0.00477883,0.0077457097,0.006297567,0.005877735,0.00477883,0.006297567,0.0077457097,0.0077457097,0.00512017,0.00477883,0.00477883,0.0077457097,0.005485891,0.0067473864,0.00512017,0.005485891,0.005877735,0.0077457097,0.005485891,0.00512017,0.00512017,0.0077457097,0.0077457097,0.005877735,0.005877735,0.005877735,0.007229336,0.0077457097,0.00512017,0.0077457097,0.00477883,0.0077457097,0.00477883,0.005877735,0.0077457097,0.005877735,0.0077457097,0.0077457097,0.00512017,0.005485891,0.00512017,0.005877735,0.0077457097,0.005877735,0.00477883,0.00477883,0.0067473864,0.0067473864,0.006297567,0.00477883,0.00477883,0.0067473864,0.007229336,0.007229336,0.00477883,0.005877735,0.005485891,0.0077457097,0.0077457097,0.00477883,0.005485891,0.006297567,0.00477883,0.005485891,0.005485891,0.005485891,0.0077457097,0.0077457097,0.006297567,0.005485891,0.00477883,0.0067473864,0.0077457097,0.006297567,0.0077457097,0.00477883,0.0077457097,0.00477883,0.005877735,0.0077457097,0.0067473864,0.0077457097,0.007229336,0.0067473864,0.00477883,0.0077457097,0.0077457097,0.007229336,0.00477883,0.005877735,0.00477883,0.0077457097,0.007229336,0.006297567,0.006297567,0.00477883,0.0067473864,0.0077457097,0.0077457097,0.00477883,0.00477883,0.0077457097,0.0077457097,0.0077457097,0.00477883,0.00512017,0.007229336,0.0067473864,0.0067473864,0.006297567,0.005485891,0.00512017,0.0077457097,0.00512017,0.00477883,0.00477883,0.006297567,0.0077457097,0.00477883,0.00477883,0.00477883,0.0077457097,0.0077457097,0.006297567,0.00477883,0.005877735,0.005877735,0.0077457097,0.00512017,0.005877735,0.005485891,0.0067473864,0.0077457097,0.005877735,0.006297567,0.005485891,0.005485891,0.005485891,0.0077457097,0.0077457097,0.0077457097,0.0077457097,0.0067473864,0.005485891,0.006297567,0.0067473864,0.0077457097,0.007229336,0.005485891,0.005877735,0.006297567,0.00477883,9,0
0.00489189,0.0052413056,0.00489189,0.00489189,0.007928962,0.007928962,0.0069070198,0.00489189,0.007928962,0.007928962,0.0074003716,0.0069070198,0.00489189,0.0052413056,0.0069070198,0.0069070198,0.0074003716,0.0052413056,0.00489189,0.0060167937,0.005615679,0.0074003716,0.0052413056,0.00489189,0.0060167937,0.0069070198,0.005615679,0.005615679,0.00489189,0.007928962,0.007928962,0.005615679,0.0052413056,0.0069070198,0.007928962,0.006446558,0.006446558,0.0074003716,0.0060167937,0.0074003716,0.00489189,0.006446558,0.007928962,0.0069070198,0.007928962,0.006446558,0.006446558,0.00489189,0.00489189,0.0074003716,0.0069070198,0.006446558,0.00489189,0.0060167937,0.007928962,0.00489189,0.0069070198,0.00489189,0.00489189,0.0069070198,0.007928962,0.0060167937,0.005615679,0.00489189,0.007928962,0.0052413056,0.0060167937,0.005615679,0.0052413056,0.0069070198,0.007928962,0.007928962,0.005615679,0.005615679,0.0060167937,0.006446558,0.006446558,0.00489189,0.006446558,0.00489189,0.00489189,0.0060167937,0.0060167937,0.007928962,0.007928962,0.00489189,0.00489189,0.0052413056,0.006446558,0.0060167937,0.0060167937,0.0069070198,0.00489189,0.007928962,0.007928962,0.0069070198,0.00489189,0.0069070198,0.00489189,0.007928962,0.0069070198,0.0069070198,0.0052413056,0.0052413056,0.0074003716,0.007928962,0.0069070198,0.005615679,0.00489189,0.007928962,0.007928962,0.007928962,0.006446558,0.005615679,0.0069070198,0.007928962,0.006446558,0.00489189,0.0052413056,0.00489189,0.00489189,0.005615679,0.00489189,0.00489189,0.0052413056,0.0069070198,0.0069070198,0.00489189,0.00489189,0.0069070198,0.007928962,0.005615679,0.0074003716,0.0074003716,0.0074003716,0.0074003716,0.005615679,0.0060167937,0.0060167937,0.007928962,0.00489189,0.0052413056,0.0074003716,0.0052413056,0.0060167937,0.0052413056,0.007928962,0.00489189,0.00489189,0.0074003716,0.0060167937,0.005615679,0.00489189,0.0052413056,0.007928962,0.0069070198,0.006446558,0.00489189,0.00489189,0.0074003716,4,0
0.008157093,0.008157093,0.005777253,0.005032639,0.005032639,0.008157093,0.0071057477,0.005032639,0.005032639,0.005032639,0.0071057477,0.005392108,0.005032639,0.008157093,0.008157093,0.0076132943,0.0076132943,0.0061899084,0.005032639,0.005032639,0.0061899084,0.0076132943,0.0061899084,0.005392108,0.005777253,0.005392108,0.0061899084,0.006632038,0.005392108,0.0071057477,0.008157093,0.006632038,0.005032639,0.005777253,0.008157093,0.0061899084,0.006632038,0.005032639,0.005032639,0.0071057477,0.005032639,0.005032639,0.0061899084,0.005777253,0.006632038,0.0076132943,0.006632038,0.005032639,0.005032639,0.0076132943,0.0061899084,0.005032639,0.006632038,0.005032639,0.006632038,0.0061899084,0.0071057477,0.005392108,0.005032639,0.006632038,0.008157093,0.005777253,0.005032639,0.0061899084,0.0061899084,0.008157093,0.008157093,0.005032639,0.005032639,0.005032639,0.008157093,0.008157093,0.005032639,0.005392108,0.005032639,0.005032639,0.0061899084,0.005032639,0.005032639,0.005032639,0.005777253,0.0076132943,0.005032639,0.005032639,0.008157093,0.005777253,0.005032639,0.005777253,0.0076132943,0.006632038,0.0061899084,0.0071057477,0.005032639,0.008157093,0.008157093,0.005032639,0.005032639,0.005777253,0.006632038,0.008157093,0.006632038,0.0076132943,0.005032639,0.0061899084,0.0061899084,0.008157093,0.008157093,0.005032639,0.005032639,0.008157093,0.006632038,0.0071057477,0.0061899084,0.005032639,0.005392108,0.005777253,0.006632038,0.005777253,0.005777253,0.005032639,0.005392108,0.005392108,0.005032639,0.005032639,0.005392108,0.008157093,0.0076132943,0.005032639,0.0076132943,0.005032639,0.008157093,0.008157093,0.005032639,0.005032639,0.005777253,0.0071057477,0.005392108,0.005032639,0.005032639,0.006632038,0.005392108,0.008157093,0.0071057477,0.005032639,0.0061899084,0.0076132943,0.008157093,0.008157093,0.008157093,0.005032639,0.0076132943,0.005777253,0.006632038,0.005032639,0.0061899084,0.006632038,0.0061899084,0.0061899084,0.006632038,0.005032639,0,0
0.0048436173,0.006382944,0.0048436173,0.00785072,0.0048436173,0.006838862,0.00785072,0.006838862,0.007327345,0.005560264,0.006838862,0.006838862,0.005560264,0.005560264,0.00785072,0.00785072,0.006838862,0.0059574204,0.00785072,0.005560264,0.00785072,0.007327345,0.0059574204,0.005189585,0.0048436173,0.00785072,0.005560264,0.0048436173,0.0048436173,0.00785072,0.00785072,0.005560264,0.005189585,0.006838862,0.00785072,0.005189585,0.005560264,0.0048436173,0.006838862,0.0059574204,0.0048436173,0.006382944,0.00785072,0.006838862,0.00785072,0.0048436173,0.0059574204,0.0048436173,0.007327345,0.006382944,0.005560264,0.0059574204,0.005560264,0.006382944,0.00785072,0.005560264,0.0059574204,0.0059574204,0.006382944,0.007327345,0.00785072,0.005560264,0.0059574204,0.0048436173,0.00785072,0.005189585,0.006382944,0.005189585,0.006838862,0.00785072,0.00785072,0.00785072,0.005560264,0.005560264,0.005189585,0.005560264,0.005189585,0.0048436173,0.0059574204,0.0059574204,0.0048436173,0.005560264,0.00785072,0.00785072,0.006382944,0.0048436173,0.0048436173,0.005189585,0.007327345,0.0059574204,0.0059574204,0.006838862,0.005560264,0.0048436173,0.00785072,0.0059574204,0.0048436173,0.005560264,0.006382944,0.00785072,0.006382944,0.006382944,0.007327345,0.0059574204,0.007327345,0.0048436173,0.005560264,0.0048436173,0.006382944,0.007327345,0.005560264,0.006382944,0.005189585,0.0059574204,0.005189585,0.005189585,0.006838862,0.005560264,0.006838862,0.005560264,0.0048436173,0.005189585,0.006838862,0.00785072,0.005560264,0.006382944,0.007327345,0.006382944,0.00785072,0.006382944,0.00785072,0.005560264,0.006382944,0.005560264,0.00785072,0.006838862,0.005189585,0.005189585,0.00785072,0.005560264,0.005560264,0.006382944,0.0059574204,0.0059574204,0.006382944,0.007327345,0.00785072,0.00785072,0.00785072,0.0048436173,0.0048436173,0.005560264,0.006838862,0.007327345,0.006382944,0.00785072,0.0059574204,0.005189585,0.005560264,0.0048436173,3,4
0.0061549493,0.0065945825,0.007570297,0.007570297,0.0046706065,0.0057446253,0.007570297,0.0065945825,0.007570297,0.0065945825,0.0061549493,0.0053616553,0.0046706065,0.0046706065,0.0046706065,0.0057446253,0.0065945825,0.0065945825,0.007570297,0.0057446253,0.0070656175,0.0070656175,0.0057446253,0.0057446253,0.0046706065,0.0070656175,0.0053616553,0.0061549493,0.0070656175,0.0065945825,0.0065945825,0.0057446253,0.007570297,0.0065945825,0.0046706065,0.0053616553,0.0053616553,0.0065945825,0.0053616553,0.0057446253,0.0046706065,0.007570297,0.007570297,0.007570297,0.0046706065,0.0061549493,0.0057446253,0.007570297,0.007570297,0.0070656175,0.0053616553,0.007570297,0.007570297,0.007570297,0.0046706065,0.007570297,0.0065945825,0.007570297,0.007570297,0.0057446253,0.0065945825,0.0057446253,0.0053616553,0.0050042165,0.007570297,0.0050042165,0.0061549493,0.0050042165,0.0057446253,0.0065945825,0.0057446253,0.0061549493,0.0046706065,0.0050042165,0.0065945825,0.007570297,0.0061549493,0.007570297,0.007570297,0.0070656175,0.0053616553,0.0046706065,0.0046706065,0.0046706065,0.0065945825,0.0065945825,0.007570297,0.007570297,0.0057446253,0.007570297,0.0070656175,0.0065945825,0.007570297,0.0046706065,0.007570297,0.0070656175,0.007570297,0.0046706065,0.0061549493,0.0046706065,0.0065945825,0.0070656175,0.0065945825,0.0057446253,0.0065945825,0.0046706065,0.0053616553,0.0057446253,0.0046706065,0.0065945825,0.007570297,0.007570297,0.0046706065,0.0070656175,0.007570297,0.0046706065,0.0070656175,0.007570297,0.007570297,0.0065945825,0.0053616553,0.0053616553,0.007570297,0.007570297,0.0050042165,0.0065945825,0.0065945825,0.0061549493,0.0070656175,0.0061549493,0.0070656175,0.0053616553,0.0065945825,0.0070656175,0.0061549493,0.0065945825,0.0050042165,0.0046706065,0.0061549493,0.0053616553,0.0053616553,0.0061549493,0.0057446253,0.0050042165,0.0061549493,0.0053616553,0.007570297,0.007570297,0.007570297,0.0046706065,0.0046706065,0.0053616553,0.007570297,0.007570297,0.0061549493,0.0061549493,0.0061549493,0.0061549493,0.0053616553,0.0046706065,2,2
0.006651017,0.006651017,0.005047041,0.0057937857,0.008180437,0.0057937857,0.0054075387,0.005047041,0.005047041,0.008180437,0.0071260827,0.0054075387,0.005047041,0.0071260827,0.008180437,0.005047041,0.006207622,0.005047041,0.005047041,0.006651017,0.005047041,0.005047041,0.0057937857,0.0054075387,0.0071260827,0.0076350817,0.0057937857,0.006651017,0.0054075387,0.008180437,0.008180437,0.006207622,0.005047041,0.005047041,0.008180437,0.006651017,0.006651017,0.0054075387,0.0054075387,0.008180437,0.005047041,0.006651017,0.0071260827,0.0057937857,0.008180437,0.008180437,0.006651017,0.005047041,0.005047041,0.0071260827,0.0076350817,0.006207622,0.006651017,0.005047041,0.006651017,0.005047041,0.006651017,0.005047041,0.005047041,0.005047041,0.006651017,0.006651017,0.005047041,0.006207622,0.0057937857,0.0076350817,0.0071260827,0.005047041,0.005047041,0.005047041,0.006207622,0.0054075387,0.0057937857,0.0054075387,0.008180437,0.005047041,0.006207622,0.005047041,0.0057937857,0.005047041,0.0057937857,0.0071260827,0.005047041,0.005047041,0.006651017,0.005047041,0.0057937857,0.0057937857,0.006651017,0.0071260827,0.0071260827,0.006651017,0.005047041,0.008180437,0.008180437,0.0057937857,0.005047041,0.0071260827,0.005047041,0.008180437,0.006651017,0.0071260827,0.0054075387,0.005047041,0.0076350817,0.008180437,0.008180437,0.005047041,0.005047041,0.008180437,0.0071260827,0.008180437,0.006207622,0.0071260827,0.0057937857,0.006207622,0.0071260827,0.0057937857,0.0057937857,0.005047041,0.006207622,0.0054075387,0.005047041,0.005047041,0.006207622,0.0057937857,0.006651017,0.005047041,0.005047041,0.008180437,0.008180437,0.008180437,0.005047041,0.0054075387,0.006651017,0.0071260827,0.0057937857,0.005047041,0.005047041,0.006207622,0.0076350817,0.0071260827,0.0054075387,0.0057937857,0.0071260827,0.0057937857,0.0057937857,0.008180437,0.008180437,0.008180437,0.0076350817,0.0057937857,0.006651017,0.0057937857,0.0057937857,0.0057937857,0.005047041,0.0054075387,0.0071260827,0.005047041,4,0
0.0049733385,0.0049733385,0.00702202,0.008060977,0.0049733385,0.005328572,0.0065538916,0.00702202,0.008060977,0.008060977,0.0057091787,0.005328572,0.00702202,0.0049733385,0.008060977,0.0049733385,0.006116972,0.006116972,0.008060977,0.0049733385,0.005328572,0.0065538916,0.0065538916,0.006116972,0.0049733385,0.008060977,0.0057091787,0.0057091787,0.005328572,0.006116972,0.0065538916,0.0065538916,0.0075235856,0.00702202,0.006116972,0.0057091787,0.0049733385,0.00702202,0.0049733385,0.0057091787,0.0049733385,0.0065538916,0.00702202,0.0057091787,0.008060977,0.0049733385,0.0049733385,0.008060977,0.0057091787,0.0065538916,0.0057091787,0.005328572,0.00702202,0.0049733385,0.0057091787,0.0049733385,0.0049733385,0.008060977,0.0057091787,0.0057091787,0.0057091787,0.006116972,0.0075235856,0.0049733385,0.008060977,0.0065538916,0.0057091787,0.0057091787,0.0049733385,0.0057091787,0.0049733385,0.0049733385,0.0057091787,0.0057091787,0.0075235856,0.0049733385,0.005328572,0.00702202,0.0049733385,0.0049733385,0.0049733385,0.0049733385,0.008060977,0.008060977,0.008060977,0.0049733385,0.005328572,0.008060977,0.008060977,0.0049733385,0.006116972,0.00702202,0.008060977,0.0049733385,0.008060977,0.0049733385,0.0049733385,0.008060977,0.006116972,0.00702202,0.0065538916,0.0065538916,0.0075235856,0.0057091787,0.0075235856,0.0049733385,0.0057091787,0.008060977,0.0049733385,0.008060977,0.0049733385,0.0049733385,0.0057091787,0.0049733385,0.0065538916,0.006116972,0.006116972,0.008060977,0.0049733385,0.0049733385,0.0057091787,0.005328572,0.008060977,0.008060977,0.0057091787,0.0049733385,0.008060977,0.00702202,0.008060977,0.00702202,0.0065538916,0.0057091787,0.0075235856,0.0075235856,0.0057091787,0.0057091787,0.005328572,0.0049733385,0.00702202,0.0057091787,0.0049733385,0.006116972,0.0075235856,0.0049733385,0.006116972,0.0057091787,0.008060977,0.008060977,0.008060977,0.008060977,0.0065538916,0.0057091787,0.00702202,0.0075235856,0.005328572,0.006116972,0.0057091787,0.00702202,0.0057091787,0.0049733385,3,2
0.0048927325,0.0056166463,0.0048927325,0.007930327,0.0048927325,0.0052422085,0.007930327,0.006908209,0.007930327,0.007930327,0.0056166463,0.0060178298,0.0056166463,0.0048927325,0.007930327,0.006447668,0.0074016456,0.0048927325,0.007930327,0.0048927325,0.0052422085,0.0074016456,0.0060178298,0.006447668,0.0048927325,0.0074016456,0.0074016456,0.006447668,0.0052422085,0.0074016456,0.006908209,0.0056166463,0.0048927325,0.0056166463,0.007930327,0.006447668,0.0060178298,0.0060178298,0.0052422085,0.0056166463,0.0052422085,0.006908209,0.007930327,0.0060178298,0.007930327,0.006447668,0.006447668,0.0048927325,0.0048927325,0.007930327,0.0056166463,0.0060178298,0.0060178298,0.0048927325,0.0060178298,0.0052422085,0.0048927325,0.007930327,0.0048927325,0.007930327,0.007930327,0.0060178298,0.0060178298,0.0056166463,0.007930327,0.006447668,0.0060178298,0.0048927325,0.0048927325,0.006447668,0.0048927325,0.006447668,0.0056166463,0.0056166463,0.007930327,0.006908209,0.0052422085,0.0048927325,0.0052422085,0.0060178298,0.0056166463,0.0048927325,0.0074016456,0.007930327,0.007930327,0.007930327,0.0060178298,0.0048927325,0.0048927325,0.0074016456,0.0074016456,0.006447668,0.0056166463,0.0048927325,0.007930327,0.006908209,0.0048927325,0.0052422085,0.0048927325,0.007930327,0.006908209,0.0074016456,0.0048927325,0.0048927325,0.0074016456,0.006908209,0.0060178298,0.0048927325,0.0048927325,0.0060178298,0.006908209,0.006447668,0.0052422085,0.0052422085,0.006447668,0.0060178298,0.006908209,0.0052422085,0.0060178298,0.0048927325,0.006908209,0.0056166463,0.006908209,0.007930327,0.0074016456,0.0052422085,0.007930327,0.006908209,0.007930327,0.006908209,0.0074016456,0.0056166463,0.0074016456,0.006908209,0.006447668,0.0056166463,0.0048927325,0.0052422085,0.006908209,0.0056166463,0.0060178298,0.0060178298,0.006447668,0.0056166463,0.0074016456,0.0052422085,0.007930327,0.007930327,0.007930327,0.007930327,0.0056166463,0.0056166463,0.006447668,0.006908209,0.0052422085,0.006447668,0.0052422085,0.0052422085,0.0052422085,0.0060178298,3,4
0.0061357687,0.0061357687,0.0075467057,0.0075467057,0.004988622,0.0065740314,0.0075467057,0.0065740314,0.0075467057,0.004988622,0.0061357687,0.0057267235,0.0046560513,0.0046560513,0.0053449464,0.0065740314,0.0061357687,0.0061357687,0.0075467057,0.0061357687,0.0075467057,0.0070435987,0.0053449464,0.004988622,0.004988622,0.0075467057,0.0053449464,0.0053449464,0.0046560513,0.0075467057,0.0075467057,0.0057267235,0.0075467057,0.0057267235,0.0046560513,0.0053449464,0.0053449464,0.0070435987,0.004988622,0.0070435987,0.0053449464,0.0075467057,0.0075467057,0.0065740314,0.0046560513,0.0061357687,0.0053449464,0.0075467057,0.0075467057,0.0070435987,0.0070435987,0.0075467057,0.0061357687,0.0065740314,0.0046560513,0.0075467057,0.0057267235,0.0075467057,0.0075467057,0.0070435987,0.0075467057,0.0057267235,0.0046560513,0.0046560513,0.0075467057,0.0057267235,0.0061357687,0.004988622,0.0057267235,0.0070435987,0.0070435987,0.0075467057,0.0046560513,0.004988622,0.0070435987,0.0075467057,0.0053449464,0.0075467057,0.0075467057,0.0070435987,0.0065740314,0.004988622,0.0046560513,0.0046560513,0.0065740314,0.004988622,0.0061357687,0.0075467057,0.0057267235,0.0075467057,0.0075467057,0.0065740314,0.0075467057,0.0046560513,0.0075467057,0.0061357687,0.0075467057,0.0046560513,0.0061357687,0.0053449464,0.0057267235,0.0070435987,0.0053449464,0.0053449464,0.0070435987,0.0046560513,0.0053449464,0.0057267235,0.0046560513,0.0065740314,0.0070435987,0.0075467057,0.0046560513,0.0061357687,0.0070435987,0.0053449464,0.0070435987,0.0061357687,0.0065740314,0.0065740314,0.0070435987,0.0065740314,0.0075467057,0.0075467057,0.0070435987,0.0057267235,0.0065740314,0.0061357687,0.0070435987,0.0061357687,0.0075467057,0.0053449464,0.0046560513,0.0057267235,0.0070435987,0.0075467057,0.0061357687,0.0046560513,0.0065740314,0.0065740314,0.0057267235,0.0061357687,0.004988622,0.0046560513,0.0070435987,0.004988622,0.0075467057,0.0075467057,0.0075467057,0.0046560513,0.0061357687,0.0065740314,0.0065740314,0.0070435987,0.0046560513,0.0070435987,0.0061357687,0.0061357687,0.0057267235,0.0046560513,2,1
0.0070958985,0.0070958985,0.007602741,0.007602741,0.0046906234,0.0070958985,0.007602741,0.0070958985,0.007602741,0.0061813276,0.007602741,0.006622845,0.0046906234,0.0046906234,0.0046906234,0.007602741,0.006622845,0.005025663,0.007602741,0.006622845,0.007602741,0.0070958985,0.005025663,0.0053846333,0.0046906234,0.007602741,0.0053846333,0.0046906234,0.0046906234,0.007602741,0.0057692453,0.0057692453,0.007602741,0.006622845,0.0046906234,0.0061813276,0.0053846333,0.0061813276,0.0046906234,0.007602741,0.0046906234,0.006622845,0.007602741,0.005025663,0.007602741,0.007602741,0.0061813276,0.0057692453,0.0070958985,0.007602741,0.0070958985,0.0057692453,0.0053846333,0.0046906234,0.0057692453,0.007602741,0.0061813276,0.007602741,0.007602741,0.0057692453,0.007602741,0.0057692453,0.005025663,0.005025663,0.007602741,0.005025663,0.0057692453,0.0053846333,0.0061813276,0.007602741,0.007602741,0.007602741,0.0046906234,0.005025663,0.0046906234,0.007602741,0.0061813276,0.0053846333,0.0046906234,0.0061813276,0.005025663,0.005025663,0.007602741,0.0057692453,0.0057692453,0.0057692453,0.0061813276,0.007602741,0.0053846333,0.0053846333,0.0070958985,0.006622845,0.007602741,0.0046906234,0.007602741,0.0053846333,0.0046906234,0.0053846333,0.006622845,0.005025663,0.0070958985,0.006622845,0.0057692453,0.0046906234,0.005025663,0.0046906234,0.0057692453,0.0053846333,0.0046906234,0.007602741,0.0070958985,0.007602741,0.005025663,0.006622845,0.0070958985,0.007602741,0.006622845,0.005025663,0.0046906234,0.0061813276,0.007602741,0.0070958985,0.0061813276,0.007602741,0.007602741,0.007602741,0.007602741,0.0053846333,0.0070958985,0.006622845,0.007602741,0.0053846333,0.0061813276,0.0070958985,0.0057692453,0.006622845,0.005025663,0.0046906234,0.007602741,0.006622845,0.0057692453,0.0057692453,0.0046906234,0.0046906234,0.007602741,0.007602741,0.007602741,0.007602741,0.007602741,0.0046906234,0.0057692453,0.0053846333,0.006622845,0.006622845,0.0061813276,0.007602741,0.0061813276,0.0061813276,0.0053846333,0.0046906234,2,0
0.005299536,0.00608364,0.0049462384,0.0049462384,0.008017052,0.00608364,0.006983756,0.0049462384,0.0049462384,0.008017052,0.006983756,0.005299536,0.0049462384,0.005299536,0.008017052,0.005678069,0.0065181786,0.0065181786,0.0049462384,0.006983756,0.005678069,0.007482589,0.0065181786,0.005299536,0.008017052,0.007482589,0.0065181786,0.0049462384,0.0049462384,0.008017052,0.008017052,0.005678069,0.0049462384,0.006983756,0.008017052,0.005299536,0.0065181786,0.0065181786,0.0065181786,0.006983756,0.0049462384,0.0065181786,0.008017052,0.006983756,0.008017052,0.008017052,0.007482589,0.0049462384,0.0049462384,0.008017052,0.0065181786,0.005299536,0.0065181786,0.0049462384,0.008017052,0.0049462384,0.006983756,0.0049462384,0.0049462384,0.007482589,0.008017052,0.005299536,0.00608364,0.005678069,0.008017052,0.005299536,0.005678069,0.00608364,0.005678069,0.007482589,0.006983756,0.007482589,0.005299536,0.005299536,0.008017052,0.005299536,0.005678069,0.0049462384,0.0049462384,0.0049462384,0.005299536,0.005678069,0.0049462384,0.008017052,0.008017052,0.0049462384,0.0049462384,0.005299536,0.0065181786,0.00608364,0.00608364,0.006983756,0.0049462384,0.008017052,0.008017052,0.00608364,0.0049462384,0.00608364,0.006983756,0.008017052,0.008017052,0.007482589,0.005678069,0.005299536,0.007482589,0.008017052,0.007482589,0.005299536,0.0049462384,0.008017052,0.008017052,0.006983756,0.00608364,0.005299536,0.007482589,0.005678069,0.006983756,0.0049462384,0.0065181786,0.0049462384,0.005678069,0.00608364,0.0049462384,0.0065181786,0.005678069,0.005299536,0.008017052,0.0049462384,0.0049462384,0.005678069,0.0065181786,0.00608364,0.0065181786,0.00608364,0.008017052,0.00608364,0.0049462384,0.0049462384,0.0049462384,0.008017052,0.00608364,0.0065181786,0.00608364,0.005678069,0.006983756,0.0049462384,0.005678069,0.0049462384,0.0049462384,0.006983756,0.0049462384,0.005678069,0.006983756,0.0065181786,0.007482589,0.005299536,0.0065181786,0.0049462384,0.005678069,0.008017052,4,4
0.006523546,0.006989507,0.0074887504,0.0074887504,0.004620295,0.006989507,0.0074887504,0.006523546,0.0074887504,0.004620295,0.0074887504,0.006523546,0.004620295,0.004620295,0.004620295,0.0074887504,0.006088649,0.0049503115,0.0074887504,0.0056827446,0.006989507,0.006989507,0.0053038998,0.0053038998,0.0053038998,0.0074887504,0.0053038998,0.0049503115,0.0049503115,0.0074887504,0.0074887504,0.0056827446,0.0074887504,0.0056827446,0.004620295,0.0056827446,0.0056827446,0.006989507,0.0049503115,0.0074887504,0.004620295,0.006989507,0.006989507,0.006523546,0.006088649,0.0074887504,0.006088649,0.0074887504,0.0074887504,0.0074887504,0.006088649,0.0074887504,0.006523546,0.0074887504,0.0053038998,0.0074887504,0.006523546,0.0074887504,0.0074887504,0.0056827446,0.0074887504,0.0056827446,0.0049503115,0.0053038998,0.0074887504,0.0053038998,0.006088649,0.0049503115,0.0056827446,0.006523546,0.006989507,0.006989507,0.0049503115,0.0053038998,0.004620295,0.0074887504,0.0053038998,0.006989507,0.0074887504,0.006989507,0.0074887504,0.004620295,0.004620295,0.004620295,0.004620295,0.006523546,0.006523546,0.0074887504,0.0053038998,0.006523546,0.0074887504,0.006523546,0.0074887504,0.004620295,0.0074887504,0.0074887504,0.006989507,0.004620295,0.0053038998,0.004620295,0.0053038998,0.006088649,0.0074887504,0.006088649,0.006989507,0.004620295,0.0053038998,0.0053038998,0.004620295,0.006989507,0.006088649,0.0074887504,0.0049503115,0.0074887504,0.0049503115,0.0053038998,0.006989507,0.0056827446,0.0056827446,0.0074887504,0.0074887504,0.006523546,0.0074887504,0.0074887504,0.006989507,0.006088649,0.006523546,0.006088649,0.006523546,0.006088649,0.0074887504,0.0053038998,0.006523546,0.006989507,0.006989507,0.0074887504,0.0049503115,0.004620295,0.0056827446,0.0053038998,0.006088649,0.006523546,0.0056827446,0.0049503115,0.0053038998,0.006523546,0.0074887504,0.0074887504,0.0074887504,0.004620295,0.004620295,0.0053038998,0.0074887504,0.0074887504,0.0074887504,0.0056827446,0.0053038998,0.006989507,0.006989507,0.0049503115,2,1
0.0062561096,0.007181745,0.0076947194,0.0076947194,0.005086464,0.0062561096,0.0076947194,0.0067029684,0.0076947194,0.005449777,0.007181745,0.0067029684,0.005449777,0.0047473707,0.0076947194,0.0076947194,0.005839042,0.005839042,0.0076947194,0.005086464,0.007181745,0.007181745,0.0062561096,0.0062561096,0.0047473707,0.0076947194,0.005449777,0.0047473707,0.0047473707,0.0076947194,0.005839042,0.005839042,0.005839042,0.0067029684,0.005449777,0.0047473707,0.005086464,0.0076947194,0.0067029684,0.005839042,0.0047473707,0.005839042,0.0076947194,0.005839042,0.0076947194,0.0047473707,0.0047473707,0.0076947194,0.005839042,0.005449777,0.0062561096,0.0062561096,0.007181745,0.0047473707,0.005449777,0.0047473707,0.0047473707,0.0076947194,0.0062561096,0.0062561096,0.0076947194,0.005839042,0.005839042,0.0047473707,0.0076947194,0.005086464,0.005449777,0.005839042,0.0062561096,0.0062561096,0.0076947194,0.0076947194,0.005449777,0.005086464,0.0062561096,0.0047473707,0.005086464,0.0076947194,0.0062561096,0.005086464,0.0047473707,0.005839042,0.0076947194,0.0076947194,0.0076947194,0.0047473707,0.005449777,0.0076947194,0.007181745,0.005839042,0.0062561096,0.0067029684,0.0076947194,0.0047473707,0.0076947194,0.0047473707,0.0062561096,0.0076947194,0.005839042,0.0067029684,0.0076947194,0.0067029684,0.0047473707,0.0047473707,0.005839042,0.0047473707,0.005449777,0.0067029684,0.0047473707,0.0076947194,0.0062561096,0.0076947194,0.0062561096,0.007181745,0.005839042,0.005449777,0.0067029684,0.007181745,0.0067029684,0.005086464,0.0047473707,0.005086464,0.0076947194,0.0076947194,0.005086464,0.0062561096,0.0067029684,0.0062561096,0.007181745,0.0062561096,0.0076947194,0.005449777,0.0067029684,0.007181745,0.005839042,0.0067029684,0.0062561096,0.0047473707,0.0076947194,0.0076947194,0.0067029684,0.005839042,0.0062561096,0.005086464,0.005839042,0.0062561096,0.0076947194,0.0076947194,0.0076947194,0.0047473707,0.005449777,0.005449777,0.0067029684,0.007181745,0.0047473707,0.0076947194,0.0062561096,0.0062561096,0.005449777,0.0047473707,2,2
0.005169566,0.0059344396,0.007820435,0.007820435,0.0048249327,0.0063583213,0.007820435,0.0068124807,0.0068124807,0.0063583213,0.005538815,0.0059344396,0.005538815,0.0048249327,0.007820435,0.0063583213,0.0068124807,0.0068124807,0.007820435,0.0059344396,0.007820435,0.0059344396,0.0059344396,0.0059344396,0.0048249327,0.0063583213,0.0063583213,0.0063583213,0.0048249327,0.0068124807,0.0072990796,0.0063583213,0.0063583213,0.0063583213,0.005538815,0.0048249327,0.0048249327,0.007820435,0.0048249327,0.0059344396,0.0048249327,0.0059344396,0.007820435,0.0059344396,0.007820435,0.005169566,0.0048249327,0.007820435,0.005538815,0.0059344396,0.005538815,0.0072990796,0.0059344396,0.0048249327,0.005538815,0.0048249327,0.0048249327,0.007820435,0.0068124807,0.007820435,0.0072990796,0.005169566,0.005169566,0.0048249327,0.007820435,0.005169566,0.005538815,0.0063583213,0.0059344396,0.0068124807,0.0072990796,0.007820435,0.005538815,0.005538815,0.0048249327,0.005538815,0.0059344396,0.007820435,0.0063583213,0.0063583213,0.0048249327,0.0048249327,0.007820435,0.007820435,0.007820435,0.0048249327,0.005169566,0.0063583213,0.0072990796,0.0059344396,0.0072990796,0.0068124807,0.007820435,0.0048249327,0.007820435,0.005538815,0.0048249327,0.0063583213,0.0059344396,0.007820435,0.005538815,0.0059344396,0.007820435,0.0063583213,0.0072990796,0.0048249327,0.005538815,0.0068124807,0.0048249327,0.007820435,0.0059344396,0.005538815,0.0048249327,0.0068124807,0.0063583213,0.0048249327,0.0059344396,0.007820435,0.0048249327,0.005169566,0.005538815,0.005169566,0.007820435,0.007820435,0.005538815,0.0063583213,0.0072990796,0.0063583213,0.007820435,0.0063583213,0.005538815,0.005538815,0.0068124807,0.0063583213,0.0068124807,0.0068124807,0.005538815,0.005538815,0.007820435,0.0063583213,0.005169566,0.0068124807,0.0063583213,0.005538815,0.0068124807,0.005538815,0.007820435,0.007820435,0.007820435,0.0048249327,0.0048249327,0.005538815,0.0072990796,0.007820435,0.005538815,0.0063583213,0.0063583213,0.0063583213,0.0063583213,0.0048249327,2,2
0.005160204,0.005528785,0.0059236926,0.0078062727,0.004816195,0.004816195,0.0078062727,0.0072858618,0.0078062727,0.0078062727,0.0072858618,0.005528785,0.004816195,0.0078062727,0.0078062727,0.005528785,0.006346807,0.006346807,0.0078062727,0.005528785,0.005160204,0.0072858618,0.006346807,0.006346807,0.004816195,0.006346807,0.005528785,0.006346807,0.006800144,0.004816195,0.004816195,0.0059236926,0.006346807,0.0072858618,0.0072858618,0.005528785,0.005528785,0.0059236926,0.004816195,0.0059236926,0.004816195,0.006800144,0.0078062727,0.0059236926,0.0078062727,0.0078062727,0.006346807,0.0078062727,0.0078062727,0.006346807,0.005528785,0.004816195,0.0059236926,0.0078062727,0.005528785,0.004816195,0.005160204,0.005160204,0.0078062727,0.004816195,0.0072858618,0.005160204,0.005528785,0.006800144,0.006346807,0.005160204,0.006346807,0.004816195,0.0078062727,0.004816195,0.005160204,0.0059236926,0.005160204,0.005160204,0.0078062727,0.004816195,0.005160204,0.005160204,0.0072858618,0.004816195,0.0059236926,0.0059236926,0.0078062727,0.0078062727,0.0078062727,0.004816195,0.005528785,0.0078062727,0.006346807,0.0059236926,0.0059236926,0.004816195,0.004816195,0.0078062727,0.004816195,0.004816195,0.004816195,0.006800144,0.0078062727,0.0072858618,0.006800144,0.0078062727,0.005528785,0.005160204,0.006346807,0.006800144,0.005528785,0.0059236926,0.0078062727,0.0078062727,0.006346807,0.0072858618,0.006346807,0.006800144,0.006346807,0.0059236926,0.006800144,0.0078062727,0.0059236926,0.004816195,0.0059236926,0.005160204,0.0078062727,0.0078062727,0.005160204,0.0059236926,0.0078062727,0.006800144,0.0078062727,0.006346807,0.005528785,0.005528785,0.0072858618,0.0072858618,0.005160204,0.005528785,0.005160204,0.005160204,0.0072858618,0.005528785,0.0078062727,0.0059236926,0.006346807,0.006346807,0.005528785,0.005160204,0.0078062727,0.0078062727,0.0078062727,0.0072858618,0.004816195,0.005528785,0.0072858618,0.0078062727,0.004816195,0.004816195,0.004816195,0.0072858618,0.0059236926,0.0059236926,3,3
0.004959357,0.0053135916,0.0070022787,0.008038315,0.004959357,0.0053135916,0.004959357,0.0070022787,0.007502435,0.008038315,0.0056931283,0.0053135916,0.004959357,0.0070022787,0.0070022787,0.004959357,0.006099775,0.0065354663,0.008038315,0.004959357,0.0053135916,0.0070022787,0.0065354663,0.0065354663,0.004959357,0.004959357,0.0056931283,0.0065354663,0.006099775,0.004959357,0.0065354663,0.0070022787,0.007502435,0.0070022787,0.008038315,0.0056931283,0.0056931283,0.0065354663,0.004959357,0.0056931283,0.004959357,0.0065354663,0.007502435,0.006099775,0.008038315,0.004959357,0.004959357,0.007502435,0.0056931283,0.008038315,0.0056931283,0.0056931283,0.0070022787,0.0065354663,0.0056931283,0.004959357,0.004959357,0.008038315,0.006099775,0.006099775,0.004959357,0.0056931283,0.006099775,0.007502435,0.0053135916,0.0053135916,0.0056931283,0.0056931283,0.0065354663,0.006099775,0.0056931283,0.004959357,0.0056931283,0.0056931283,0.008038315,0.004959357,0.0053135916,0.0065354663,0.004959357,0.004959357,0.0056931283,0.004959357,0.008038315,0.008038315,0.0065354663,0.004959357,0.0053135916,0.007502435,0.007502435,0.006099775,0.006099775,0.0053135916,0.0056931283,0.006099775,0.0070022787,0.0056931283,0.004959357,0.007502435,0.008038315,0.008038315,0.006099775,0.0070022787,0.0070022787,0.006099775,0.007502435,0.004959357,0.0056931283,0.008038315,0.0070022787,0.008038315,0.004959357,0.004959357,0.007502435,0.0070022787,0.0065354663,0.006099775,0.0065354663,0.007502435,0.0056931283,0.004959357,0.004959357,0.0053135916,0.008038315,0.008038315,0.006099775,0.004959357,0.008038315,0.0070022787,0.008038315,0.007502435,0.0053135916,0.0056931283,0.007502435,0.007502435,0.0053135916,0.0056931283,0.004959357,0.004959357,0.0065354663,0.0056931283,0.004959357,0.0053135916,0.007502435,0.006099775,0.007502435,0.0056931283,0.0065354663,0.008038315,0.008038315,0.008038315,0.0056931283,0.0056931283,0.0070022787,0.007502435,0.004959357,0.004959357,0.004959357,0.0070022787,0.0053135916,0.006099775,3,2
0.007531985,0.007531985,0.007531985,0.007531985,0.004978891,0.007531985,0.007531985,0.005715553,0.0065612085,0.0046469695,0.005715553,0.0061238003,0.0046469695,0.0046469695,0.0046469695,0.005715553,0.0061238003,0.0065612085,0.007531985,0.005715553,0.00702986,0.00702986,0.0061238003,0.005715553,0.0046469695,0.0046469695,0.0053345207,0.0061238003,0.0061238003,0.0046469695,0.0053345207,0.005715553,0.007531985,0.0065612085,0.0046469695,0.00702986,0.005715553,0.0061238003,0.0053345207,0.0061238003,0.0046469695,0.007531985,0.0065612085,0.00702986,0.007531985,0.00702986,0.0061238003,0.007531985,0.007531985,0.0065612085,0.0053345207,0.007531985,0.007531985,0.007531985,0.0046469695,0.007531985,0.0065612085,0.007531985,0.007531985,0.0061238003,0.0053345207,0.0061238003,0.0046469695,0.0046469695,0.007531985,0.005715553,0.0061238003,0.0053345207,0.005715553,0.0065612085,0.005715553,0.007531985,0.0046469695,0.004978891,0.0046469695,0.007531985,0.0061238003,0.007531985,0.007531985,0.007531985,0.007531985,0.0046469695,0.0046469695,0.0046469695,0.0046469695,0.007531985,0.007531985,0.007531985,0.005715553,0.007531985,0.007531985,0.0065612085,0.007531985,0.0046469695,0.007531985,0.007531985,0.007531985,0.0046469695,0.0061238003,0.0046469695,0.005715553,0.007531985,0.0065612085,0.004978891,0.004978891,0.0046469695,0.0061238003,0.0061238003,0.0046469695,0.0046469695,0.00702986,0.007531985,0.0053345207,0.007531985,0.00702986,0.004978891,0.0065612085,0.007531985,0.007531985,0.0053345207,0.007531985,0.00702986,0.007531985,0.007531985,0.007531985,0.007531985,0.00702986,0.0046469695,0.004978891,0.0065612085,0.0046469695,0.0053345207,0.0053345207,0.00702986,0.0053345207,0.0065612085,0.004978891,0.0046469695,0.0061238003,0.005715553,0.005715553,0.0065612085,0.005715553,0.0046469695,0.0061238003,0.0065612085,0.007531985,0.007531985,0.007531985,0.0046469695,0.004978891,0.0053345207,0.00702986,0.007531985,0.007531985,0.0046469695,0.00702986,0.007531985,0.007531985,0.0065612085,0,1
0.0048510283,0.0051975255,0.005966536,0.007862732,0.0048510283,0.0063927104,0.007862732,0.006849326,0.006849326,0.007862732,0.0055687716,0.0051975255,0.0048510283,0.007338557,0.007862732,0.0051975255,0.0063927104,0.006849326,0.007862732,0.005966536,0.0063927104,0.007338557,0.005966536,0.006849326,0.0048510283,0.0055687716,0.0063927104,0.0063927104,0.0055687716,0.0063927104,0.007338557,0.0055687716,0.005966536,0.006849326,0.007862732,0.0048510283,0.0051975255,0.0055687716,0.007862732,0.0055687716,0.0048510283,0.005966536,0.007862732,0.005966536,0.007862732,0.0048510283,0.0055687716,0.005966536,0.006849326,0.006849326,0.0055687716,0.0048510283,0.007862732,0.007338557,0.0063927104,0.0051975255,0.005966536,0.005966536,0.0063927104,0.0048510283,0.006849326,0.005966536,0.0063927104,0.0048510283,0.0063927104,0.0051975255,0.0055687716,0.0051975255,0.006849326,0.005966536,0.005966536,0.007862732,0.0055687716,0.0055687716,0.005966536,0.0048510283,0.005966536,0.0055687716,0.0055687716,0.0051975255,0.0051975255,0.0055687716,0.007862732,0.007862732,0.0063927104,0.0048510283,0.0051975255,0.0055687716,0.007338557,0.005966536,0.007338557,0.0063927104,0.0048510283,0.0063927104,0.0055687716,0.0048510283,0.0048510283,0.006849326,0.006849326,0.006849326,0.006849326,0.005966536,0.007338557,0.005966536,0.007338557,0.0048510283,0.0055687716,0.005966536,0.006849326,0.006849326,0.005966536,0.007862732,0.005966536,0.007862732,0.006849326,0.005966536,0.006849326,0.006849326,0.006849326,0.0048510283,0.0048510283,0.0051975255,0.0063927104,0.007862732,0.005966536,0.0055687716,0.007862732,0.0063927104,0.007862732,0.006849326,0.0051975255,0.0055687716,0.007338557,0.007338557,0.0055687716,0.005966536,0.0063927104,0.006849326,0.007338557,0.005966536,0.0055687716,0.006849326,0.005966536,0.005966536,0.0063927104,0.0051975255,0.007862732,0.007862732,0.007862732,0.0048510283,0.0048510283,0.0055687716,0.007338557,0.007862732,0.005966536,0.007338557,0.005966536,0.0063927104,0.006849326,0.0048510283,3,3
