0,1,2,3,4,5,6,7,8,9,pred,target_label
0.00020135671,7.0031674e-05,0.0047860793,0.000578945,0.000578945,2.946324e-06,2.946324e-06,0.013761041,0.03956603,0.9404517,9,9
3.612588e-07,2.4689029e-05,0.0048513254,0.9532719,8.586821e-06,1.0386988e-06,2.4689029e-05,2.4689029e-05,0.0016872871,0.040105414,3,3
1.3179475e-07,2.5897325e-05,3.1326488e-06,1.3179475e-07,9.007065e-06,9.007065e-06,1.3179475e-07,1.0895333e-06,2.5897325e-05,0.9999256,9,9
8.989992e-06,7.4319454e-05,8.989992e-06,0.9980312,2.5848238e-05,3.782211e-07,8.989992e-06,7.4319454e-05,3.782211e-07,0.0017665101,3,3
0.99958676,3.1315872e-06,7.4435295e-05,1.3175008e-07,9.004013e-06,7.4435295e-05,9.004013e-06,3.1315872e-06,2.5888548e-05,0.00021401791,0,0
0.99793303,3.1264062e-06,7.431215e-05,1.3153212e-07,8.989117e-06,0.0017663371,1.3153212e-07,1.3153212e-07,1.3153212e-07,0.00021366384,0,0
3.3700636e-07,0.10757066,0.0015740143,2.785996e-06,0.0015740143,3.3700636e-07,9.689677e-07,0.8892758,9.689677e-07,1.172106e-07,7,1
0.4998284,3.7220252e-05,0.4998284,6.587966e-08,4.502322e-06,3.7220252e-05,3.7220252e-05,0.00010701645,1.2945181e-05,0.00010701645,0,0
3.3785963e-07,6.638854e-05,2.7930498e-06,0.000548827,0.89152735,8.030643e-06,2.7930498e-06,3.3785963e-07,1.1750737e-07,0.10784303,4,4
3.376821e-07,2.7915823e-06,0.8910589,2.3077759e-05,8.0264235e-06,3.376821e-07,2.3077759e-05,0.00054853864,0.107786365,0.00054853864,2,2
0.49994892,5.447515e-07,3.7229227e-05,4.5034076e-06,4.5034076e-06,3.7229227e-05,0.49994892,5.447515e-07,1.2948302e-05,4.5034076e-06,0,6
0.00019074997,2.3073955e-05,0.89091206,0.107768595,8.0251e-06,1.1742627e-07,0.00054844824,0.00054844824,3.3762646e-07,1.1742627e-07,2,3
0.32891712,0.0005821816,0.0016739006,0.32891712,0.0002024824,0.0005821816,0.004812838,0.004812838,0.0005821816,0.32891712,0,5
3.7872007e-07,3.1308389e-06,3.1308389e-06,0.99934787,1.3171861e-07,1.0889038e-06,3.1308389e-06,2.5882362e-05,1.3171861e-07,0.00061520166,3,3
0.9940328,0.00021282877,3.1141874e-06,3.7670583e-07,2.5744683e-05,0.0050587608,2.5744683e-05,2.5744683e-05,3.1141874e-06,0.0006119297,0,0
3.1205823e-06,7.417372e-05,8.972363e-06,0.9960741,7.417372e-05,2.579755e-05,0.00021326583,0.001763046,0.001763046,3.774794e-07,3,3
2.4847244e-05,7.144131e-05,7.144131e-05,7.144131e-05,0.9593808,8.641849e-06,1.2645076e-07,8.641849e-06,1.2645076e-07,0.040362425,4,4
8.999403e-06,0.99907494,0.00021390832,2.5875293e-05,2.5875293e-05,1.3168263e-07,8.999403e-06,0.00061503367,2.5875293e-05,3.7861662e-07,1,1
0.014370615,8.846587e-06,0.0017383313,3.0768374e-06,3.7218783e-07,0.9821109,1.0701222e-06,2.5435915e-05,3.0768374e-06,0.0017383313,5,5
7.4403084e-05,2.5877345e-05,3.130232e-06,0.9991542,2.5877345e-05,7.4403084e-05,1.0886928e-06,2.5877345e-05,1.3169307e-07,0.00061508245,3,3
0.9998036,3.1322666e-06,7.445144e-05,1.3177866e-07,9.005967e-06,7.445144e-05,2.5894165e-05,1.3177866e-07,1.3177866e-07,9.005967e-06,0,0
6.567652e-08,1.5610748e-06,6.567652e-08,6.567652e-08,0.0025358484,4.4884387e-06,0.0008819661,0.49828714,0.49828714,1.5610748e-06,7,8
2.5875299e-05,2.5875299e-05,0.00021390838,0.9990752,8.999405e-06,2.5875299e-05,1.3168265e-07,0.0006150338,8.999405e-06,1.3168265e-07,3,3
0.9976872,7.429384e-05,1.0870943e-06,8.986903e-06,8.986903e-06,0.001765902,3.7809073e-07,0.0002136112,2.5839352e-05,0.0002136112,0,0
1.5663892e-06,5.447892e-07,0.4999835,1.8947735e-07,1.8947735e-07,1.8947735e-07,0.4999835,1.2949198e-05,1.2949198e-05,4.503719e-06,2,6
8.519049e-06,0.94574803,0.039788876,3.5840748e-07,0.013838539,1.246539e-07,3.5840748e-07,0.0005822054,2.4494166e-05,8.519049e-06,1,1
8.9608e-06,3.116558e-06,1.3111779e-07,1.0839369e-06,0.0050626136,8.9608e-06,2.5764302e-05,0.9947895,2.5764302e-05,7.407806e-05,7,7
0.005051043,0.00021250399,0.0017567488,0.00021250399,3.1094348e-06,2.5705394e-05,8.940311e-06,0.00021250399,0.99251586,1.0814595e-06,8,8
0.80384076,0.0004948469,0.09723605,2.518338e-06,0.09723605,7.2407774e-06,2.0818834e-05,0.0004948469,0.0004948469,0.00017210744,0,0
1.3150206e-07,1.3150206e-07,7.429517e-05,2.5839814e-05,0.00021361503,0.00021361503,3.780975e-07,1.0871137e-06,0.0017659336,0.99770504,9,9
0.013753801,0.039545223,0.9399569,8.4668745e-06,6.9994894e-05,0.0016637197,8.4668745e-06,0.00020125078,8.4668745e-06,0.004783564,2,2
0.33331788,8.632684e-06,2.482087e-05,8.632684e-06,0.33331788,1.2631654e-07,0.33331788,4.3932815e-08,1.0442456e-06,3.0024394e-06,0,6
0.00061502436,7.4396055e-05,0.00021390509,1.3168064e-07,8.999267e-06,3.786109e-07,2.5874902e-05,0.99905986,1.0885899e-06,3.786109e-07,7,7
3.0030444e-05,0.40327725,1.0444569e-05,0.00024825873,0.40327725,0.0020523306,0.0020523306,0.04878217,0.14025955,1.0444569e-05,1,1
1.2522428e-07,7.0748385e-05,0.00020341724,1.2522428e-07,8.558029e-06,3.6004747e-07,0.0048350585,0.039970938,0.0048350585,0.9500755,9,9
0.49978927,4.5019697e-06,1.5657807e-06,5.445776e-07,0.000107008076,0.00030767184,0.49978927,6.58745e-08,6.58745e-08,6.58745e-08,0,6
0.013842941,7.044854e-05,0.00020255512,2.4501958e-05,1.2469356e-07,3.585215e-07,1.2469356e-07,8.521759e-06,0.039801534,0.9460489,9,9
1.0403706e-06,2.991295e-06,7.1100665e-05,7.1100665e-05,0.95480627,0.004859134,8.600642e-06,8.600642e-06,1.0403706e-06,0.040169965,4,4
4.4091244e-06,4.4091244e-06,1.5334908e-06,1.2677206e-05,0.00030132695,0.00010480133,1.2677206e-05,0.4894825,0.020593168,0.4894825,7,9
8.02452e-06,6.633793e-05,2.3072267e-05,2.7909234e-06,0.1077609,0.00019073638,2.7909234e-06,0.0005484092,0.0005484092,0.8908486,9,9
0.10723066,0.00018979782,0.0045113363,1.1684013e-07,2.295878e-05,0.0015690392,0.886465,2.77719e-06,3.3594117e-07,7.985042e-06,6,6
0.0008089216,0.0066872723,0.01922739,1.1836439e-05,0.0008089216,0.45701897,0.0023258294,0.055283003,0.45701897,0.0008089216,5,7
8.816092e-06,0.97872555,0.014321079,8.816092e-06,0.00020955139,3.0662316e-06,1.0664334e-06,0.004980862,8.816092e-06,0.00173234,1,1
2.9915752e-06,0.9548956,0.040173728,3.6187413e-07,8.601447e-06,0.0048595886,2.4731082e-05,2.4731082e-05,1.040468e-06,8.601447e-06,1,2
0.0005476439,0.00019047022,2.3040096e-05,0.8896055,0.0015745979,0.107610576,0.00019047022,9.69327e-07,0.00019047022,6.6245426e-05,3,5
1.3168813e-07,2.5876372e-05,8.999778e-06,0.9991166,3.7863242e-07,0.00021391724,1.0886517e-06,0.0006150593,8.999778e-06,8.999778e-06,3,3
0.00020484676,0.0016934464,7.124551e-05,0.040251814,0.00020484676,0.00020484676,0.00058897963,0.9567522,2.4779118e-05,2.9973914e-06,7,7
0.00021352402,7.426352e-05,0.0017651813,1.3144604e-07,8.983235e-06,8.983235e-06,2.5828806e-05,8.983235e-06,0.99728,0.00061392866,8,8
0.92207533,6.866332e-05,0.00019742223,8.305811e-06,8.305811e-06,2.388106e-05,2.388106e-05,0.038792934,0.038792934,8.305811e-06,0,0
0.00021240993,0.9920765,7.387597e-05,0.0017559703,0.0006107254,3.1080585e-06,0.005048805,3.1080585e-06,3.1080585e-06,0.00021240993,1,1
7.43916e-05,2.5873353e-05,0.999,1.0885248e-06,8.998728e-06,0.00021389229,2.5873353e-05,2.5873353e-05,8.998728e-06,0.0006149875,2,2
1.0738597e-06,2.5524778e-05,1.2989881e-07,0.014420807,0.98554116,8.877494e-06,1.0738597e-06,1.0738597e-06,1.2989881e-07,1.2989881e-07,4,4
8.796084e-06,0.0017284077,2.5290685e-05,0.0049695564,7.271637e-05,0.014288577,0.0017284077,0.00060113915,7.271637e-05,0.9765044,9,5
0.00020981146,3.0700369e-06,0.0049870415,2.537967e-05,0.00020981146,7.297223e-05,0.97994024,0.014338852,0.00020981146,3.0700369e-06,6,6
2.3239702e-06,2.3239702e-06,0.00015882401,0.25799742,1.9212053e-05,9.7772556e-08,1.9212053e-05,0.74179953,8.082754e-07,2.8111768e-07,7,7
3.1307306e-06,2.5881467e-05,9.00155e-06,9.00155e-06,9.00155e-06,0.0006151804,3.1307306e-06,9.00155e-06,0.99931335,3.1307306e-06,8,8
3.787002e-07,7.44136e-05,3.1306747e-06,1.317117e-07,1.317117e-07,1.0888467e-06,0.0006151694,9.001389e-06,1.0888467e-06,0.9992955,9,9
0.99478453,2.5764175e-05,1.3111713e-07,8.960756e-06,8.960756e-06,8.960756e-06,0.0050625885,7.407769e-05,2.5764175e-05,1.3111713e-07,0,0
4.459533e-06,0.49507815,0.007244169,3.686652e-05,0.49507815,0.0025195174,1.8761838e-07,1.2822154e-05,1.2822154e-05,1.2822154e-05,1,1
1.3105264e-07,3.1150096e-06,1.3105264e-07,0.9942953,2.5751504e-05,0.0050600986,3.1150096e-06,0.0006120913,1.3105264e-07,1.3105264e-07,3,3
0.0006110503,0.0006110503,8.941108e-06,3.1097118e-06,0.99260426,7.391533e-05,0.0006110503,0.00021252291,0.00021252291,0.0050514927,4,4
2.2948636e-05,6.598239e-05,0.107183285,0.0045093433,3.3579275e-07,0.88607335,2.2948636e-05,7.9815145e-06,0.0015683459,0.0005454695,5,5
3.788625e-07,2.5892095e-05,0.00021404724,3.788625e-07,9.005247e-06,1.3176815e-07,0.99972373,2.5892095e-05,3.788625e-07,1.3176815e-07,6,6
3.000631e-06,3.000631e-06,3.000631e-06,0.0016952775,8.627485e-06,0.00020506815,3.629696e-07,0.95778626,1.262406e-07,0.04029534,7,7
1.3178636e-07,7.4455784e-05,2.5895675e-05,9.006492e-06,9.006492e-06,0.99986196,1.0894639e-06,9.006492e-06,3.7891488e-07,9.006492e-06,5,8
0.4999652,1.2948724e-05,1.5663319e-06,0.4999652,4.503554e-06,1.8947041e-07,1.8947041e-07,3.723044e-05,1.2948724e-05,6.589769e-08,0,0
0.0016916689,0.9557479,0.013984861,0.0005883614,8.609116e-06,2.9942453e-06,0.013984861,2.9942453e-06,2.9942453e-06,0.013984861,1,1
3.7333018e-07,3.0862811e-06,0.00021092161,0.9851253,2.5514008e-05,0.00021092161,1.29844e-07,8.873748e-06,1.29844e-07,0.014414722,3,3
6.866745e-05,2.8889265e-06,1.0047668e-06,3.4945728e-07,0.9221307,8.30631e-06,0.00019743407,0.038795263,1.2154102e-07,0.038795263,4,4
0.0016941712,7.127603e-05,0.040269043,1.2615821e-07,8.621855e-06,0.00020493433,0.00058923144,0.95716125,1.0429366e-06,3.6273272e-07,7,7
1.2465347e-07,2.4494082e-05,8.5190195e-06,0.03978874,8.5190195e-06,0.013838491,1.0304971e-06,0.00058220344,0.9457448,2.9629068e-06,8,8
1.893391e-07,1.5652464e-06,3.7204638e-05,1.5652464e-06,0.00010697156,0.4996187,0.00030756684,0.00030756684,6.585202e-08,0.4996187,5,9
3.636571e-07,1.2647972e-07,0.040371668,1.2647972e-07,1.0455944e-06,1.2647972e-07,2.4852934e-05,0.9596005,1.0455944e-06,1.2647972e-07,7,7
1.3168605e-07,2.5875966e-05,0.0002139139,1.3168605e-07,8.9996365e-06,0.9991009,2.5875966e-05,0.0006150496,8.9996365e-06,1.3168605e-07,5,5
3.7130482e-07,0.014336521,0.00020977735,7.296043e-05,0.004986233,0.9797809,8.825607e-06,1.291396e-07,1.0675833e-06,0.00060315616,5,5
0.0016913278,0.9555552,0.013982041,0.0005882428,8.60738e-06,2.9936416e-06,0.013982041,0.013982041,2.9936416e-06,0.00020459047,1,1
0.00029240412,0.019983372,0.00084072637,0.019983372,0.006950203,0.00084072637,0.47498804,0.00084072637,0.00029240412,0.47498804,6,9
7.323809e-05,7.323809e-05,0.00021057569,0.0017408078,1.2963105e-07,0.0143910805,1.0716461e-06,1.2963105e-07,1.2963105e-07,0.9835096,9,9
3.1214909e-06,7.419531e-05,3.1214909e-06,0.0017635601,2.5805082e-05,1.0856526e-06,3.775893e-07,0.99636406,1.0856526e-06,0.0017635601,7,7
0.28242728,0.034163617,0.09822801,0.011882079,0.0014373087,0.0014373087,0.28242728,0.0041325795,0.28242728,0.0014373087,0,1
0.81174713,7.3120036e-06,0.00017380009,0.0041310852,0.011877783,0.098192446,0.03415126,0.0041310852,0.0014367882,0.03415126,0,0
0.47023764,0.00010068088,1.2178792e-05,0.00010068088,5.1237765e-07,0.0023931009,0.056882005,5.1237765e-07,0.47023764,3.5016747e-05,0,0
8.81406e-06,0.0017319397,0.0049797115,8.81406e-06,0.00020950308,0.9784999,2.5342366e-05,0.014317776,8.81406e-06,0.00020950308,5,5
3.13131e-06,7.44287e-05,0.00021399897,7.44287e-05,3.7877706e-07,7.44287e-05,2.5886256e-05,9.003216e-06,2.5886256e-05,0.99949825,9,9
5.428856e-07,1.560916e-06,0.00010667561,0.0025355904,0.00088187633,5.428856e-07,1.8881528e-07,0.49823645,6.566983e-08,0.49823645,7,7
0.001535337,0.86742455,2.7175386e-06,0.10492743,0.0005339893,2.7175386e-06,0.01269248,0.00018572113,2.7175386e-06,0.01269248,1,1
5.4156436e-07,0.0025294195,0.0025294195,1.2872546e-05,0.49702388,6.551001e-08,1.8835574e-07,0.49702388,6.551001e-08,0.0008797301,4,7
2.9890953e-06,0.040140413,0.95410407,0.00020427977,0.0005873494,1.0396054e-06,2.4710558e-05,0.00485556,8.594308e-06,7.104837e-05,2,2
3.130356e-06,9.000473e-06,0.9991937,2.587837e-05,7.440602e-05,7.440602e-05,3.130356e-06,0.0006151068,1.0887358e-06,1.3169829e-07,2,2
8.997086e-06,3.1291813e-06,0.00021385349,0.9988188,7.4378106e-05,0.000614876,0.00021385349,3.7851956e-07,2.5868636e-05,2.5868636e-05,3,3
5.440767e-07,1.8922955e-07,0.00030738887,3.7183112e-05,0.00010690966,1.8922955e-07,0.49932963,0.49932963,0.00088381127,4.497829e-06,6,6
2.7941076e-06,0.00019095399,8.033684e-06,0.89186496,3.3798756e-07,1.1755186e-07,2.3098635e-05,2.3098635e-05,0.10788386,2.7941076e-06,3,8
0.0036529177,0.08682685,0.7177888,0.03019832,0.03019832,0.08682685,0.0036529177,0.03019832,0.010502954,0.00015368317,2,3
7.128137e-05,0.0005892761,0.9572338,2.9989003e-06,2.9989003e-06,7.128137e-05,0.014006603,8.6225e-06,0.014006603,0.014006603,2,2
0.99668485,7.42192e-05,1.086002e-06,0.0006135623,8.977873e-06,0.0017641279,3.7771088e-07,0.0006135623,2.5813391e-05,0.00021339659,0,0
0.0045120274,2.2962296e-05,9.660529e-07,7.986266e-06,7.986266e-06,0.0015692796,0.8866008,2.2962296e-05,0.107247084,7.986266e-06,6,0
3.1162508e-06,3.1162508e-06,0.0002129698,0.005062115,8.959917e-06,1.3110485e-07,0.99469143,8.959917e-06,8.959917e-06,1.3110485e-07,6,6
7.427543e-05,0.99744,0.00061402714,2.583295e-05,3.7799703e-07,3.1248617e-06,0.00061402714,0.00061402714,0.00061402714,3.7799703e-07,1,1
3.1246416e-06,3.1246416e-06,3.1246416e-06,0.0017653402,2.583113e-05,1.0867484e-06,0.00061398395,0.99736977,1.0867484e-06,0.00021354324,7,7
3.7695753e-07,7.407117e-05,7.407117e-05,0.005062143,8.959967e-06,0.994697,7.407117e-05,8.959967e-06,1.311056e-07,1.311056e-07,5,5
2.801017e-07,8.0535415e-07,2.315571e-06,0.0037614708,6.657784e-06,0.25706497,1.9142617e-05,6.657784e-06,1.9142617e-05,0.7391185,9,8
7.145013e-05,3.0059978e-06,0.040367406,3.6361874e-07,2.4850311e-05,1.2646638e-07,0.95949924,2.4850311e-05,1.2646638e-07,8.642915e-06,6,6
3.1147679e-06,3.1147679e-06,0.9942181,2.5749505e-05,2.5749505e-05,1.0833143e-06,2.5749505e-05,2.5749505e-05,0.005059706,0.0006120438,2,2
3.1304521e-06,3.1304521e-06,1.0887693e-06,1.0887693e-06,0.0006151257,7.440831e-05,2.5879164e-05,2.5879164e-05,2.5879164e-05,0.9992244,9,9
8.987126e-06,0.00021361675,3.1257173e-06,0.00021361675,0.9977131,3.1257173e-06,3.1257173e-06,7.429577e-05,1.0871224e-06,0.001765947,4,4
0.0012717342,5.3503572e-05,0.24989235,2.7228643e-07,1.8608493e-05,0.030228073,2.2509632e-06,1.8608493e-05,0.718496,1.8608493e-05,8,8
1.0867662e-06,0.00021354675,0.000613994,1.0867662e-06,3.7797665e-07,3.7797665e-07,8.9841815e-06,0.0017653684,0.99738616,8.9841815e-06,8,8
2.9908763e-06,7.1090704e-05,0.00020440148,0.0048584533,2.4725303e-05,1.0402249e-06,3.6178957e-07,0.9546725,1.2583018e-07,0.04016434,7,7
0.011958996,0.81729704,0.03438476,2.1167361e-05,0.0014466122,0.03438476,0.0988638,0.00017498835,2.1167361e-05,0.0014466122,1,1
0.9583086,0.00020517998,0.0005899377,1.0441868e-06,7.136147e-05,0.00020517998,0.040317304,2.4819452e-05,0.00020517998,7.136147e-05,0,0
3.1264929e-06,3.1264929e-06,0.0017663861,8.989366e-06,8.989366e-06,0.00021366976,2.5846435e-05,8.989366e-06,0.9979607,1.3153577e-07,8,8
7.3839234e-05,7.3839234e-05,0.005046294,0.0006104217,8.93191e-06,0.0017550971,0.0006104217,0.99158317,2.5681213e-05,0.0002123043,7,7
7.384446e-05,3.106733e-06,0.0050466512,0.0006104649,8.932542e-06,0.0017552214,0.0006104649,0.9916534,2.5683032e-05,0.00021231933,7,7
0.0017577222,8.94527e-06,8.94527e-06,3.1111595e-06,2.571965e-05,0.9930663,7.394974e-05,1.0820593e-06,0.005053842,3.7633956e-07,5,5
3.0855495e-06,1.0731521e-06,0.014411305,7.334101e-05,8.871644e-06,1.2981322e-07,1.0731521e-06,0.00060630246,0.9848918,3.0855495e-06,8,8
1.4478405e-06,0.0002844969,0.055902883,0.01944298,3.4414e-05,0.46214336,1.1969156e-05,5.0355806e-07,0.46214336,3.4414e-05,5,5
0.031999975,0.00046823552,0.09200702,0.76061267,0.0038708572,0.00016285188,0.011129569,0.0038708572,0.0038708572,0.09200702,3,3
9.003433e-06,7.4430565e-05,3.7878655e-07,1.0890949e-06,0.9995233,0.00021400432,7.4430565e-05,3.1313884e-06,7.4430565e-05,2.588688e-05,4,4
8.995592e-06,1.3162688e-07,0.00061477325,1.3162688e-07,0.00061477325,7.436568e-05,0.9986519,2.5864338e-05,1.3162688e-07,8.995592e-06,6,6
8.989464e-06,0.9979716,3.126527e-06,1.0874041e-06,2.5846717e-05,1.315372e-07,0.0002136721,8.989464e-06,1.315372e-07,0.0017664054,1,1
7.4034404e-05,0.99420327,3.1147213e-06,1.0832981e-06,2.5749121e-05,3.1147213e-06,0.0050596306,8.955521e-06,0.00061203464,8.955521e-06,1,1
2.5433954e-05,7.3128234e-05,3.0765975e-06,0.0017381965,8.8459055e-06,0.9820343,3.721588e-07,8.8459055e-06,0.0017381965,0.014369493,5,5
3.1165794e-06,7.407857e-05,3.1165794e-06,1.3111868e-07,8.960862e-06,0.99479634,2.576448e-05,2.576448e-05,0.0050626486,1.3111868e-07,5,5
0.93256015,0.0005740869,0.039234035,0.00019966709,6.944408e-05,0.013645569,1.0161309e-06,1.0161309e-06,0.013645569,6.944408e-05,0,0
6.542202e-05,6.542202e-05,6.542202e-05,0.10627308,0.0005408375,2.2753717e-05,0.012855256,0.8785489,0.0015550271,7.913728e-06,7,7
5.4650216e-05,1.9007311e-05,0.7338942,0.25524798,6.610725e-06,0.010738615,1.9007311e-05,6.610725e-06,6.610725e-06,6.610725e-06,2,2
0.086810224,0.0036522213,0.010500942,0.086810224,0.0036522213,0.7176513,0.00044178838,0.0036522213,0.086810224,1.8586614e-05,5,3
2.3244284e-06,9.7791826e-08,8.084347e-07,2.3244284e-06,0.25804827,9.7791826e-08,0.74194574,9.7791826e-08,9.7791826e-08,9.7791826e-08,6,6
1.3169347e-07,7.44033e-05,1.088696e-06,7.44033e-05,0.9991572,2.5877423e-05,2.5877423e-05,2.5877423e-05,1.3169347e-07,0.00061508425,4,4
7.438614e-05,0.9989267,0.00021387658,1.3166309e-07,8.998068e-06,3.1295192e-06,0.0006149424,7.438614e-05,7.438614e-05,8.998068e-06,1,1
0.0006063614,0.0006063614,0.98498756,0.0017434238,7.334815e-05,3.0858496e-06,0.0017434238,0.0050127306,0.00021089213,0.0050127306,2,2
7.432167e-05,7.432167e-05,3.126807e-06,3.782324e-07,0.998061,8.99027e-06,1.0875016e-06,8.99027e-06,1.0875016e-06,0.0017665636,4,4
7.44595e-05,0.9999119,9.006942e-06,1.3179294e-07,3.789338e-07,1.3179294e-07,3.1326058e-06,3.789338e-07,1.3179294e-07,3.789338e-07,1,1
8.999601e-06,3.1300528e-06,0.00021391305,2.5875865e-05,8.999601e-06,0.999097,1.0886304e-06,0.00061504723,1.3168554e-07,2.5875865e-05,5,5
3.1315196e-06,1.0891406e-06,1.0891406e-06,1.3174724e-07,0.9995652,0.00021401329,0.00021401329,1.0891406e-06,1.3174724e-07,1.3174724e-07,4,4
3.128584e-06,0.0006147586,0.99862814,2.5863721e-05,2.5863721e-05,1.0881196e-06,3.128584e-06,0.0006147586,7.436391e-05,8.995378e-06,2,2
0.99642617,2.5806692e-05,1.0857202e-06,1.3133351e-07,8.975543e-06,0.00176367,3.7761282e-07,1.0857202e-06,0.00176367,8.975543e-06,0,0
6.680346e-06,0.00015878644,2.3234204e-06,0.00015878644,0.25793624,0.741624,5.522582e-05,5.522582e-05,2.3234204e-06,2.8105117e-07,5,4
2.225439e-05,0.036150556,0.00018397487,0.10394088,0.00018397487,6.398634e-05,9.3627125e-07,0.00018397487,0.8592685,9.3627125e-07,8,8
1.5663645e-06,6.5899066e-08,0.49997562,1.8947436e-07,4.503648e-06,3.7231217e-05,0.49997562,5.447806e-07,4.503648e-06,6.5899066e-08,2,6
2.582005e-05,0.996942,1.0862823e-06,2.582005e-05,0.00061372056,1.0862823e-06,0.00061372056,0.0017645829,3.1233014e-06,8.98019e-06,1,1
1.3175885e-07,3.1317954e-06,3.1317954e-06,2.589027e-05,7.444024e-05,1.3175885e-07,2.589027e-05,0.00021403214,1.3175885e-07,0.9996532,9,9
0.8584855,2.2234131e-05,9.3541814e-07,1.131523e-07,7.7330105e-06,0.036117624,0.10384614,1.131523e-07,0.0015195156,1.131523e-07,0,0
0.001267328,0.0004407759,0.71600664,0.001267328,0.24902661,6.449592e-06,0.030123334,0.001267328,0.0004407759,0.00015330159,2,2
3.7567435e-07,8.929458e-06,2.5674188e-05,2.5674188e-05,0.0017546153,0.99131095,0.0050449087,0.0017546153,7.381903e-05,3.7567435e-07,5,5
0.00021378911,3.1282395e-06,2.5860872e-05,0.0006146909,8.994388e-06,1.3160924e-07,0.99851817,0.0006146909,3.7840564e-07,1.3160924e-07,6,6
1.8943663e-07,1.5660526e-06,1.5660526e-06,0.49987605,0.00010702666,0.00010702666,1.2946415e-05,1.2946415e-05,4.5027514e-06,0.49987605,3,9
0.00027419053,0.002266704,0.006517281,0.053877696,0.018738626,0.002266704,0.44540146,0.006517281,0.018738626,0.44540146,6,3
8.996302e-06,3.1289053e-06,8.996302e-06,0.00061482174,8.996302e-06,1.3163726e-07,0.9987307,0.00061482174,3.784862e-07,8.996302e-06,6,6
1.0864338e-06,0.00061380625,0.0017648293,0.9970811,0.00021348143,2.582363e-05,8.981434e-06,0.00021348143,3.1237373e-06,7.42487e-05,3,3
2.484691e-05,3.0055862e-06,0.04036188,3.6356894e-07,3.0055862e-06,0.00020540679,0.9593679,8.641732e-06,2.484691e-05,1.2644905e-07,6,6
0.49994874,3.7229216e-05,1.5662803e-06,6.589552e-08,4.503406e-06,4.503406e-06,3.7229216e-05,0.49994874,1.2948298e-05,4.503406e-06,0,0
3.1320708e-06,0.99974114,3.1320708e-06,1.3177043e-07,2.5892547e-05,3.1320708e-06,3.788691e-07,9.005404e-06,0.00021405096,1.3177043e-07,1,1
4.406393e-06,1.5325393e-06,0.48917878,0.0008658443,3.642722e-05,3.642722e-05,0.000104736304,0.48917878,1.2669364e-05,0.0205804,2,2
2.5891803e-05,3.1319807e-06,0.00021404482,0.9997124,3.788582e-07,1.3176665e-07,2.5891803e-05,9.005145e-06,9.005145e-06,1.3176665e-07,3,3
2.5720186e-05,0.005053945,1.0820809e-06,7.395121e-05,0.9930861,1.3089327e-07,1.0820809e-06,0.0017577581,1.3089327e-07,1.3089327e-07,4,4
1.0891105e-06,0.00021400738,1.0891105e-06,3.1314332e-06,0.00021400738,0.9995376,1.0891105e-06,1.0891105e-06,1.0891105e-06,2.5887251e-05,5,5
0.00021399045,7.442574e-05,3.1311854e-06,3.78762e-07,0.00021399045,3.78762e-07,0.9994585,2.5885227e-05,3.78762e-07,9.002858e-06,6,6
2.7896554e-06,6.630785e-05,1.1736456e-07,1.1736456e-07,8.020883e-06,0.00019064972,0.10771196,0.89044386,1.1736456e-07,0.0015760817,7,7
2.0493779e-05,0.011578439,0.09571777,5.892414e-05,0.004026974,2.0493779e-05,0.0001694199,0.09571777,0.79128915,0.0014005784,8,8
7.400947e-05,7.400947e-05,7.400947e-05,1.3099638e-07,0.0050579263,0.00021279357,1.0829333e-06,2.5740448e-05,0.00061182847,0.9938684,9,9
0.49994123,6.589453e-08,6.589453e-08,5.447431e-07,4.5033385e-06,0.000107040614,4.5033385e-06,6.589453e-08,5.447431e-07,0.49994123,0,0
8.994406e-06,0.9985202,8.994406e-06,1.3160951e-07,8.994406e-06,0.00061469217,0.00021378955,8.994406e-06,0.00061469217,3.784064e-07,1,1
4.1265457e-06,3.4113746e-05,0.45811132,1.186474e-05,4.1265457e-06,0.0023313884,0.05541514,0.006703256,0.45811132,0.019273352,2,2
1.292508e-07,1.0685027e-06,1.292508e-07,0.9806246,1.292508e-07,0.004990527,3.7162457e-07,2.5397443e-05,8.833207e-06,0.014348866,3,3
1.0895634e-06,3.1327354e-06,1.0895634e-06,3.1327354e-06,0.99995327,3.1327354e-06,9.0073145e-06,2.5898042e-05,1.317984e-07,1.317984e-07,4,4
2.2186789e-05,0.0015162807,7.716551e-06,0.8566583,0.0015162807,0.03604073,6.3791915e-05,0.0005273615,0.10362509,2.2186789e-05,3,5
3.1135146e-06,7.400572e-05,0.0002127828,3.7662446e-07,0.00505767,0.0002127828,0.9938181,0.0006117975,3.7662446e-07,8.952051e-06,6,6
1.3023177e-07,7.357748e-05,1.0766123e-06,0.0017488748,0.0050284034,0.0050284034,2.5590203e-05,0.98806727,1.0766123e-06,2.5590203e-05,7,7
2.5587671e-05,0.0050279107,1.0765067e-06,2.5587671e-05,7.357027e-05,0.0017487033,7.357027e-05,0.0050279107,0.9879704,2.5587671e-05,8,8
0.00019074646,0.004533887,0.013035926,0.013035926,0.03748118,0.00019074646,0.0015768823,0.03748118,0.0015768823,0.89089656,9,9
0.997393,3.1247143e-06,0.0006139983,1.3146094e-07,8.984252e-06,3.7797923e-07,0.0017653813,3.7797923e-07,1.0867738e-06,0.00021354822,0,0
2.4930105e-06,0.7957563,5.925684e-05,8.6706746e-07,0.011643804,0.09625814,3.0156554e-07,2.0609492e-05,0.09625814,1.048843e-07,1,1
3.355776e-07,0.00054512004,0.8855057,0.004506452,2.2933913e-05,0.00054512004,0.00018959242,0.0015673405,2.7741846e-06,0.10711462,2,2
9.4829076e-08,7.839419e-07,0.71946734,0.2502303,0.030268947,7.839419e-07,1.8633666e-05,6.4807714e-06,6.4807714e-06,9.4829076e-08,2,3
3.1306968e-06,0.0006151737,9.001453e-06,1.3171262e-07,9.001453e-06,0.9993025,2.5881187e-05,3.7870288e-07,2.5881187e-05,9.001453e-06,5,5
0.012874682,0.00018838717,7.925687e-06,2.756549e-06,0.8798765,9.58726e-07,0.10643371,0.0005416547,7.925687e-06,6.552094e-05,4,6
3.7879025e-07,7.443129e-05,3.131419e-06,1.3174301e-07,1.3174301e-07,0.00021400642,2.5887159e-05,0.99953306,7.443129e-05,7.443129e-05,7,7
0.00020493544,7.1276416e-05,3.6273465e-07,0.0005892346,0.04026925,0.0016941796,2.998689e-06,1.0429422e-06,0.9571664,3.6273465e-07,8,8
3.126487e-06,0.9979588,3.126487e-06,2.5846386e-05,2.5846386e-05,3.126487e-06,0.00021366935,1.3153551e-07,0.0017663827,1.3153551e-07,1,1
0.9977709,3.7812245e-07,0.00021362913,1.3151075e-07,8.987657e-06,3.7812245e-07,0.0017660502,1.3151075e-07,2.584152e-05,0.00021362913,0,0
7.445003e-05,2.5893674e-05,3.1322072e-06,1.0893797e-06,3.788856e-07,7.445003e-05,1.0893797e-06,9.005796e-06,2.5893674e-05,0.99978465,9,9
3.7668653e-07,7.4017924e-05,1.3101135e-07,0.0050585037,8.953526e-06,0.9939819,2.5743388e-05,2.5743388e-05,0.0006118984,0.00021281787,5,5
1.8947279e-07,3.7230908e-05,1.5663514e-06,1.2948886e-05,6.589851e-08,4.5036104e-06,6.589851e-08,0.49997145,5.4477607e-07,0.49997145,7,7
3.7229485e-05,1.2948392e-05,1.5662918e-06,0.49995238,6.5896e-08,0.49995238,1.2948392e-05,1.2948392e-05,1.2948392e-05,4.503439e-06,3,5
9.0065e-06,0.9998628,3.1324519e-06,7.445585e-05,2.5895697e-05,3.1324519e-06,3.789152e-07,9.0065e-06,3.1324519e-06,9.0065e-06,1,1
0.00446013,0.00018764357,2.2698172e-05,3.3212817e-07,2.2698172e-05,0.012823863,6.526231e-05,3.3212817e-07,0.87640345,0.10601357,8,8
3.782582e-07,1.3155795e-07,8.990883e-06,0.00061445136,0.00061445136,1.3155795e-07,0.99812907,0.00061445136,8.990883e-06,8.990883e-06,6,6
7.1408256e-05,1.0448714e-06,3.0042359e-06,2.4835746e-05,2.4835746e-05,3.0042359e-06,1.0448714e-06,0.040343747,0.0005903245,0.95893687,9,9
0.99735874,0.00061397714,2.5830821e-05,1.0867363e-06,7.426938e-05,7.426938e-05,3.124607e-06,7.426938e-05,8.983935e-06,0.0017653207,0,0
2.7930778e-06,6.638919e-05,1.17508534e-07,0.1078441,0.89153624,1.17508534e-07,9.714306e-07,3.3786299e-07,1.17508534e-07,0.00054883247,4,4
2.7581766e-06,0.880396,2.7581766e-06,2.2801598e-05,3.3364122e-07,0.00018849841,0.012882284,7.9303745e-06,0.10649653,1.16040205e-07,1,1
0.0017149177,0.0005964473,0.014177056,3.0353956e-06,8.727432e-06,0.00020744401,2.5093294e-05,0.00020744401,0.014177056,0.96888286,9,9
2.5850932e-05,3.127037e-06,0.0017666934,0.9981343,8.99093e-06,3.127037e-06,3.127037e-06,2.5850932e-05,2.5850932e-05,3.127037e-06,3,3
0.0021306968,0.050644916,0.017614266,0.0061262264,0.017614266,0.41867638,0.0002577385,0.017614266,0.050644916,0.41867638,5,8
8.982061e-06,7.425382e-05,0.00021349614,7.425382e-05,0.99714977,3.7788706e-07,7.425382e-05,2.5825433e-05,0.0017649508,0.0006138485,4,4
3.7790875e-07,7.425808e-05,7.425808e-05,0.0006138837,0.997207,0.00021350839,2.5826914e-05,2.5826914e-05,1.3143642e-07,0.0017650521,4,4
2.589019e-05,3.1317857e-06,0.00021403148,2.589019e-05,2.589019e-05,3.1317857e-06,2.589019e-05,0.9996501,2.589019e-05,1.3175844e-07,7,7
0.49589157,3.6927093e-05,0.49589157,6.5360766e-08,4.46686e-06,0.00087772595,3.6927093e-05,4.46686e-06,1.8792664e-07,0.007256071,0,0
2.9639073e-06,0.9460642,2.9639073e-06,7.044968e-05,0.013843165,2.9639073e-06,0.00020255838,8.521896e-06,0.039802175,1.2469556e-07,1,1
3.1320003e-06,2.5891963e-05,3.1320003e-06,2.5891963e-05,1.3176746e-07,0.00021404614,1.3176746e-07,9.005201e-06,1.3176746e-07,0.9997186,9,9
8.985354e-06,3.1250977e-06,0.9975153,3.780256e-07,8.985354e-06,7.428104e-05,0.0017655978,0.00061407353,1.3147707e-07,8.985354e-06,2,2
2.5766414e-05,1.0840257e-06,3.1168133e-06,0.0050630285,2.5766414e-05,1.3112853e-07,1.0840257e-06,8.961535e-06,0.994871,1.3112853e-07,8,8
1.0819974e-06,7.394551e-05,3.1109817e-06,0.0050535556,2.5718204e-05,1.0819974e-06,7.394551e-05,0.99300957,3.7631807e-07,0.0017576226,7,7
3.1149334e-06,2.5750873e-05,8.95613e-06,1.3104943e-07,8.95613e-06,0.0050599747,1.0833719e-06,0.00061207626,0.9942709,8.95613e-06,8,8
1.310369e-07,7.403236e-05,0.9941758,2.5748408e-05,8.955272e-06,8.955272e-06,0.0050594904,0.0006120177,2.5748408e-05,8.955272e-06,2,2
0.024277141,0.06980216,0.008443569,0.20069666,0.0010213709,0.57704735,0.00035523216,0.024277141,0.06980216,0.024277141,5,5
0.0014356135,0.011868071,0.004127706,0.004127706,0.034123346,0.81108344,0.0004993055,0.09811218,0.0004993055,0.034123346,5,9
3.130606e-06,7.4411975e-05,3.130606e-06,3.786919e-07,9.001193e-06,3.130606e-06,0.9992736,9.001193e-06,9.001193e-06,0.00061515596,6,6
0.00020987006,1.2919666e-07,0.00020987006,0.004988437,8.829508e-06,3.7146893e-07,0.98021394,2.5386807e-05,3.7146893e-07,0.014342857,6,0
0.07607909,1.6289008e-05,0.628938,6.852999e-07,4.683454e-05,4.683454e-05,0.21874426,4.683454e-05,1.9703884e-06,0.07607909,2,6
8.6385235e-06,2.4837684e-05,1.264021e-07,0.04034689,8.6385235e-06,0.9590116,0.00059037056,1.264021e-07,1.264021e-07,8.6385235e-06,5,5
3.0870528e-06,7.337675e-05,0.014418326,2.5520389e-05,8.875967e-06,0.98537165,7.337675e-05,2.5520389e-05,1.2987647e-07,1.2987647e-07,5,5
3.131935e-06,3.131935e-06,0.00021404169,0.9996978,9.005013e-06,3.131935e-06,2.5891424e-05,2.5891424e-05,9.005013e-06,9.005013e-06,3,3
1.314737e-07,2.5834239e-05,0.0017655527,0.9974898,7.427914e-05,3.1250177e-06,3.7801593e-07,1.0868791e-06,2.5834239e-05,0.0006140578,3,3
7.44069e-05,3.1303925e-06,1.3169982e-07,0.9992054,2.5878671e-05,1.0887485e-06,7.44069e-05,3.7866607e-07,1.3169982e-07,0.00061511394,3,3
0.0015665054,0.10705753,0.0015665054,0.00054482964,0.0015665054,7.972143e-06,0.00054482964,0.00054482964,0.0015665054,0.8850339,9,9
0.0001829338,0.0015122943,6.3624204e-05,2.6767532e-06,2.6767532e-06,0.10335265,0.0001829338,0.85440606,0.035945978,0.004348182,7,8
2.589401e-05,0.99979764,3.132248e-06,2.589401e-05,2.589401e-05,3.132248e-06,7.4450996e-05,9.005913e-06,2.589401e-05,9.005913e-06,1,1
1.9205856e-05,0.7415603,2.3232208e-06,1.9205856e-05,1.9205856e-05,2.3232208e-06,0.00045650682,6.679779e-06,0.25791422,9.774102e-08,1,1
0.7385415,0.00015812645,0.00045464843,8.047254e-07,5.499628e-05,6.6525795e-06,0.00015812645,2.3137632e-06,0.003758534,0.25686428,0,0
8.026005e-06,8.026005e-06,0.00054851064,3.3766486e-07,0.00054851064,2.7914398e-06,0.89101344,0.10778086,6.6350265e-05,2.307656e-05,6,6
7.931942e-06,0.88057,0.106517576,1.16063134e-07,9.594817e-07,2.7587218e-06,1.16063134e-07,7.931942e-06,7.931942e-06,0.012884829,1,1
0.9985342,7.435691e-05,1.0880171e-06,2.5861289e-05,8.994532e-06,2.5861289e-05,2.5861289e-05,0.0006147008,7.435691e-05,0.0006147008,0,0
0.8866317,0.10725083,7.986536e-06,3.3600435e-07,2.2963077e-05,9.660866e-07,0.004512183,9.660866e-07,2.7777123e-06,0.0015693336,0,0
3.0648423e-06,0.0006022335,7.284876e-05,0.0017315544,0.01431459,3.0648423e-06,0.97828215,8.812098e-06,3.0648423e-06,0.0049786037,6,6
0.004859323,1.2585272e-07,0.95484346,2.472973e-05,7.110344e-05,1.0404111e-06,2.9914117e-06,2.472973e-05,1.0404111e-06,0.040171534,2,2
8.522239e-06,0.94610226,0.00020256655,2.9640266e-06,0.013843723,2.9640266e-06,3.585417e-07,8.522239e-06,0.039803777,2.450334e-05,1,1
0.00021284539,0.9941104,7.4027426e-05,2.5746667e-05,8.954675e-06,7.4027426e-05,0.0050591556,0.00021284539,0.00021284539,8.954675e-06,1,1
3.1312402e-06,2.588568e-05,3.1312402e-06,0.999476,2.588568e-05,0.0002139942,9.003015e-06,2.588568e-05,3.1312402e-06,0.0002139942,3,3
8.983544e-06,7.426608e-05,0.00021353138,3.7794945e-07,0.00061394984,1.3145058e-07,8.983544e-06,1.3145058e-07,0.0017652422,0.9973144,9,2
0.048669513,1.0420446e-05,0.00071215036,0.40234584,8.614481e-05,0.40234584,3.6242213e-06,0.13993564,3.6242213e-06,0.0058872746,3,7
3.0012034e-06,3.0012034e-06,0.04030302,1.2626467e-07,3.630388e-07,0.0016956008,2.4810677e-05,0.9579689,1.0438166e-06,1.2626467e-07,7,7
0.0007483921,0.0002602903,0.4228216,1.3246502e-06,0.006186884,0.14705706,1.3246502e-06,1.0950743e-05,0.4228216,9.052881e-05,2,8
8.509542e-06,0.013823111,3.580079e-07,3.580079e-07,2.4466835e-05,0.039744504,0.0016721028,2.4466835e-05,0.9446936,8.509542e-06,8,8
1.17046575e-07,2.7820972e-06,2.7820972e-06,0.0045193075,2.2999347e-05,1.17046575e-07,3.3653475e-07,0.88803136,1.17046575e-07,0.10742013,7,7
0.01822202,0.05239234,1.3569208e-06,0.43312225,0.0022042147,0.05239234,1.3569208e-06,0.006337607,0.43312225,0.0022042147,3,8
2.5889873e-05,7.443909e-05,7.443909e-05,7.443909e-05,0.99963784,9.004473e-06,7.443909e-05,2.5889873e-05,3.1317472e-06,3.7882995e-07,4,4
0.0002127936,2.5740428e-05,0.0006118286,3.1136726e-06,0.0050579268,3.1136726e-06,0.9938685,0.0002127936,3.1136726e-06,1.0829334e-06,6,6
0.9974329,2.5832765e-05,1.0868172e-06,0.0017654519,8.984612e-06,2.5832765e-05,2.5832765e-05,2.5832765e-05,7.42749e-05,0.0006140228,0,0
6.665715e-06,9.753523e-08,0.73999894,0.001309795,8.0631344e-07,9.753523e-08,2.3183293e-06,0.2573712,0.001309795,2.8043533e-07,2,2
0.741234,0.00045630595,1.9197389e-05,0.00015870294,5.519678e-05,5.519678e-05,0.25780073,0.00015870294,6.676833e-06,5.519678e-05,0,0
0.0017397564,7.3193834e-05,0.005002186,3.07936e-06,0.00021044862,0.005002186,2.5456744e-05,0.9829161,2.5456744e-05,0.005002186,7,7
0.9974585,2.583343e-05,7.427681e-05,1.3146958e-07,8.984843e-06,0.0017654973,2.583343e-05,2.583343e-05,1.0868451e-06,0.00061403855,0,0
1.3153027e-07,1.3153027e-07,0.00021366084,0.997919,3.7817858e-07,1.3153027e-07,7.43111e-05,2.5845357e-05,0.0017663124,1.3153027e-07,3,3
0.00021373309,7.433623e-05,0.00021373309,3.7830648e-07,3.1274196e-06,8.99203e-06,0.9982565,0.0006145298,1.3157475e-07,0.0006145298,6,6
9.006777e-06,7.4458134e-05,3.1325483e-06,1.0894984e-06,1.3179053e-07,9.006777e-06,1.3179053e-07,9.006777e-06,0.99989355,3.7892687e-07,8,8
0.013780049,2.9503938e-06,2.9503938e-06,1.2412704e-07,2.439064e-05,0.0047926926,2.439064e-05,0.94175076,1.0261451e-06,0.039620705,7,7
0.00021185483,0.9894839,0.0050356127,1.0781558e-06,8.913e-06,8.913e-06,0.0050356127,0.00021185483,1.0781558e-06,1.0781558e-06,1,1
1.5649848e-06,1.5649848e-06,0.0008841752,3.7198424e-05,4.4996814e-06,0.49953523,6.584102e-08,1.8930747e-07,1.8930747e-07,0.49953523,5,5
3.716e-07,7.301843e-05,1.0684321e-06,1.0684321e-06,0.014347918,1.0684321e-06,1.2924225e-07,2.5395766e-05,0.0049901973,0.9805598,9,9
6.34504e-05,0.0015081633,0.0043363045,0.103070326,0.035847787,6.34504e-05,0.0015081633,2.206801e-05,0.0015081633,0.8520721,9,9
0.00061353785,7.4216245e-05,0.00061353785,0.99664515,1.0859588e-06,0.00021338809,3.776958e-07,0.0017640567,7.4216245e-05,3.776958e-07,3,3
0.00015825876,5.5042245e-05,1.914364e-05,2.315699e-06,0.25707912,0.0013083083,0.00045502884,0.7391594,0.0013083083,0.00045502884,7,7
2.5507436e-05,7.3339506e-05,3.0854862e-06,0.014411009,1.2981056e-07,8.871462e-06,1.2981056e-07,0.00060629,1.2981056e-07,0.98487157,9,2
7.393969e-05,7.393969e-05,1.0819123e-06,0.0050531575,0.99293137,8.944063e-06,7.393969e-05,2.571618e-05,3.7628843e-07,0.0017574842,4,4
3.1325865e-06,3.1325865e-06,3.1325865e-06,1.3179212e-07,7.445904e-05,1.3179212e-07,1.0895116e-06,1.3179212e-07,9.006886e-06,0.9999057,9,9
0.03796862,0.00459285,8.129325e-06,2.3373601e-05,0.90248257,0.013205457,0.0015973895,0.0005555711,0.0015973895,0.03796862,4,4
1.2578712e-07,2.4716843e-05,1.2578712e-07,0.9543458,8.596495e-06,0.00058749825,0.040150594,1.0398688e-06,0.0048567904,2.4716843e-05,3,3
4.489592e-06,5.4308026e-07,6.5693385e-08,0.0003068259,1.5614758e-06,0.0025364999,0.49841514,0.0003068259,1.2908579e-05,0.49841514,6,6
2.5896963e-05,3.1326051e-06,0.99991167,9.00694e-06,9.00694e-06,3.1326051e-06,3.1326051e-06,1.3179292e-07,2.5896963e-05,9.00694e-06,2,2
0.014344784,3.0713072e-06,0.98034567,3.0713072e-06,3.0713072e-06,0.004989105,3.0713072e-06,0.00020989827,2.539017e-05,7.300242e-05,2,2
1.0390719e-06,0.00020417492,2.4697898e-05,0.040119823,8.5899055e-06,0.95361435,0.00058704795,0.00058704795,0.004853068,1.2569072e-07,5,5
3.6323758e-07,3.6323758e-07,1.263338e-07,0.9584934,1.263338e-07,0.0005900515,0.0005900515,3.6323758e-07,1.263338e-07,0.04032509,3,3
3.1307654e-06,0.00021396174,0.99932444,9.001641e-06,7.441576e-05,9.001641e-06,3.1307654e-06,0.00021396174,7.441576e-05,7.441576e-05,2,2
5.4619075e-05,0.010732496,0.00015704191,0.25510252,9.6675485e-08,0.73347604,1.8996481e-05,0.00045153013,9.6675485e-08,6.6069583e-06,5,5
1.1732766e-07,2.7887784e-06,0.0015755863,0.10767809,8.018361e-06,0.8901639,2.305458e-05,0.00054798764,3.3734293e-07,1.1732766e-07,5,5
3.1299005e-06,7.4395204e-05,0.00021390265,1.0885775e-06,8.999164e-06,8.999164e-06,2.5874606e-05,0.0006150173,1.3167913e-07,0.9990484,9,9
0.0016601005,0.0002008129,0.013723883,8.448469e-06,0.93791264,2.4291214e-05,0.0047731576,0.03945921,0.0016601005,0.0005773819,4,4
2.1325886e-06,0.6807115,0.00014574468,1.7629918e-05,6.131669e-06,0.23675105,8.972088e-08,0.08234183,1.7629918e-05,6.131669e-06,1,1
8.844944e-06,7.312028e-05,7.312028e-05,1.2942253e-07,0.0143679315,7.312028e-05,0.0017380075,0.9819276,1.2942253e-07,0.0017380075,7,7
2.2806098e-05,1.16063106e-07,0.88056976,9.594814e-07,0.012884826,2.758721e-06,0.106517546,1.16063106e-07,9.594814e-07,1.16063106e-07,2,2
0.48926786,6.448773e-08,1.2671671e-05,5.331133e-07,1.8541647e-07,0.48926786,0.000866002,6.448773e-08,5.331133e-07,0.020584147,0,0
7.4006275e-05,0.99382555,0.0050577084,1.0828866e-06,1.0828866e-06,1.3099074e-07,0.0002127844,0.0006118021,3.113538e-06,0.0002127844,1,1
1.2926076e-05,5.438164e-07,0.49909073,0.00088338845,5.438164e-07,5.438164e-07,3.7165322e-05,0.49909073,0.00088338845,6.578243e-08,2,2
3.13172e-06,3.7882666e-07,0.00021402698,0.99962914,2.5889647e-05,7.4438445e-05,2.5889647e-05,1.0892103e-06,1.3175567e-07,2.5889647e-05,3,3
2.5895015e-05,7.4453885e-05,1.31783e-07,2.5895015e-05,0.99983644,1.0894361e-06,1.0894361e-06,2.5895015e-05,9.006262e-06,1.31783e-07,4,4
3.087444e-06,2.5523621e-05,3.087444e-06,0.014420153,1.2989292e-07,0.98549646,2.5523621e-05,3.7347084e-07,2.5523621e-05,1.2989292e-07,5,5
0.014416941,1.2986399e-07,3.0867564e-06,7.33697e-05,0.0002109541,3.7338768e-07,0.985277,8.875115e-06,3.7338768e-07,8.875115e-06,6,6
3.1300267e-06,3.1300267e-06,1.3168443e-07,0.00021391126,7.43982e-05,1.3168443e-07,3.7862182e-07,0.99908864,1.0886213e-06,0.0006150421,7,7
2.3240068e-06,1.9212353e-05,0.00015882651,9.777409e-08,9.777409e-08,6.682039e-06,9.777409e-08,0.74181116,0.25800148,9.777409e-08,7,8
0.00021215754,0.0017538839,0.005042806,2.5663461e-05,0.0006099997,2.5663461e-05,0.0006099997,0.00021215754,0.0006099997,0.9908977,9,9
0.99986994,7.445638e-05,1.0894726e-06,1.3178742e-07,9.006564e-06,2.5895883e-05,3.7891792e-07,9.006564e-06,1.0894726e-06,9.006564e-06,0,0
2.320925e-06,0.7408275,2.320925e-06,1.9186878e-05,1.9186878e-05,0.0001586159,0.25765935,2.8074933e-07,0.0013112614,9.764444e-08,1,1
2.6868994e-07,2.2212314e-06,0.7090058,0.24659178,2.6868994e-07,0.00015180267,0.00043646616,0.010374438,0.003608223,0.029828815,2,2
5.447868e-07,1.5663825e-06,4.5036995e-06,0.49998134,1.2949143e-05,6.589982e-08,1.2949143e-05,4.5036995e-06,6.589982e-08,0.49998134,3,3
3.7865442e-07,2.5877876e-05,7.4404605e-05,1.3169577e-07,0.99917465,9.000301e-06,7.4404605e-05,2.5877876e-05,1.3169577e-07,0.000615095,4,4
0.0006048837,7.31694e-05,1.2950946e-07,1.070641e-06,0.0006048837,0.98258716,3.0783294e-06,8.850885e-06,0.0017391751,0.014377583,5,5
3.1089553e-06,0.0017564778,1.3079793e-07,3.1089553e-06,0.005050264,3.7607293e-07,0.99236274,0.00061090157,3.7607293e-07,0.0002124712,6,6
2.27483e-06,0.010624775,0.25254208,0.010624775,5.4070868e-05,9.570516e-08,1.8805815e-05,0.7261142,1.8805815e-05,9.570516e-08,7,7
3.7332802e-07,1.2984326e-07,1.2984326e-07,0.0002109204,8.873697e-06,0.0002109204,2.5513862e-05,0.014414639,0.98511964,8.873697e-06,8,8
8.9992445e-06,2.5874837e-05,0.00021390457,7.4395866e-05,0.00061502284,1.0885872e-06,3.1299287e-06,1.3168031e-07,1.3168031e-07,0.99905735,9,9
0.19084321,4.086073e-05,4.942694e-06,0.0027924892,0.19084321,0.5487166,0.00033779166,0.06637514,4.086073e-05,4.942694e-06,5,0
3.1327643e-06,0.99996245,3.7895296e-07,1.0895734e-06,3.7895296e-07,3.1327643e-06,3.1327643e-06,3.7895296e-07,2.5898278e-05,1.3179961e-07,1,1
2.5748835e-07,0.082188934,0.6794476,0.23631147,6.120284e-06,6.120284e-06,0.0012026193,0.00041827006,2.5748835e-07,0.00041827006,2,2
1.566318e-06,3.723011e-05,6.5897105e-08,0.49996078,1.294861e-05,5.447644e-07,1.294861e-05,1.294861e-05,6.5897105e-08,0.49996078,3,3
2.984689e-06,2.4674155e-05,1.0380729e-06,0.0048484025,0.9526976,3.6104115e-07,0.0016862706,0.04008125,7.094364e-05,0.00058648357,4,4
1.8931802e-05,0.010695964,0.00015650736,0.00015650736,0.25423405,0.7309794,1.8931802e-05,0.003720048,1.8931802e-05,7.964856e-07,5,5
1.3177203e-07,3.1321085e-06,0.00021405354,1.3177203e-07,1.3177203e-07,1.3177203e-07,0.9997532,2.589286e-05,1.3177203e-07,3.1321085e-06,6,6
1.0872245e-06,7.430274e-05,0.0002136368,2.5842448e-05,8.9879795e-06,3.1260106e-06,2.5842448e-05,0.9978067,7.430274e-05,0.0017661136,7,7
0.00015872707,6.6778484e-06,5.520517e-05,5.520517e-05,5.520517e-05,0.00045637536,1.9200308e-05,6.6778484e-06,0.7413467,0.25783995,8,8
0.00017181702,0.0014203945,0.00017181702,0.09707207,0.0014203945,7.228574e-06,0.00017181702,7.228574e-06,0.09707207,0.8024851,9,9
0.012640084,0.8638437,0.10449429,2.2372884e-05,0.012640084,0.00018495428,6.432698e-05,0.004396213,0.00018495428,0.0015289995,1,1
0.9997968,7.445093e-05,1.089393e-06,1.3177777e-07,9.005906e-06,7.445093e-05,9.005906e-06,2.5893989e-05,1.3177777e-07,9.005906e-06,0,0
0.0067869187,0.05610677,0.46382895,9.9308745e-05,0.0008209749,0.0008209749,0.0067869187,0.46382895,0.0008209749,9.9308745e-05,2,1
3.1300772e-06,0.000615052,0.9991048,1.0886389e-06,8.999672e-06,0.00021391473,2.5876067e-05,2.5876067e-05,1.0886389e-06,1.3168656e-07,2,2
0.0006051229,3.0795466e-06,7.319833e-05,1.2956068e-07,0.00021046137,0.014383268,0.0017398626,0.98297566,3.7251553e-07,8.854385e-06,7,7
5.8353353e-06,0.0011466283,0.0011466283,2.029526e-06,0.078362435,0.22530942,0.64781445,0.027254399,0.009479064,0.009479064,6,5
7.4273055e-05,3.1247616e-06,0.0006140075,0.9974081,2.5832123e-05,7.4273055e-05,0.001765408,2.5832123e-05,1.3146293e-07,8.984388e-06,3,3
8.960887e-06,2.576455e-05,7.4078765e-05,1.3111904e-07,0.005062662,3.769962e-07,3.1165878e-06,2.576455e-05,1.3111904e-07,0.994799,9,4
8.910324e-06,2.5619172e-05,1.3037919e-07,3.0990022e-06,0.9891858,0.005034096,7.3660776e-05,2.5619172e-05,0.005034096,0.00060894585,4,4
0.74184763,5.5242475e-05,9.7778894e-08,8.083278e-07,6.6823673e-06,6.6823673e-06,0.25801414,6.6823673e-06,5.5242475e-05,6.6823673e-06,0,0
0.9924919,8.9400955e-06,0.0006109811,0.0050509186,2.5704774e-05,2.5704774e-05,2.5704774e-05,0.0017567056,3.1093598e-06,3.7612187e-07,0,0
2.3206399e-06,2.3206399e-06,0.00015859642,2.8071483e-07,0.00015859642,0.2576277,0.7407365,0.0013111003,2.8071483e-07,2.3206399e-06,6,6
1.0436057e-06,3.0005967e-06,1.2623914e-07,0.00020506581,2.4805662e-05,1.2623914e-07,3.629654e-07,0.9577753,0.0016952581,0.04029488,7,9
0.00021168169,7.362269e-05,0.0050314954,7.362269e-05,7.362269e-05,8.905716e-06,0.98867524,0.00021168169,0.0006086316,0.0050314954,6,6
0.00021396551,0.00021396551,3.7871786e-07,3.1308205e-06,2.5882187e-05,2.5882187e-05,0.999342,7.441707e-05,7.441707e-05,2.5882187e-05,6,6
3.4153214e-05,0.4586417,0.006711014,0.00081179343,0.00028234127,0.4586417,9.819803e-05,0.019295655,0.055479284,4.1313233e-06,1,5
8.942084e-08,0.003452645,5.052039e-05,1.7570961e-05,0.2359593,8.942084e-08,1.7570961e-05,0.08206646,7.392326e-07,0.6784351,9,7
1.0821209e-06,2.572114e-05,0.9931229,2.572114e-05,8.945788e-06,0.005054132,0.0017578232,3.76361e-07,1.3089812e-07,3.1113366e-06,2,2
0.00021378645,8.994266e-06,0.0006146832,0.9985057,1.0879861e-06,8.994266e-06,3.1282004e-06,2.5860527e-05,3.1282004e-06,0.0006146832,3,3
3.7629087e-07,7.394017e-05,7.394017e-05,3.7629087e-07,0.99293786,7.394017e-05,3.110757e-06,0.0017574957,0.0050531905,2.5716346e-05,4,4
0.00018287924,0.0043468894,7.693976e-06,7.693976e-06,0.0005258187,7.693976e-06,0.10332193,0.035935294,0.0015118448,0.8541521,9,4
0.00021390157,8.99911e-06,3.1298848e-06,2.5874428e-05,0.0006150142,3.1298848e-06,7.439477e-05,8.99911e-06,3.1298848e-06,0.9990434,9,9
0.025107367,0.0010562998,0.025107367,1.8696452e-06,5.375642e-06,0.07218924,1.8696452e-06,0.2075601,0.07218924,0.59678125,9,1
3.789249e-07,7.4457756e-05,1.3178985e-07,1.0894928e-06,9.006731e-06,1.3178985e-07,2.5896361e-05,0.9998884,1.3178985e-07,3.789249e-07,7,4
0.99700814,0.0006137613,2.582174e-05,3.1235088e-06,7.4243275e-05,0.0017647,0.00021346581,0.00021346581,8.980776e-06,7.4243275e-05,0,0
0.0017345217,0.0017345217,7.29736e-05,3.0700944e-06,0.0002098154,0.0002098154,0.014339121,0.9799586,0.0017345217,3.0700944e-06,7,7
1.0719938e-06,3.0822189e-06,3.0822189e-06,0.0017413725,3.728388e-07,1.296731e-07,1.0719938e-06,0.98382866,2.5480425e-05,0.014395749,7,9
0.10395445,2.6923392e-06,6.399467e-05,7.74107e-06,0.00018399897,0.03615528,0.00018399897,6.399467e-05,2.6923392e-06,0.859381,9,5
1.0892571e-06,7.4441654e-05,0.0002140362,1.3176134e-07,9.004782e-06,1.0892571e-06,1.0892571e-06,0.9996722,1.0892571e-06,2.589076e-05,7,7
3.036091e-06,3.036091e-06,0.9691048,0.0017153113,8.72944e-06,0.00020749154,0.0141803045,0.00059658394,3.6725893e-07,0.0141803045,2,2
1.2639306e-07,2.4835907e-05,0.040344007,0.958943,1.044878e-06,7.1408715e-05,2.4835907e-05,3.6340793e-07,1.2639306e-07,0.0005903283,3,3
7.4264586e-05,0.99729437,0.0006139375,3.7794186e-07,0.00021352709,3.7794186e-07,2.5829155e-05,0.0017652059,3.1244053e-06,8.983355e-06,1,1
1.2948384e-05,5.447549e-07,1.5662907e-06,1.5662907e-06,0.49995208,4.5034362e-06,3.7229463e-05,1.8946544e-07,3.7229463e-05,0.49995208,4,4
5.6135303e-08,1.3342883e-06,3.171495e-05,3.171495e-05,0.42589805,0.14812708,4.640646e-07,4.640646e-07,1.1030441e-05,0.42589805,4,4
0.9589852,3.0043873e-06,0.04034578,1.2639862e-07,2.4837e-05,0.00020532486,0.00020532486,2.4837e-05,3.6342394e-07,0.00020532486,0,0
8.944355e-06,1.3087714e-07,0.00021259987,0.0050533223,3.7630068e-07,1.3087714e-07,3.110838e-06,0.0017575416,1.3087714e-07,0.99296373,9,9
0.005045725,7.383093e-05,7.383093e-05,7.383093e-05,0.00021228025,7.383093e-05,0.0017548983,0.00061035226,0.00061035226,0.9914709,9,9
0.013838025,7.042352e-05,0.039787397,1.2464928e-07,1.2464928e-07,1.2464928e-07,0.9457129,0.0005821838,1.2464928e-07,8.518732e-06,6,6
3.1315244e-06,0.99956673,1.3174744e-07,1.0891422e-06,1.3174744e-07,0.00021401362,0.00021401362,3.78803e-07,3.78803e-07,1.3174744e-07,1,1
3.1271145e-06,2.5851574e-05,8.991154e-06,1.0876084e-06,8.991154e-06,1.3156192e-07,0.0017667373,2.5851574e-05,0.9981591,1.3156192e-07,8,8
0.00066454976,0.005493765,0.015795799,0.37545294,0.04541642,0.005493765,0.04541642,0.37545294,0.13058227,0.00023112999,3,3
3.6975274e-07,0.0049653905,1.2859978e-07,0.97568536,1.2859978e-07,0.0049653905,2.526952e-05,0.014276593,7.265545e-05,8.788716e-06,3,3
0.0015957511,0.03792968,0.90155697,0.0015957511,8.120986e-06,0.013191913,0.0045881392,0.03792968,0.0015957511,8.120986e-06,2,7
1.31619e-07,7.436123e-05,3.1284715e-06,0.9985922,3.784337e-07,7.436123e-05,2.586279e-05,0.00061473646,1.31619e-07,0.00061473646,3,3
1.0455637e-06,3.6364642e-07,3.0062267e-06,2.4852205e-05,2.4852205e-05,1.26476e-07,3.0062267e-06,0.040370483,1.26476e-07,0.9595723,9,9
0.00019084323,9.712252e-07,2.3085217e-05,3.3779153e-07,3.3779153e-07,0.0005487164,6.6375156e-05,3.3779153e-07,0.8913477,0.10782129,8,8
3.0865742e-06,7.336537e-05,0.00021094165,2.5516432e-05,8.874591e-06,8.874591e-06,0.014416091,2.5516432e-05,0.9852189,8.874591e-06,8,8
0.9576424,7.131186e-05,7.131186e-05,3.6291505e-07,0.0016950228,3.6291505e-07,1.2622162e-07,2.480222e-05,0.040289287,0.00020503734,0,4
3.7669838e-07,3.1141258e-06,0.0006119176,0.005058663,1.3101545e-07,0.00021282457,2.5744195e-05,0.99401313,7.4020245e-05,1.3101545e-07,7,7
2.5873682e-05,3.1297889e-06,3.1297889e-06,2.5873682e-05,1.3167443e-07,0.00021389501,0.0006149953,0.9990127,7.439255e-05,2.5873682e-05,7,7
3.0873896e-06,3.0873896e-06,7.338475e-05,3.7346427e-07,3.0873896e-06,0.014419899,0.9854791,8.876936e-06,1.2989064e-07,8.876936e-06,6,6
1.0676631e-06,3.0697672e-06,0.97985417,0.004986606,3.713326e-07,3.0697672e-06,0.0006032013,0.014337593,1.0676631e-06,0.00020979304,2,2
0.0006148962,0.99885166,1.0883631e-06,8.997383e-06,0.00021386052,8.997383e-06,3.129284e-06,0.00021386052,8.997383e-06,7.438055e-05,1,1
3.781782e-07,1.0873458e-06,0.00021366063,2.5845331e-05,0.0017663107,1.3153014e-07,1.3153014e-07,1.3153014e-07,7.431103e-05,0.99791807,9,9
0.0015756673,6.629041e-05,8.018774e-06,9.699852e-07,8.018774e-06,0.00019059957,6.629041e-05,0.107683636,0.8902097,0.00019059957,8,8
8.014771e-06,0.0015748817,6.625734e-05,2.7875326e-06,0.00019050464,0.00019050464,0.0005477429,0.8897663,0.10762998,2.3044237e-05,7,7
2.789298e-06,0.10769819,6.6299355e-05,6.6299355e-05,0.00019062529,9.70116e-07,0.0015758799,6.6299355e-05,0.8903298,2.789298e-06,8,8
7.444105e-05,1.3176027e-07,1.3176027e-07,1.3176027e-07,9.00471e-06,0.00021403446,3.1318293e-06,2.5890551e-05,0.99966407,9.00471e-06,8,8
6.6674834e-06,5.511944e-05,5.511944e-05,0.000455667,6.6674834e-06,0.0013101432,0.000455667,0.74019605,1.9170488e-05,0.25743967,7,7
0.00019636177,0.038584575,0.0016233035,0.9171233,6.82945e-05,8.261204e-06,0.038584575,0.0016233035,0.0016233035,0.000564584,3,2
2.3090633e-05,9.714522e-07,0.891556,1.1751114e-07,8.030901e-06,3.378705e-07,8.030901e-06,0.10784649,0.0005488447,8.030901e-06,2,2
1.2065701e-05,0.0068168,0.0002867917,0.4658711,0.0023708788,0.4658711,3.4691555e-05,0.0023708788,1.2065701e-05,0.056353793,3,3
8.751311e-06,3.0436975e-06,8.751311e-06,0.014215832,8.751311e-06,3.0436975e-06,3.0436975e-06,0.014215832,1.2805245e-07,0.9715328,9,9
4.5480294e-05,0.02569513,0.07387921,0.6107519,0.0001307659,4.5480294e-05,0.07387921,0.2124191,4.5480294e-05,0.0031081964,3,3
8.914223e-06,2.5630385e-05,2.5630385e-05,0.9896197,0.00021188389,2.5630385e-05,8.914223e-06,0.005036304,1.0783037e-06,0.005036304,3,3
0.012415824,0.00018167301,0.00052234996,9.2455673e-07,3.2156026e-07,0.8485174,2.1975946e-05,0.035698246,9.2455673e-07,0.10264035,5,5
0.0013094477,0.00045542512,5.509018e-05,0.00045542512,2.3177158e-06,0.257303,0.00045542512,0.00015839658,2.3177158e-06,0.73980314,9,5
0.49814054,0.000106655076,0.0025351024,0.000106655076,3.7094567e-05,0.0008817066,0.49814054,1.2901455e-05,1.5606155e-06,3.7094567e-05,0,0
5.447562e-07,3.7229547e-05,0.4999532,6.589611e-08,5.447562e-07,5.447562e-07,1.2948414e-05,0.4999532,3.7229547e-05,4.5034462e-06,2,7
2.7939889e-06,9.717476e-07,0.00019094588,0.10787928,0.8918271,3.3797323e-07,8.033335e-06,9.717476e-07,6.641085e-05,2.3097633e-05,4,9
3.784315e-07,7.43608e-05,7.43608e-05,1.3161824e-07,1.3161824e-07,0.9985864,2.586264e-05,0.0006147329,8.995003e-06,0.0006147329,5,5
3.786996e-07,7.441349e-05,1.3171149e-07,3.1306697e-06,3.1306697e-06,3.786996e-07,0.9992939,0.0006151685,3.786996e-07,9.0013755e-06,6,6
2.7872786e-06,2.7872786e-06,2.7872786e-06,0.001574739,8.014049e-06,0.8896852,0.000547693,8.014049e-06,0.107620195,0.000547693,5,5
7.143438e-05,0.95928764,3.6353856e-07,1.0452536e-06,7.143438e-05,0.00020538962,3.0053347e-06,0.040358506,1.0452536e-06,1.2643848e-07,1,1
1.175718e-07,2.7945814e-06,6.642494e-05,3.3804488e-07,0.89201623,8.035046e-06,2.7945814e-06,9.719537e-07,0.10790216,1.175718e-07,4,4
3.126419e-06,0.9979371,0.0017663443,1.0873665e-06,1.0873665e-06,1.3153266e-07,2.5845824e-05,2.5845824e-05,2.5845824e-05,0.00021366471,1,1
0.013775974,0.94147265,0.013775974,0.004791273,0.0016664017,0.004791273,0.013775974,0.0005795735,0.004791273,0.0005795735,1,1
0.0005455856,0.0045103007,0.8862619,0.00018975433,0.0005455856,0.0005455856,0.00018975433,2.7765536e-06,0.10720607,2.7765536e-06,2,2
0.00021011334,0.014359483,3.7189955e-07,3.7189955e-07,3.7189955e-07,1.0692933e-06,0.0017369848,0.0017369848,0.9813502,0.00060412224,8,8
0.0002107945,1.2976575e-07,0.9845316,1.2976575e-07,8.8684e-06,1.2976575e-07,0.0006060807,0.014406035,2.5498632e-05,0.0002107945,2,2
3.13043e-06,7.4407784e-05,9.000686e-06,3.13043e-06,3.13043e-06,1.317014e-07,0.9992174,0.00061512133,7.4407784e-05,1.317014e-07,6,6
0.10788567,0.8918799,2.7941544e-06,8.033819e-06,3.3799324e-07,9.718051e-07,8.033819e-06,1.1755384e-07,2.3099023e-05,0.00019095719,1,1
8.999428e-06,1.3168301e-07,1.3168301e-07,0.00021390893,8.999428e-06,0.9990778,3.7861773e-07,7.4397394e-05,1.3168301e-07,0.0006150354,5,5
0.4245001,0.0021603366,3.1610853e-05,3.1610853e-05,0.00026132358,3.1610853e-05,0.14764088,0.4245001,0.00075136335,9.0888185e-05,0,0
7.441728e-05,0.9993449,0.00021396612,2.5882284e-05,3.7871894e-07,7.441728e-05,3.7871894e-07,2.5882284e-05,2.5882284e-05,0.00021396612,1,1
7.428061e-05,8.985302e-06,0.9975095,8.985302e-06,8.985302e-06,1.314763e-07,0.0017655875,0.0006140699,3.7802337e-07,8.985302e-06,2,2
0.0004558305,5.5139266e-05,9.759622e-08,0.74046165,6.6698826e-06,0.25753212,0.0013106139,1.9177402e-05,9.759622e-08,0.00015853757,3,3
8.642389e-06,7.1445786e-05,7.1445786e-05,3.635966e-07,0.9594408,8.642389e-06,1.2645867e-07,0.04036495,2.48488e-05,8.642389e-06,4,4
0.004836219,3.6013387e-07,0.03998053,8.560083e-06,0.004836219,0.95030355,2.461215e-05,1.0354644e-06,3.6013387e-07,8.560083e-06,5,5
0.00015882969,8.0830426e-07,2.811277e-07,9.7776045e-08,2.811277e-07,0.741826,0.25800663,9.7776045e-08,2.811277e-07,6.6821726e-06,5,6
0.03917349,0.0016480801,0.013624516,0.0005732012,0.00019935904,0.013624516,8.387287e-06,0.9311214,2.4115301e-05,2.9170933e-06,7,7
5.8978905e-05,0.0115892,0.09580674,2.0512825e-05,0.0014018802,0.0014018802,0.00048757283,0.09580674,0.7920246,0.0014018802,8,8
0.004317747,0.0015017084,0.0015017084,0.012414476,0.012414476,6.317889e-05,0.012414476,0.004317747,0.84842527,0.10262921,8,9
0.98509467,7.3356125e-05,7.3356125e-05,2.5513214e-05,8.873472e-06,7.3356125e-05,0.014414273,1.2983996e-07,2.5513214e-05,0.00021091507,0,0
7.11917e-05,0.9560288,0.0016921669,0.04022139,8.611646e-06,1.0417027e-06,0.00020469188,7.11917e-05,8.611646e-06,0.0016921669,1,1
0.00029698957,0.0070591955,0.48243678,0.020296745,0.0001032928,1.5114174e-06,0.0070591955,0.00029698957,1.2494727e-05,0.48243678,2,2
2.4911312e-06,0.096185565,2.4911312e-06,0.7951565,0.00017024808,0.096185565,0.011635027,0.0004895008,2.4911312e-06,0.00017024808,3,3
3.00519e-06,7.143093e-05,7.143093e-05,2.4843634e-05,0.9592414,0.0002053797,8.640593e-06,0.040356558,8.640593e-06,8.640593e-06,4,4
0.00024870996,8.650108e-05,8.650108e-05,0.4040102,0.4040102,0.14051446,3.0085024e-05,8.650108e-05,0.0020560608,0.04887083,3,5
0.0011917523,8.874506e-08,0.23417611,8.874506e-08,0.009852095,2.1093945e-06,0.673308,1.7438173e-05,0.08144627,6.0649804e-06,6,6
9.004037e-06,7.443549e-05,3.1315953e-06,2.5888618e-05,9.004037e-06,3.788116e-07,3.788116e-07,0.9995894,7.443549e-05,0.00021401847,7,7
5.5026478e-05,6.656239e-06,2.3150358e-06,0.0037605998,0.00015821343,6.656239e-06,0.25700548,2.3150358e-06,0.7389477,5.5026478e-05,8,8
2.2370352e-05,0.004395714,0.012638648,0.0015288258,7.780395e-06,0.012638648,7.780395e-06,0.0005317247,0.10448244,0.8637459,9,9
0.9989267,2.5871454e-05,7.438614e-05,8.998068e-06,8.998068e-06,0.00021387658,2.5871454e-05,7.438614e-05,2.5871454e-05,0.0006149424,0,0
2.253601e-06,0.2501853,0.00015401487,9.481202e-08,2.7260552e-07,5.356627e-05,2.253601e-06,0.719338,7.83801e-07,0.030263504,7,1
3.130148e-06,0.0006150659,0.9991273,8.999875e-06,3.7863649e-07,3.130148e-06,2.587665e-05,1.0886635e-06,1.0886635e-06,0.00021391954,2,2
5.3303376e-07,3.6428417e-05,0.000104739745,0.48919487,4.406538e-06,4.406538e-06,1.26697805e-05,0.48919487,0.0008658728,0.020581078,3,3
3.7826732e-07,7.4328535e-05,1.087602e-06,3.7826732e-07,0.99815315,3.1270959e-06,0.0017667267,3.7826732e-07,1.3156114e-07,3.7826732e-07,4,4
0.0006109132,7.389876e-05,7.389876e-05,0.0017565112,0.0050503598,0.99238163,2.5701942e-05,2.5701942e-05,1.0813133e-06,3.760801e-07,5,5
0.00010473553,3.642695e-05,0.00086583797,5.330123e-07,0.4891752,3.642695e-05,0.4891752,1.2669271e-05,1.2669271e-05,0.02058025,4,6
0.00021257054,7.39319e-05,0.0006111872,1.3085908e-07,1.3085908e-07,0.0006111872,3.7624875e-07,0.9928267,0.0050526247,0.0006111872,7,7
1.071939e-06,1.071939e-06,3.7281973e-07,0.0017412826,0.0143950125,7.32581e-05,3.7281973e-07,3.7281973e-07,0.98377836,8.861606e-06,8,8
2.4637464e-05,0.000585612,0.33085522,0.0002036755,7.0838214e-05,0.0016837647,2.4637464e-05,0.33085522,0.33085522,0.0048411973,2,8
0.99394166,7.4014926e-05,7.4014926e-05,0.0050582993,2.5742345e-05,1.0830131e-06,0.00021280926,0.0006118736,3.766713e-07,1.3100603e-07,0,0
0.014407972,8.869593e-06,7.332405e-05,1.297832e-07,0.00060616224,0.00021082285,0.984664,3.084836e-06,2.550206e-05,1.297832e-07,6,6
0.9891885,2.5619242e-05,0.0050341096,3.7486998e-07,0.0050341096,7.366097e-05,8.910349e-06,1.3037955e-07,2.5619242e-05,0.00060894754,0,0
0.002919375,0.19951482,0.5736493,0.00012282198,5.167276e-06,0.00012282198,0.024134174,0.19951482,1.4857059e-05,1.7971754e-06,2,0
1.8941532e-07,1.2944959e-05,0.49981982,1.5658765e-06,0.00030769064,6.587853e-08,3.7219615e-05,0.49981982,5.446108e-07,6.587853e-08,2,2
1.0815413e-06,1.0815413e-06,0.9925909,0.00021252006,7.3914336e-05,0.0050514247,0.00021252006,2.5707337e-05,7.3914336e-05,0.0017568816,2,3
3.7857689e-07,7.438937e-05,0.00061496906,1.316688e-07,1.316688e-07,0.00021388587,2.5872576e-05,0.99897003,7.438937e-05,2.5872576e-05,7,7
2.807641e-07,5.5169417e-05,5.5169417e-05,9.764958e-08,0.25767294,9.764958e-08,1.9187888e-05,0.0013113306,1.9187888e-05,0.74086654,9,9
1.0837178e-06,0.00021294775,8.958981e-06,1.0837178e-06,0.9945885,2.5759075e-05,3.769164e-07,2.5759075e-05,7.406309e-05,0.0050615887,4,4
8.506393e-06,0.013817982,0.03972977,1.2446873e-07,1.2446873e-07,0.0002021899,2.445778e-05,0.94434315,0.0016714833,0.0002021899,7,7
0.0017655687,0.00061406347,3.1250463e-06,2.5834475e-05,1.314749e-07,7.427982e-05,8.9852065e-06,0.9974989,1.314749e-07,8.9852065e-06,7,1
2.0839643e-05,0.0001722793,0.09733316,3.0493345e-07,8.7675096e-07,3.0493345e-07,0.00049534097,0.8046434,3.0493345e-07,0.09733316,7,9
1.0823063e-06,0.00021267039,0.00021267039,0.005054998,3.7642548e-07,1.0823063e-06,0.0006114743,0.99329305,1.0823063e-06,0.0006114743,7,1
0.10581221,0.012799504,2.2655058e-05,0.00018728698,6.5138294e-05,0.00018728698,0.00445166,0.87473875,0.00018728698,0.0015482838,7,7
0.00015757908,0.0037455221,0.00015757908,0.735985,2.305754e-06,0.0037455221,5.4805856e-05,0.25597507,1.9061425e-05,0.00015757908,3,1
7.4359414e-05,0.00021379975,0.00021379975,2.5862159e-05,0.9985678,0.00021379975,7.4359414e-05,3.7842446e-07,1.0880538e-06,0.00061472144,4,4
0.9831051,7.320797e-05,0.014385162,1.2957773e-07,8.855551e-06,7.320797e-05,1.2957773e-07,0.0006052026,0.0017400918,8.855551e-06,0,0
0.48836663,0.000104562416,0.020546228,1.2648318e-05,1.2648318e-05,0.000104562416,0.48836663,5.321313e-07,0.0024853605,1.8507494e-07,0,0
5.291656e-07,0.48564488,0.0008595893,0.0071061375,0.48564488,6.401021e-08,5.291656e-07,0.0002989645,1.2577839e-05,0.020431725,1,1
0.03861163,0.0001964996,0.004670632,1.0000113e-06,6.834244e-05,2.8752531e-06,2.8752531e-06,0.9177662,0.03861163,6.834244e-05,7,7
2.537493e-05,0.0049861055,0.00020977207,0.000603141,0.97975624,0.014336159,3.7129547e-07,7.295859e-05,8.825376e-06,1.0675565e-06,4,5
0.25794455,0.00015879146,1.9208097e-05,5.522757e-05,5.522757e-05,2.3234938e-06,5.522757e-05,0.7416475,6.680558e-06,5.522757e-05,7,7
8.8676725e-06,0.014404853,8.8676725e-06,0.00021077722,0.000606031,0.00021077722,7.3308176e-05,0.9844508,2.549654e-05,1.2975511e-07,7,1
3.252232e-07,7.7302775e-06,0.10380954,0.85818297,6.390551e-05,0.00018374245,6.390551e-05,0.036104888,0.0015189794,6.390551e-05,3,3
0.0006143147,0.99790704,0.00021365828,0.0006143147,3.7817404e-07,1.0873338e-06,2.5845045e-05,0.0006143147,8.988883e-06,1.315287e-07,1,3
9.669625e-08,1.9000561e-05,2.2983872e-06,0.7336336,2.7802307e-07,7.9937763e-07,2.7802307e-07,0.010734801,0.25515732,0.00045162713,3,3
0.00088329974,0.49904084,0.49904084,1.563436e-06,1.292476e-05,0.00088329974,4.4952235e-06,1.292476e-05,1.292476e-05,0.00010684783,1,1
0.014214455,7.233922e-05,0.014214455,3.6814342e-07,2.5159537e-05,3.6814342e-07,0.97143877,1.2804006e-07,2.5159537e-05,8.750463e-06,6,6
3.7606972e-07,3.1089287e-06,3.1089287e-06,0.0050502205,8.938865e-06,0.00021246939,1.307968e-07,0.0006108964,0.0017564627,0.9923543,9,9
0.0004186925,0.0004186925,0.6801338,0.000145621,2.130779e-06,5.064689e-05,0.08227196,0.23655012,6.1264595e-06,2.130779e-06,2,7
7.4000294e-05,0.9937452,0.00021276719,2.5737258e-05,0.0006117526,0.005057299,8.951394e-06,2.5737258e-05,2.5737258e-05,0.00021276719,1,1
3.8298617e-06,0.42517477,0.42517477,0.14787553,1.6112729e-07,1.6112729e-07,0.0007525575,0.00026173893,0.0007525575,3.8298617e-06,1,3
0.49992657,3.7227564e-05,3.7227564e-05,1.8945578e-07,4.503206e-06,3.7227564e-05,0.49992657,1.2947724e-05,1.2947724e-05,4.503206e-06,0,0
1.2955891e-07,7.3197334e-05,0.9829623,2.5457988e-05,3.7251047e-07,1.2955891e-07,0.0006051147,0.014383072,0.001739839,0.00021045851,2,2
0.014416058,1.2985603e-07,7.3365205e-05,3.7336477e-07,0.00021094117,7.3365205e-05,0.9852166,1.2985603e-07,1.2985603e-07,8.874571e-06,6,6
0.9855167,1.298956e-07,1.0738331e-06,3.734785e-07,0.01442045,2.5524145e-05,3.734785e-07,2.5524145e-05,1.0738331e-06,8.877274e-06,0,0
1.0451802e-06,7.1429364e-05,3.0051237e-06,7.1429364e-05,1.264296e-07,1.264296e-07,7.1429364e-05,0.0002053752,0.04035567,0.9592203,9,8
8.875344e-06,7.337159e-05,7.337159e-05,2.5518595e-05,0.014417314,1.2986735e-07,1.2986735e-07,2.5518595e-05,7.337159e-05,0.98530245,9,9
0.001575388,0.1076646,0.00054791896,6.627869e-05,6.627869e-05,2.3051667e-05,3.3730063e-07,0.8900523,2.7884287e-06,9.698138e-07,7,4
7.139236e-05,7.139236e-05,0.00020526879,0.95872337,1.263641e-07,3.6332472e-07,0.0005901931,0.040334765,1.263641e-07,3.003567e-06,3,3
9.719262e-07,2.7945025e-06,6.642306e-05,1.17568476e-07,8.034819e-06,0.891991,3.3803533e-07,0.107899114,2.31019e-05,8.034819e-06,5,5
0.0011912598,0.0098480275,0.08141264,5.0117902e-05,0.23407939,0.00014410003,5.0117902e-05,0.00014410003,0.6730301,5.0117902e-05,8,4
0.0007780847,0.006432347,0.00027061737,0.43959713,0.05317558,0.00027061737,0.05317558,0.43959713,0.006432347,0.00027061737,3,8
0.0002128274,0.9940264,0.0002128274,0.005058728,8.953918e-06,2.5744492e-05,3.1141674e-06,0.0002128274,2.5744492e-05,0.0002128274,1,1
7.9960756e-07,0.00015712081,0.0107378885,1.9006025e-05,0.2552307,0.7338446,2.2990484e-06,7.9960756e-07,2.7810302e-07,6.610278e-06,5,5
2.5448053e-05,2.5448053e-05,0.00060487905,0.0143774655,0.00060487905,8.850817e-06,8.850817e-06,2.5448053e-05,0.0017391609,0.9825796,9,9
0.4994971,1.5648653e-06,0.00010694552,1.2936601e-05,6.583599e-08,0.00088410766,0.4994971,6.583599e-08,6.583599e-08,6.583599e-08,0,0
0.49869302,6.573001e-08,3.7135705e-05,6.573001e-08,1.5623463e-06,3.7135705e-05,0.49869302,0.0025379139,6.573001e-08,6.573001e-08,0,6
0.0037388348,1.902741e-05,0.0037388348,0.0013003638,0.73467094,5.4708005e-05,0.00045226573,5.4708005e-05,0.25551796,0.00045226573,4,6
0.00060617586,2.5502633e-05,0.014408296,0.98468614,8.8697925e-06,0.0002108276,2.5502633e-05,2.5502633e-05,3.0849053e-06,1.2978612e-07,3,3
3.1208142e-06,7.417923e-05,0.0017631778,0.00021328167,2.579949e-05,1.3129686e-07,0.0017631778,1.3129686e-07,0.9961481,8.973038e-06,8,8
3.6452268e-05,0.48951516,0.00030134706,6.452033e-08,1.8551019e-07,5.333827e-07,6.452033e-08,0.48951516,3.6452268e-05,0.020594552,1,1
2.9907137e-06,7.108684e-05,7.108684e-05,0.00020439038,0.95462066,3.617699e-07,0.0048581893,8.59897e-06,3.617699e-07,0.040162157,4,4
0.00020985826,7.298857e-05,8.829012e-06,0.00020985826,8.829012e-06,3.7144804e-07,1.2918939e-07,0.01434205,0.0049881563,0.9801588,9,7
0.0017635416,8.97489e-06,7.419453e-05,1.0856412e-06,1.3132394e-07,0.9963536,1.3132394e-07,0.0017635416,2.5804813e-05,8.97489e-06,5,5
1.8798379e-07,0.49604237,0.49604237,6.538065e-08,4.4682183e-06,0.00030536522,3.6938323e-05,0.0072582774,0.00030536522,4.4682183e-06,1,2
0.7335602,0.00045158196,5.4625292e-05,2.2981574e-06,2.2981574e-06,0.25513172,0.010733727,6.6077096e-06,5.4625292e-05,2.2981574e-06,0,0
0.88663244,2.2963117e-05,0.107250914,2.7777146e-06,7.98655e-06,3.360046e-07,0.0045121885,9.660874e-07,0.0015693356,1.16862196e-07,0,0
3.006223e-06,0.9595712,8.643564e-06,1.0455625e-06,8.643564e-06,3.63646e-07,3.006223e-06,0.040370435,2.4852176e-05,8.643564e-06,1,1
7.427338e-05,0.0017654165,7.427338e-05,3.1247782e-06,0.00021355257,0.00021355257,3.1247782e-06,0.99741334,2.5832209e-05,0.00021355257,7,7
1.17027035e-07,2.7816327e-06,1.17027035e-07,0.00019010143,1.17027035e-07,1.17027035e-07,0.1074022,0.004518553,0.88788307,2.7816327e-06,8,8
0.00015867519,2.3217926e-06,5.518708e-05,6.675666e-06,0.2577556,2.3217926e-06,0.0004562262,0.7411044,2.3217926e-06,0.0004562262,7,9
0.36779085,0.00022641319,0.0053816508,0.00022641319,0.1279174,0.1279174,0.36779085,0.001871734,0.0006509879,0.00022641319,0,6
3.376324e-07,0.0005484579,2.7911715e-06,0.8909278,8.025242e-06,1.1742834e-07,2.7911715e-06,0.0005484579,0.1077705,0.00019075333,3,8
7.770467e-08,1.8469738e-06,1.8469738e-06,0.20504327,7.770467e-08,2.2341808e-07,1.8469738e-06,0.00036292552,0.20504327,0.58954465,9,8
3.1158454e-06,2.5758414e-05,0.9945621,8.958752e-06,2.5758414e-05,1.3108782e-07,7.406112e-05,2.5758414e-05,0.0050614565,0.0002129421,2,2
6.5878865e-08,5.446136e-07,6.5878865e-08,0.49982238,4.502268e-06,0.49982238,0.00030769221,5.446136e-07,3.7219805e-05,4.502268e-06,3,3
0.14437814,0.4151191,0.00025554863,0.006074178,0.000734759,8.887957e-05,0.017464608,0.4151191,3.091226e-05,0.000734759,1,6
0.010640784,0.7272083,0.00044767171,0.0037008582,5.4152293e-05,1.8834135e-05,1.8834135e-05,0.25292253,0.0037008582,0.0012871556,1,1
0.00040659757,0.00014141438,0.22971681,0.07989535,0.22971681,0.22971681,0.22971681,0.00014141438,0.00040659757,0.00014141438,2,2
6.1234327e-06,0.0012032386,0.6797978,0.08223128,2.1297262e-06,0.00014554906,1.7606222e-05,0.00014554906,1.7606222e-05,0.23643321,2,9
1.8880166e-07,3.7099035e-05,1.8880166e-07,0.0025354065,0.49820054,0.00010666792,5.4284646e-07,3.7099035e-05,0.49820054,0.00088181236,4,5
1.3148602e-07,0.0006141154,0.99758327,3.7805134e-07,0.0017657181,1.3148602e-07,3.7805134e-07,2.583666e-05,1.086981e-06,8.985966e-06,2,2
0.9848483,7.333778e-05,1.0731048e-06,1.2980749e-07,8.871253e-06,0.0006062757,2.5506833e-05,3.7322522e-07,2.5506833e-05,0.014410669,0,0
9.005288e-06,0.99972826,3.1320305e-06,1.3176874e-07,3.7886423e-07,0.00021404821,9.005288e-06,2.5892214e-05,1.0893183e-06,9.005288e-06,1,1
0.0006150592,0.00021391723,0.9991165,1.316881e-07,8.9997775e-06,8.9997775e-06,3.7863236e-07,2.5876368e-05,1.0886516e-06,8.9997775e-06,2,2
9.0055655e-06,9.0055655e-06,9.0055655e-06,0.9997601,7.44482e-05,9.0055655e-06,3.1321301e-06,7.44482e-05,2.5893014e-05,2.5893014e-05,3,3
1.0729157e-06,0.9846747,0.00021082514,7.332485e-05,0.014408128,1.2978461e-07,1.2978461e-07,1.2978461e-07,2.5502337e-05,0.0006061688,1,4
3.7892522e-07,1.3178996e-07,7.445782e-05,1.3178996e-07,1.3178996e-07,0.99988925,3.7892522e-07,9.006738e-06,2.5896383e-05,1.3178996e-07,5,5
2.3229104e-06,2.3229104e-06,0.00015875159,6.6788866e-06,6.6788866e-06,0.00045644582,0.7414612,1.9203291e-05,0.25787976,6.6788866e-06,6,6
0.0035512112,0.0035512112,0.24269564,0.02935752,0.010210525,0.010210525,0.001235109,0.69780374,0.001235109,0.00014940424,7,7
0.04797818,0.016686775,2.9535533e-05,2.9535533e-05,0.0020185057,0.1379479,0.39663076,0.0020185057,0.39663076,2.9535533e-05,6,8
7.9182255e-06,0.00018820983,3.3313043e-07,0.0015559107,0.012862561,3.3313043e-07,2.753954e-06,3.3313043e-07,0.87904817,0.10633349,8,9
0.46596602,0.00082475744,0.006818186,0.00082475744,4.1972985e-06,0.0023713608,3.4698623e-05,0.056365266,0.00082475744,0.46596602,0,0
7.4738923e-06,0.10036646,0.034907393,6.178593e-05,0.8297193,9.0407406e-07,7.4738923e-06,0.034907393,2.148911e-05,3.144364e-07,4,1
0.013978996,0.013978996,0.013978996,0.0016909594,0.00020454593,0.9553471,2.9929897e-06,0.00058811466,2.4742729e-05,0.00020454593,5,2
8.7281505e-06,0.014178223,7.215477e-05,0.0017150588,8.7281505e-06,7.215477e-05,0.0005964964,0.00020746108,0.014178223,0.9689626,9,3
3.7696304e-07,7.407225e-05,7.407225e-05,7.407225e-05,0.9947115,0.005062217,3.1163136e-06,1.3110751e-07,1.3110751e-07,3.7696304e-07,4,4
0.89150333,6.638675e-05,9.713948e-07,0.0005488122,8.030426e-06,0.10784012,8.030426e-06,8.030426e-06,8.030426e-06,8.030426e-06,0,5
1.0736611e-06,1.0736611e-06,0.014418139,3.734187e-07,8.875852e-06,3.734187e-07,0.98535883,1.2987478e-07,1.2987478e-07,0.00021097162,6,6
0.0011784792,0.0011784792,0.0805392,0.009742372,4.9580205e-05,0.00014255404,0.009742372,0.23156804,0.6658094,4.9580205e-05,8,7
8.975105e-06,0.0017635848,0.0017635848,3.7759477e-07,7.419638e-05,3.7759477e-07,1.0856683e-06,3.7759477e-07,0.9963785,8.975105e-06,8,8
1.0832832e-06,3.1146785e-06,7.4033385e-05,2.5748766e-05,0.0050595608,8.955397e-06,1.3103872e-07,0.00061202626,2.5748766e-05,0.9941896,9,9
0.4981689,1.2902201e-05,1.5607043e-06,0.000106661144,0.0025352465,0.4981689,4.4873736e-06,0.0008817568,1.2902201e-05,0.000106661144,0,0
3.254116e-07,0.29864842,0.29864842,3.9363222e-08,1.13177954e-07,0.103869736,3.254116e-07,0.29864842,3.254116e-07,0.0001838489,1,1
0.00030663688,1.5605137e-06,0.49810806,0.002534937,4.4868257e-06,0.49810806,0.0008816491,1.2900626e-05,3.7092148e-05,4.4868257e-06,2,2
6.596456e-05,0.00054532255,0.004508126,0.107154384,0.00054532255,6.596456e-05,0.00054532255,0.00054532255,0.00018966284,0.8858346,9,3
8.8196575e-06,0.9791204,0.00020963592,1.2905252e-07,0.0006027495,0.0049828715,7.291124e-05,0.014326856,7.291124e-05,0.0006027495,1,4
0.00018979372,7.984877e-06,0.004511241,2.2958284e-05,7.984877e-06,0.88644665,0.10722842,7.984877e-06,0.001569006,7.984877e-06,5,5
1.2804396e-07,7.234143e-05,0.014214889,1.2804396e-07,8.750731e-06,3.0434956e-06,0.9714684,0.014214889,8.750731e-06,8.750731e-06,6,6
0.014407646,7.332239e-05,0.00021081809,2.5501484e-05,1.2978026e-07,8.869392e-06,3.7314692e-07,0.98464173,2.5501484e-05,0.0006061485,7,7
1.0725336e-06,8.86653e-06,1.2973838e-07,2.5493255e-05,2.5493255e-05,1.2973838e-07,0.0006059529,0.014402997,0.984324,0.0006059529,8,8
0.0033452266,0.027654635,0.0033452266,0.07951322,4.894861e-05,4.894861e-05,4.894861e-05,0.22861812,4.894861e-05,0.6573277,9,9
7.428901e-05,0.0017657881,7.428901e-05,3.1254358e-06,3.1254358e-06,0.00021359751,3.1254358e-06,0.99762326,2.5837646e-05,0.00021359751,7,7
0.00028214077,0.000811217,0.00028214077,0.01928196,0.0554399,0.45831603,0.0067062485,0.45831603,0.00028214077,0.00028214077,5,4
0.0060395645,0.00025409248,0.41275373,0.017365092,0.00025409248,0.00025409248,0.14355546,0.000730572,0.0060395645,0.41275373,2,6
6.641046e-05,0.8918218,2.7939723e-06,1.1754618e-07,2.3097517e-05,0.00019094475,8.033295e-06,0.10787864,1.1754618e-07,8.033295e-06,1,1
2.2984746e-05,2.7803337e-06,0.004516443,9.669983e-07,6.608628e-05,0.10735206,0.8874684,9.669983e-07,0.0005463283,2.2984746e-05,6,4
0.9923341,1.0812615e-06,0.000610884,3.1088655e-06,0.00021246508,0.0017564271,0.005050118,3.1088655e-06,2.570071e-05,3.1088655e-06,0,0
3.835243e-06,3.170558e-05,3.170558e-05,3.170558e-05,0.4257722,0.00026210668,5.6118715e-08,1.1027181e-05,0.14808331,0.4257722,4,9
0.0048335027,0.0048335027,2.9755165e-06,1.2518399e-07,8.555276e-06,0.0005846812,1.2518399e-07,8.555276e-06,0.9497698,0.039958075,8,9
0.072160095,0.00036723202,0.00036723202,0.20747627,0.025097232,0.00036723202,0.00036723202,0.072160095,0.5965402,0.025097232,8,3
3.1316224e-06,0.00021402031,9.004105e-06,7.4436124e-05,3.7881483e-07,2.5888816e-05,7.4436124e-05,0.99959797,3.7881483e-07,3.7881483e-07,7,7
0.0029817969,0.5859148,0.00036069096,0.20378076,0.0029817969,4.363073e-05,1.5174741e-05,0.00012544799,0.20378076,1.5174741e-05,1,8
0.9996412,3.1317577e-06,9.004503e-06,3.1317577e-06,2.5889958e-05,1.3175726e-07,2.5889958e-05,0.00021402957,7.443935e-05,3.1317577e-06,0,4
0.039342508,0.004759041,0.013683294,0.0016551908,8.4234825e-06,0.004759041,8.4234825e-06,0.93513876,6.9636044e-05,0.00057567435,7,7
1.3178418e-07,9.006343e-06,7.4454554e-05,9.006343e-06,1.3178418e-07,0.9998454,1.0894458e-06,2.5895248e-05,2.5895248e-05,9.006343e-06,5,5
2.7927197e-06,0.10783028,0.00054876215,3.378197e-07,9.713061e-07,9.713061e-07,0.00019085914,2.7927197e-06,0.891422,3.378197e-07,8,8
2.757222e-06,9.589601e-07,0.8800913,9.589601e-07,0.1064597,0.00054178695,0.012877826,9.589601e-07,9.589601e-07,2.2793685e-05,2,5
2.02626e-05,0.011447829,0.094638035,0.78236306,0.003981548,0.011447829,5.8259448e-05,0.094638035,2.02626e-05,0.0013847792,3,3
0.95379275,0.004853976,0.040127326,8.591513e-06,8.591513e-06,1.0392663e-06,8.591513e-06,0.0005871578,2.4702518e-05,0.0005871578,0,2
0.94531244,0.00020239744,0.03977054,7.03937e-05,2.4482863e-05,0.013832165,3.582424e-07,2.9615521e-06,0.00020239744,0.00058193726,0,2
0.95616114,8.612838e-06,0.0016924011,1.0418469e-06,0.0016924011,0.04022696,1.0418469e-06,8.612838e-06,0.00020472021,2.99554e-06,0,0
0.00056649983,3.4873906e-07,0.038715515,3.4873906e-07,0.038715515,0.001628812,0.92023546,6.8526315e-05,6.8526315e-05,3.4873906e-07,6,5
1.0882585e-06,8.996518e-06,3.7849566e-07,3.1289835e-06,3.7849566e-07,0.0006148371,3.7849566e-07,0.0006148371,0.9987557,3.7849566e-07,8,8
1.2956689e-07,0.0017399462,3.0796946e-06,0.00021047148,8.85481e-06,2.5459556e-05,0.98302287,0.00060515193,1.2956689e-07,0.014383959,6,6
0.9997063,7.444419e-05,7.444419e-05,3.788559e-07,9.00509e-06,7.444419e-05,2.5891646e-05,2.5891646e-05,1.3176584e-07,9.00509e-06,0,0
1.3170816e-07,7.441161e-05,3.1305908e-06,0.9992687,3.7869006e-07,3.1305908e-06,2.5880312e-05,0.00061515294,1.3170816e-07,9.001148e-06,3,3
8.988166e-06,7.4304284e-05,0.00021364124,8.988166e-06,1.315182e-07,7.4304284e-05,2.5842985e-05,1.315182e-07,0.0017661504,0.9978275,9,8
3.113666e-06,0.9938664,0.00021279314,1.3099611e-07,2.5740395e-05,0.00021279314,0.00061182724,0.005057916,3.7664276e-07,8.952486e-06,1,1
0.88030994,2.2799368e-05,0.012881025,2.2799368e-05,3.336086e-07,3.336086e-07,0.10648612,6.555322e-05,2.2799368e-05,0.00018847999,0,0
0.0018451638,3.2659318e-06,0.01525378,0.3625697,0.00022319904,0.12610145,0.005305253,2.6999114e-05,0.12610145,0.3625697,3,3
0.9957182,2.5788355e-05,1.3124018e-07,8.969166e-06,8.969166e-06,0.0017624169,0.00061296724,7.414722e-05,0.0017624169,2.5788355e-05,0,0
0.0018538465,0.364276,0.364276,7.799382e-05,0.0153255705,0.12669493,7.799382e-05,0.12669493,0.0006447666,7.799382e-05,1,4
1.0891757e-06,7.443609e-05,7.443609e-05,1.317515e-07,3.1316208e-06,0.00021402021,2.5888827e-05,0.9995975,9.004109e-06,3.7881466e-07,7,7
8.499416e-06,0.039697163,0.013806642,8.499416e-06,0.00058086374,0.00058086374,7.026378e-05,0.9435686,0.0016701116,8.499416e-06,7,4
6.5723e-08,3.7131744e-05,0.000106761974,6.5723e-08,1.2914398e-05,0.0025376433,1.2914398e-05,0.49863982,1.2914398e-05,0.49863982,7,9
0.00444386,0.0015455711,6.50242e-05,0.105626844,0.0001869591,0.0015455711,6.50242e-05,0.87320656,0.0005375487,0.0127770845,7,2
0.0024063515,0.0024063515,0.0024063515,0.019893076,0.0002910829,0.00010123845,0.019893076,0.006918798,0.4728418,0.4728418,8,9
0.9892826,1.0779365e-06,0.0050345883,3.7490565e-07,0.0050345883,2.5621679e-05,0.00060900545,3.0993056e-06,1.3039195e-07,8.911196e-06,0,5
0.0017518799,0.0017518799,0.0050370437,0.0006093027,0.00021191512,0.0006093027,2.5634137e-05,0.9897655,2.5634137e-05,0.00021191512,7,7
1.0815226e-06,0.99257374,0.0017568512,1.0815226e-06,1.0815226e-06,0.0050513376,3.1096163e-06,0.0006110315,3.7615288e-07,3.7615288e-07,1,1
0.00045647487,1.9204512e-05,5.521721e-05,1.9204512e-05,0.25789616,6.6793114e-06,1.9204512e-05,0.74150836,1.9204512e-05,2.8100735e-07,7,7
1.1319792e-07,0.2987011,0.103888065,3.2546902e-07,1.1319792e-07,0.2987011,3.2546902e-07,0.2987011,7.736135e-06,3.9370168e-08,1,1
8.506472e-06,2.958546e-06,0.00020219198,2.958546e-06,0.013818124,8.506472e-06,0.94435287,0.00020219198,0.0016714997,0.03973017,6,6
0.001756168,1.081102e-06,0.005049373,2.569692e-05,8.937365e-06,7.3884315e-05,0.99218774,0.0006107939,7.3884315e-05,0.00021243373,6,6
0.00015774743,2.3082173e-06,0.7367712,0.0013040813,0.0013040813,0.2562485,2.3082173e-06,0.0037495233,0.00045355866,6.6366338e-06,2,5
3.1303646e-06,7.440623e-05,9.000498e-06,7.440623e-05,9.000498e-06,3.786627e-07,0.99919647,9.000498e-06,0.00061510847,9.000498e-06,6,6
0.012680357,0.0044102203,0.0044102203,0.0015338712,0.00053347944,0.10482725,0.0044102203,0.8665964,6.453197e-05,0.00053347944,7,2
0.0049905265,2.539744e-05,8.833206e-06,1.0685025e-06,3.716245e-07,1.2925078e-07,1.2925078e-07,1.2925078e-07,0.9806245,0.014348865,8,8
0.0006061485,7.332239e-05,0.00021081809,2.5501484e-05,1.2978026e-07,8.869392e-06,0.014407646,0.98464173,2.5501484e-05,3.7314692e-07,7,7
3.1322822e-06,1.0894058e-06,7.445181e-05,9.006011e-06,1.3177933e-07,3.1322822e-06,0.9998086,2.5894295e-05,7.445181e-05,1.3177933e-07,6,6
7.327897e-05,0.005008005,0.98405945,8.864147e-06,0.00060579006,8.864147e-06,0.005008005,0.00021069322,0.005008005,8.864147e-06,2,4
5.433511e-07,1.5622545e-06,0.00010676709,0.0025377648,1.2915017e-05,6.572615e-08,1.2915017e-05,0.49866372,6.572615e-08,0.49866372,7,9
7.4321775e-05,7.4321775e-05,3.1268112e-06,1.3154916e-07,8.9902815e-06,1.3154916e-07,1.087503e-06,8.9902815e-06,0.001766566,0.9980623,9,9
1.2645077e-07,2.4847248e-05,0.04036243,1.0453552e-06,1.2645077e-07,0.9593809,1.2645077e-07,2.4847248e-05,1.2645077e-07,0.00020540958,5,5
1.317681e-07,2.589209e-05,1.317681e-07,0.9997235,9.0052445e-06,0.00021404719,1.0893131e-06,2.589209e-05,1.317681e-07,1.317681e-07,3,3
0.10335493,0.0015123277,0.004348278,0.03594677,2.6768123e-06,0.00018293783,2.2128923e-05,0.8544249,2.2128923e-05,0.00018293783,7,7
0.000473476,0.000473476,0.032358117,5.727369e-05,0.7691254,0.093036756,0.011254131,1.9919755e-05,0.00016467451,0.093036756,4,4
2.9910573e-06,3.618115e-07,0.00020441387,0.95473033,8.599958e-06,0.0048587476,2.4726802e-05,2.9910573e-06,1.258378e-07,0.040166773,3,3
0.9947529,1.083897e-06,0.0050624274,3.769787e-07,1.3111296e-07,7.407533e-05,2.5763355e-05,7.407533e-05,1.3111296e-07,8.960471e-06,0,0
0.62952816,0.21894945,0.026485078,0.0003875395,0.07615046,0.009211487,0.0003875395,0.026485078,0.0032037483,0.009211487,0,4
0.00030043835,0.00030043835,0.0024836943,6.432577e-08,4.3961263e-06,0.48803902,0.48803902,0.00030043835,0.02053245,6.432577e-08,5,6
0.49806434,6.564715e-08,3.7088892e-05,4.486432e-06,0.0025347145,6.564715e-08,0.49806434,0.00088157173,0.00030660996,0.000106638756,0,6
1.697455e-05,0.009590165,0.07928094,0.00014032683,0.6554076,1.697455e-05,0.22795025,0.027573854,1.697455e-05,5.9037384e-06,4,1
5.42944e-07,0.4982901,0.0008819713,5.42944e-07,6.56769e-08,0.0025358633,6.56769e-08,0.4982901,5.42944e-07,1.888356e-07,1,1
1.2638966e-07,2.483524e-05,3.0041747e-06,0.9589173,2.483524e-05,7.14068e-05,2.483524e-05,0.00059031247,3.6339821e-07,0.040342923,3,3
3.1318264e-06,1.3176015e-07,0.9996631,1.3176015e-07,9.004701e-06,9.004701e-06,2.5890526e-05,1.0892472e-06,7.444098e-05,0.00021403425,2,2
8.0781166e-07,0.74137396,0.2578494,8.0781166e-07,9.7716466e-08,0.0001587329,2.809564e-07,0.00045639212,8.0781166e-07,0.0001587329,1,1
0.0005947453,2.5021734e-05,0.0141366,1.2733875e-07,1.2733875e-07,7.194301e-05,0.0141366,1.2733875e-07,0.004916701,0.96611804,9,0
0.89174443,1.17535976e-07,6.64047e-05,2.3095514e-05,8.032598e-06,6.64047e-05,0.10786928,0.00019092819,2.3095514e-05,8.032598e-06,0,0
1.9157034e-05,0.25725883,0.0013092231,8.0596146e-07,0.00015836934,0.0013092231,5.5080753e-05,0.7396759,0.00015836934,5.5080753e-05,7,1
0.0006040703,0.98126584,0.014358249,0.0017368363,7.307101e-05,3.0741899e-06,3.0741899e-06,0.00021009528,8.838974e-06,0.0017368363,1,2
2.9892758e-06,8.594828e-06,0.0005873849,0.9541617,8.594828e-06,0.0048558516,0.040142827,2.4712026e-05,2.9892758e-06,0.00020429211,3,3
7.392951e-05,7.392951e-05,0.00021256367,3.7623658e-07,0.9927946,8.942831e-06,1.3085484e-07,0.0017572421,0.0050524613,2.5712636e-05,4,4
8.028306e-06,8.028306e-06,0.00054866786,0.89126885,6.6369284e-05,8.028306e-06,6.6369284e-05,0.10781176,0.00019082635,2.3083176e-05,3,7
0.004989538,0.014346023,3.0715723e-06,1.2922519e-07,8.831457e-06,1.2922519e-07,0.0002099164,8.831457e-06,0.9804303,3.0715723e-06,8,8
0.0017026498,0.004895496,0.00020595983,0.9619518,0.014075632,0.014075632,0.0005921805,0.00020595983,0.0017026498,0.0005921805,3,9
0.8597714,2.2267435e-05,2.693562e-06,1.1332178e-07,1.1332178e-07,0.036171723,0.104001686,1.1332178e-07,2.2267435e-05,7.744593e-06,0,0
1.5662218e-06,0.49993008,6.589306e-08,5.44731e-07,1.2947815e-05,0.00010703823,4.503238e-06,0.49993008,1.2947815e-05,1.8945711e-07,1,1
1.0443497e-06,0.00059002975,0.040323604,2.4823346e-05,3.6322416e-07,3.6322416e-07,3.0027359e-06,0.95845807,0.00059002975,8.633537e-06,7,2
6.512874e-05,0.0015480559,2.740051e-06,0.8746104,0.00018725968,0.10579666,0.012797627,0.0005384129,2.740051e-06,0.004451005,3,3
3.0570109e-06,0.004965884,0.014278013,3.6978952e-07,0.9757824,1.2861257e-07,3.0570109e-06,0.004965884,1.0632265e-06,1.2861257e-07,4,4
3.3725638e-07,0.10765047,6.627e-05,2.3048664e-05,8.0163045e-06,0.88993555,0.0015751821,2.7880628e-06,0.0005478471,0.00019054089,5,5
1.0819492e-06,3.1108432e-06,0.0017575443,3.1108432e-06,3.763013e-07,3.1108432e-06,0.99296534,0.00505333,3.763013e-07,0.00021260022,6,6
3.131872e-06,1.3176206e-07,0.00021403737,1.3176206e-07,3.7884504e-07,3.131872e-06,2.5890902e-05,0.99967766,1.0892632e-06,7.444206e-05,7,7
0.0048872144,0.96032447,8.650349e-06,7.1511524e-05,0.0016997694,0.0048872144,8.650349e-06,8.650349e-06,0.01405182,0.01405182,1,8
0.73995984,8.0627086e-07,0.0013097257,9.753008e-08,2.804205e-07,5.5101897e-05,0.25735757,9.753008e-08,0.0013097257,6.6653624e-06,0,0
8.960411e-06,0.9947472,7.407491e-05,8.960411e-06,3.1164254e-06,8.960411e-06,3.1164254e-06,0.0050623985,8.960411e-06,7.407491e-05,1,1
0.0016628467,8.462436e-06,0.93946415,2.4331372e-05,8.462436e-06,0.004781054,0.039524484,0.00057833706,0.013746591,0.00020114527,2,2
1.3162725e-07,7.436589e-05,3.1286672e-06,0.9986547,8.9956175e-06,3.1286672e-06,2.586441e-05,0.00061477494,1.3162725e-07,0.00061477494,3,3
8.910351e-06,2.5619249e-05,0.005034111,0.005034111,0.9891888,1.3037959e-07,2.5619249e-05,7.3660995e-05,1.3037959e-07,0.0006089477,4,4
8.985738e-06,1.3148268e-07,0.0006140997,2.5836001e-05,3.780417e-07,1.3148268e-07,2.5836001e-05,0.9975579,1.0869534e-06,0.0017656732,7,7
0.0017656089,7.428151e-05,1.3147789e-07,1.3147789e-07,8.98541e-06,8.98541e-06,3.1251172e-06,0.9975216,0.0006140774,3.1251172e-06,7,8
0.004855393,7.104593e-05,0.00020427273,1.2575093e-07,3.615617e-07,7.104593e-05,0.0005873292,0.04013904,1.2575093e-07,0.95407116,9,9
0.8435563,0.00018061062,0.00051929586,6.281626e-05,2.1847456e-05,0.012343231,0.035489522,0.004292968,0.001493091,0.10204024,0,0
0.10759178,9.691576e-07,2.303607e-05,0.00054754823,0.00019043694,8.011923e-06,0.00054754823,6.623385e-05,0.8894501,0.0015743228,8,8
7.740144e-06,2.6920172e-06,0.10394204,0.85927826,2.2254644e-05,0.036150966,6.398707e-05,2.6920172e-06,3.2563827e-07,0.0005289744,3,3
1.0891018e-06,3.1314082e-06,3.1314082e-06,0.00021400567,1.3174255e-07,0.00021400567,9.003498e-06,1.3174255e-07,2.5887068e-05,0.9995296,9,9
2.4118326e-05,0.9312373,0.013626206,8.388339e-06,0.0005732726,0.039178368,0.013626206,6.9345515e-05,8.388339e-06,0.0016482852,1,5
0.00026005306,0.42243624,3.805194e-06,0.0061812424,0.00026005306,0.14692299,0.00074770994,0.00074770994,3.805194e-06,0.42243624,1,5
0.3333211,4.3933237e-08,0.3333211,4.3933237e-08,2.482111e-05,4.3933237e-08,4.3933237e-08,8.632766e-06,0.3333211,3.0024682e-06,0,2
0.00015391888,6.4755745e-06,0.71889037,0.00044255116,1.8618706e-05,0.00015391888,0.2500295,5.353289e-05,0.030244656,6.4755745e-06,2,6
3.1306222e-06,3.1306222e-06,3.1306222e-06,7.441235e-05,9.001238e-06,9.001238e-06,1.0888284e-06,0.0006151591,0.9992787,3.1306222e-06,8,8
2.4849826e-06,0.09594816,0.0014039491,2.4849826e-06,0.09594816,2.4849826e-06,0.0014039491,0.01160631,0.0004882926,0.7931939,9,4
1.5659126e-06,0.49983138,1.2945258e-05,5.4462345e-07,5.4462345e-07,5.4462345e-07,0.00030769774,0.49983138,5.4462345e-07,1.2945258e-05,1,1
2.589034e-05,2.589034e-05,0.00021403273,1.3175921e-07,3.7883683e-07,7.4440446e-05,1.0892395e-06,0.99965596,1.0892395e-06,1.0892395e-06,7,7
2.9995122e-06,0.9574291,1.2619351e-07,1.0432285e-06,3.6283424e-07,1.0432285e-06,0.00058939634,0.0016946454,1.0432285e-06,0.040280312,1,1
0.25789613,5.5217166e-05,5.5217166e-05,2.3230582e-06,2.3230582e-06,2.3230582e-06,0.0004564749,0.7415084,1.9204477e-05,2.3230582e-06,7,2
1.5618886e-06,3.7124824e-05,0.0025371704,0.4985469,4.490779e-06,0.4985469,1.2911992e-05,1.5618886e-06,4.490779e-06,0.00030690702,3,3
5.4875105e-05,0.0013043357,0.0037502546,2.3086675e-06,0.0001577782,0.2562985,0.0001577782,0.0013043357,5.4875105e-05,0.73691493,9,5
1.0888477e-06,1.3171181e-07,7.441367e-05,3.7870058e-07,1.3171181e-07,0.00061517,0.9992964,3.1306777e-06,1.3171181e-07,9.001398e-06,6,6
0.017257424,0.14266542,8.78253e-05,0.41019467,0.017257424,1.2850915e-06,0.00025251711,0.0020875332,1.2850915e-06,0.41019467,3,9
7.098293e-05,0.95322526,2.986342e-06,2.468782e-05,0.0016872046,1.038648e-06,8.586401e-06,0.004851088,2.468782e-05,0.04010345,1,1
2.9595615e-06,0.944677,0.0016720742,0.039743815,7.034638e-05,1.0293336e-06,8.509401e-06,0.013822868,1.0293336e-06,3.5800159e-07,1,1
3.0005865e-06,0.957772,0.00020506511,2.4805579e-05,0.0016952524,1.0436021e-06,3.0005865e-06,0.04029474,1.0436021e-06,1.2623872e-07,1,1
0.04026739,0.00020492582,0.9571224,8.621505e-06,8.621505e-06,2.4788731e-05,0.0016941017,0.0005892075,7.1273076e-05,8.621505e-06,2,2
2.9909925e-06,0.95470965,1.2583509e-07,0.00020440943,8.599772e-06,0.0048586424,2.4726265e-05,0.0401659,2.4726265e-05,1.2583509e-07,1,1
0.00018751012,0.10593815,0.8757801,0.000539133,0.0044569573,7.888788e-06,6.521584e-05,0.0128147425,2.2682007e-05,0.00018751012,2,2
0.69376624,0.0012279627,0.00042708465,0.24129142,0.029187659,0.0012279627,0.0012279627,0.0012279627,0.0012279627,0.029187659,0,0
3.484595e-05,3.484595e-05,0.46794444,0.056604583,0.00028806805,1.4660146e-06,0.00028806805,0.46794444,1.2119388e-05,0.006847138,2,7
7.429577e-05,3.1257173e-06,0.0017659478,0.00021361675,3.1257173e-06,1.0871224e-06,0.00021361675,0.9977131,8.987126e-06,3.1257173e-06,7,7
0.00059000275,0.040321745,8.633132e-06,1.0443018e-06,7.136933e-05,0.95841414,0.00059000275,1.0443018e-06,1.0443018e-06,1.0443018e-06,5,5
0.0143432645,3.0709816e-06,3.0709816e-06,3.7147947e-07,1.2920033e-07,0.0049885786,0.00020987603,1.2920033e-07,0.9802418,0.00020987603,8,8
0.80537397,0.097421534,0.033883143,0.0014255078,0.011784533,0.00017243571,0.0040986496,0.011784533,0.033883143,0.00017243571,0,2
0.07313528,0.0010701423,0.21028012,0.00037219466,0.0030768982,0.07313528,0.025436392,0.008846762,4.5022327e-05,0.6046019,9,9
0.001764539,3.1232235e-06,0.0006137053,8.979966e-06,3.777989e-07,7.4236494e-05,3.1232235e-06,1.0862552e-06,0.0006137053,0.9969171,9,8
0.00027269038,0.05358292,9.484146e-05,1.1472441e-05,0.0064816233,0.44296458,0.44296458,3.29858e-05,1.1472441e-05,0.05358292,5,6
0.00021348019,7.424827e-05,0.00021348019,0.0006138027,8.981391e-06,8.981391e-06,2.5823505e-05,0.9970753,1.0864276e-06,0.001764819,7,7
3.0702683e-06,2.538163e-05,0.0006032997,0.0049874196,3.7139318e-07,0.014339932,1.0678374e-06,2.538163e-05,1.2917032e-07,0.9800141,9,3
7.0323185e-05,7.0323185e-05,0.01381831,3.5788355e-07,0.9443655,0.0016715229,0.00020219469,7.0323185e-05,3.5788355e-07,0.03973071,4,4
2.4597473e-05,1.0348479e-06,0.039956715,1.0348479e-06,0.0048333392,2.4597473e-05,0.9497377,0.0005846615,2.975416e-06,0.0048333392,6,6
0.0005188621,0.0005188621,6.276379e-05,0.101955,0.004289382,0.84285164,0.0005188621,0.0014918437,0.01233292,0.03545988,5,8
3.3799594e-07,2.7941767e-06,0.00019095872,1.1755478e-07,1.1755478e-07,8.033883e-06,2.3099208e-05,0.89188707,9.718129e-07,0.10788654,7,7
0.42590004,3.17151e-05,3.17151e-05,4.640668e-07,3.836395e-06,0.14812778,0.42590004,4.640668e-07,5.6135566e-08,3.836395e-06,0,0
8.983969e-06,7.4269585e-05,0.0017653255,3.779673e-07,0.9973615,7.4269585e-05,7.4269585e-05,0.00061397883,1.0867394e-06,2.5830916e-05,4,4
7.306625e-05,0.0017367239,0.014357327,3.0739925e-06,0.0002100818,0.0017367239,7.306625e-05,0.98120284,0.00060403155,3.0739925e-06,7,2
9.005172e-06,1.3176704e-07,0.00021404545,1.3176704e-07,1.3176704e-07,9.005172e-06,2.589188e-05,0.9997154,2.589188e-05,3.7885934e-07,7,7
0.0017665357,7.43205e-05,7.43205e-05,1.315469e-07,8.990128e-06,3.1267577e-06,2.5848623e-05,0.9980452,1.0874844e-06,3.782264e-07,7,7
2.7717533e-06,0.107020766,0.0015659676,9.64014e-07,6.5882334e-05,0.0045025046,0.00054464233,0.8847296,9.64014e-07,0.0015659676,7,5
3.005643e-06,7.1441704e-05,0.040362645,7.1441704e-05,0.95938605,2.484738e-05,1.2645145e-07,3.6357585e-07,7.1441704e-05,8.641896e-06,4,4
3.127785e-06,7.434492e-05,7.434492e-05,0.99837315,2.5857116e-05,0.00021375807,3.127785e-06,0.0006146016,3.127785e-06,0.0006146016,3,3
8.596027e-06,2.4715499e-05,0.0005874663,7.106251e-05,0.9542939,3.616461e-07,0.0048565264,0.04014841,3.616461e-07,8.596027e-06,4,4
0.004046976,0.09619324,0.09619324,0.7952199,0.00017026166,0.004046976,5.9216844e-05,0.004046976,2.059556e-05,2.49133e-06,3,2
3.67792e-07,7.2270166e-05,0.0002077927,1.0574831e-06,1.2791783e-07,0.014200887,0.014200887,0.0005974499,0.97051144,0.0002077927,8,8
4.4997632e-06,0.49954432,6.5842215e-08,5.4431064e-07,0.0008841913,6.5842215e-08,4.4997632e-06,0.49954432,1.2937824e-05,4.4997632e-06,1,1
6.389149e-05,0.03609698,2.6879964e-06,1.1308762e-07,7.72859e-06,0.8579948,0.0015186471,0.10378678,0.0005281843,1.1308762e-07,5,5
1.5660552e-06,0.4998769,0.00010702683,6.588605e-08,1.2946437e-05,0.00010702683,6.588605e-08,0.4998769,1.2946437e-05,4.5027587e-06,1,1
0.0017624467,1.3124242e-07,7.414847e-05,8.969318e-06,2.5788793e-05,0.99573505,0.0006129776,8.969318e-06,0.0017624467,8.969318e-06,5,0
8.075518e-07,9.768503e-08,0.7411355,1.9194855e-05,6.6759526e-06,0.25776646,9.768503e-08,0.0004562453,0.0004562453,0.00015868184,2,2
6.456282e-05,6.456282e-05,0.0005337345,0.8670107,7.8097955e-06,0.10487737,0.0015346045,0.0005337345,0.012686425,0.012686425,3,3
0.003211664,0.003211664,0.21949044,0.6310836,0.026550518,0.07633862,0.0011170148,0.026550518,0.009234251,0.003211664,3,3
0.56102836,0.00012011964,0.023603195,1.4530201e-05,4.1777537e-05,0.19512522,0.19512522,0.023603195,0.0009930173,0.00034537082,0,5
1.1754534e-07,6.6409986e-05,0.00019094339,1.1754534e-07,2.3097353e-05,2.7939525e-06,2.3097353e-05,0.8918155,1.1754534e-07,0.10787788,7,7
0.9578709,1.0437099e-06,0.014015925,1.2625175e-07,0.014015925,7.1328875e-05,0.014015925,1.2625175e-07,1.2625175e-07,8.628248e-06,0,0
2.5885292e-05,0.00021399098,0.00021399098,9.002881e-06,1.3173351e-07,7.442593e-05,0.999461,1.089027e-06,3.7876293e-07,1.3173351e-07,6,6
0.4710536,4.243122e-06,3.5077475e-05,1.4757553e-06,0.00028998207,0.05698068,1.4757553e-06,0.00028998207,0.00028998207,0.4710536,0,8
0.41599783,0.0021170655,0.14468375,8.906779e-05,0.006087036,0.006087036,0.00073631405,0.41599783,0.006087036,0.0021170655,0,6
0.091651514,0.011086565,5.6420973e-05,0.2635184,0.011086565,0.091651514,0.2635184,0.2635184,0.0038558997,5.6420973e-05,3,3
8.641824e-06,7.144111e-05,7.144111e-05,1.264504e-07,0.95937806,7.144111e-05,8.641824e-06,3.005618e-06,2.4847173e-05,0.04036231,4,9
3.582906e-07,0.00020242466,3.582906e-07,7.040317e-05,0.0005820156,0.03977589,0.013834027,0.94543964,7.040317e-05,2.4486157e-05,7,9
0.0008816615,4.486886e-06,0.49811527,0.0003066413,0.49811527,1.5605362e-06,3.709265e-05,1.5605362e-06,1.5605362e-06,0.0025349725,2,8
4.500549e-06,0.00030757507,0.4996321,0.00030757507,4.500549e-06,1.5652882e-06,1.5652882e-06,0.000106974425,0.4996321,1.5652882e-06,2,2
0.0015479514,0.012796762,6.512434e-05,0.10578951,0.00018724703,0.004450704,6.512434e-05,0.87455136,0.00053837657,7.877719e-06,7,7
0.00021403699,3.1318664e-06,3.1318664e-06,2.5890857e-05,1.3176184e-07,1.3176184e-07,2.5890857e-05,0.99967587,2.5890857e-05,2.5890857e-05,7,7
3.7099257e-05,0.49820355,0.000106668565,1.2903099e-05,1.2903099e-05,0.002535423,1.5608128e-06,0.49820355,0.0008818181,4.4876856e-06,1,1
0.7319569,0.00045059496,0.00045059496,5.450595e-05,5.450595e-05,0.00045059496,2.2931345e-06,0.25457415,0.010710267,0.0012955605,0,0
1.0886773e-06,0.99914,3.1301877e-06,1.3169121e-07,3.786413e-07,0.00021392226,0.0006150737,2.5876978e-05,1.3169121e-07,3.786413e-07,1,1
0.10348169,6.3703636e-05,6.3703636e-05,0.035990857,2.6800951e-06,0.004353611,0.0005266317,0.8554728,2.2156064e-05,2.2156064e-05,7,7
0.027411828,0.0011532514,0.6515564,4.851884e-05,0.0033158555,0.0011532514,0.00040109994,0.009533817,0.22661085,0.078815095,2,8
0.00018800976,0.0044688312,0.0044688312,0.0015542567,0.0369434,0.0369434,0.0369434,0.00018800976,0.00018800976,0.8781137,9,9
0.9523131,0.00020389633,0.0016855901,1.2551921e-07,0.0048464458,7.091501e-05,0.040065076,0.00058624696,2.4664198e-05,0.00020389633,0,0
3.0022481e-06,0.33329666,1.044179e-06,2.481929e-05,0.33329666,1.263085e-07,1.044179e-06,0.33329666,8.632134e-06,7.136094e-05,1,1
0.4883275,1.5298724e-06,0.0024851626,0.00030061594,6.436379e-08,0.4883275,1.850601e-07,6.436379e-08,1.2647317e-05,0.020544587,0,2
7.037637e-05,8.513036e-06,0.0138287665,8.513036e-06,0.00058179453,8.513036e-06,7.037637e-05,0.9450806,0.00058179453,0.039760772,7,3
3.1326063e-06,3.1326063e-06,3.1326063e-06,3.1326063e-06,0.999912,3.7893386e-07,1.3179296e-07,3.7893386e-07,7.4459516e-05,1.3179296e-07,4,4
0.0020565898,0.04888342,0.00024877393,4.4032856e-07,0.40411416,0.14055066,4.4032856e-07,0.40411416,3.0092791e-05,1.2660419e-06,4,5
7.871702e-06,6.5074586e-05,0.012786974,7.871702e-06,0.004447302,3.3117277e-07,0.8738824,0.0015467681,0.0015467681,0.105708614,6,6
8.890013e-06,0.0017468645,0.0050226236,0.00021130845,0.00021130845,0.0050226236,0.0006075584,0.986932,2.556075e-05,0.00021130845,7,7
3.787215e-07,0.000615204,3.1308507e-06,2.588246e-05,3.787215e-07,1.317191e-07,1.317191e-07,3.1308507e-06,0.9993517,1.317191e-07,8,8
0.99791783,2.5845326e-05,1.3153011e-07,3.7817813e-07,1.3153011e-07,0.0017663102,3.7817813e-07,7.4311014e-05,1.0873456e-06,0.00021366058,0,0
9.3679944e-07,0.036170952,0.85975325,7.744422e-06,0.10399949,3.258183e-07,3.258183e-07,6.402244e-05,2.6935054e-06,3.258183e-07,2,1
3.0062263e-06,3.0062263e-06,0.9595722,2.4852201e-05,8.643573e-06,3.636464e-07,8.643573e-06,1.2647598e-07,0.040370476,8.643573e-06,2,2
2.5884803e-05,7.4424526e-05,0.00021398695,0.99944216,3.787558e-07,1.3173103e-07,2.5884803e-05,0.00021398695,1.3173103e-07,3.1311342e-06,3,3
1.2591921e-05,0.0071140938,0.48618862,3.6204554e-05,0.48618862,4.3794585e-06,6.4081874e-08,1.8424954e-07,5.297581e-07,0.0204546,2,4
0.00021045076,7.319464e-05,3.0793915e-06,0.001739775,8.853939e-06,0.014382543,2.5457051e-05,0.98292613,2.5457051e-05,0.0006050924,7,7
2.2944405e-05,0.004508514,0.00054536946,0.00018967898,0.00054536946,2.2944405e-05,0.8859108,0.00054536946,0.1071636,0.00054536946,6,8
1.8898525e-07,3.713511e-05,3.713511e-05,6.5728955e-08,0.498685,6.5728955e-08,4.4920225e-06,1.2915568e-05,0.002537873,0.498685,4,9
9.000861e-06,7.440923e-05,3.130491e-06,2.5879486e-05,9.000861e-06,3.7867798e-07,2.5879486e-05,0.9992368,3.7867798e-07,0.0006151333,7,7
7.323729e-05,3.0811882e-06,0.014390934,0.0006054455,0.0006054455,3.0811882e-06,0.0006054455,0.00021057356,0.98349965,3.0811882e-06,8,8
0.107031666,0.00018944555,0.0015661271,6.588904e-05,0.0015661271,0.0045029633,0.8848197,0.00018944555,2.7720355e-06,6.588904e-05,6,6
0.0007719567,0.05275676,1.1295554e-05,9.337915e-05,0.05275676,0.018348765,0.0022195468,0.4361348,0.4361348,0.0007719567,7,4
6.5409636e-06,0.7261496,1.8806732e-05,7.9122304e-07,2.751869e-07,0.2525544,0.010625293,0.010625293,1.8806732e-05,2.751869e-07,1,1
9.66971e-07,0.0005463129,0.004516315,7.993847e-06,9.66971e-07,2.7802553e-06,0.10734904,6.6084416e-05,6.6084416e-05,0.88744336,9,9
1.2782635e-07,7.2218485e-05,1.2782635e-07,0.014190731,8.7358585e-06,3.67529e-07,0.014190731,0.9698174,0.0017165726,3.0383233e-06,7,3
6.6102402e-06,2.2990353e-06,0.7338404,6.6102402e-06,6.6102402e-06,0.00015711992,6.6102402e-06,0.010737827,0.25522923,6.6102402e-06,2,8
7.332855e-05,2.5503601e-05,8.870128e-06,3.0850251e-06,0.9847244,7.332855e-05,7.332855e-05,3.0850251e-06,0.00060619944,0.014408856,4,4
6.1292917e-06,5.0670253e-05,5.0670253e-05,5.0670253e-05,0.6804476,6.1292917e-06,8.968609e-08,0.082309894,0.23665926,0.00041888564,4,4
0.00021323789,7.4164e-05,3.1201737e-06,0.0017628159,1.312699e-07,0.00021323789,2.5794194e-05,0.9959436,1.0851944e-06,0.0017628159,7,7
0.14784901,0.0007524224,0.42509863,1.3317838e-06,0.0007524224,0.00026169204,0.42509863,3.8291723e-06,9.101633e-05,9.101633e-05,2,0
2.5744604e-05,0.9940289,0.00021282794,2.5744604e-05,3.7670435e-07,1.0831081e-06,8.95395e-06,0.005058743,0.0006119273,2.5744604e-05,1,1
7.424519e-05,3.1235893e-06,0.00021347131,1.314136e-07,0.00061377714,0.0017647456,0.00021347131,8.981017e-06,7.424519e-05,0.99703383,9,9
5.4913686e-05,6.642589e-06,0.73743236,0.2564784,0.00045396565,6.642589e-06,0.003752888,0.0013052515,5.4913686e-05,0.00045396565,2,2
1.073198e-06,8.872014e-06,0.0006063283,3.732576e-07,3.732576e-07,0.01441192,3.085681e-06,2.5509025e-05,0.9849338,8.872014e-06,8,8
3.7859076e-07,7.43921e-05,3.12977e-06,2.5873525e-05,8.998788e-06,0.00021389371,2.5873525e-05,0.00061499164,2.5873525e-05,0.9990067,9,7
2.8879135e-06,1.214984e-07,2.8879135e-06,2.387412e-05,8.3033965e-06,0.038781658,2.387412e-05,0.0005674675,0.92180735,0.038781658,8,8
1.2465689e-07,0.039789833,0.9457708,3.5841612e-07,8.519253e-06,3.5841612e-07,8.519253e-06,0.013838872,3.5841612e-07,0.00058221945,2,2
0.9747576,0.0017253159,0.0049606664,2.524547e-05,0.0017253159,0.0006000638,0.0142630115,0.0017253159,0.00020870163,8.780359e-06,0,6
0.99478453,2.5764175e-05,0.0050625885,1.3111713e-07,8.960756e-06,7.407769e-05,1.3111713e-07,8.960756e-06,2.5764175e-05,8.960756e-06,0,0
0.10644547,0.012876107,2.2790666e-05,6.552819e-05,1.1598457e-07,6.552819e-05,0.8799739,0.00054171466,9.588322e-07,7.926572e-06,6,6
0.00018845814,3.3356994e-07,2.2796727e-05,0.88020796,7.92868e-06,0.012879532,7.92868e-06,2.2796727e-05,0.10647378,0.00018845814,3,5
3.0696967e-06,0.014337263,0.00020978821,0.97983164,1.2914627e-07,3.0696967e-06,2.5376907e-05,0.0006031874,0.004986491,1.2914627e-07,3,3
3.0749823e-06,2.54206e-05,0.0017372839,0.98151875,8.841262e-06,0.000604226,3.0749823e-06,0.01436195,0.0017372839,1.2936864e-07,3,3
3.6531097e-07,0.01410509,0.0005934196,0.0049057393,2.4965939e-05,1.0503496e-06,0.9639646,0.0005934196,0.01410509,0.0017062123,6,3
1.0887285e-06,7.440553e-05,3.130335e-06,9.000412e-06,9.000412e-06,0.00021393233,0.00021393233,0.00021393233,7.440553e-05,0.99918705,9,9
1.896897e-05,0.010716964,0.0012963705,7.9804937e-07,0.00015681464,0.0004508767,5.454003e-05,0.73241454,0.00015681464,0.25473332,7,1
0.94613415,2.9641265e-06,0.039805118,3.5855382e-07,0.013844189,1.2470478e-07,1.0309213e-06,0.00020257337,1.0309213e-06,8.5225265e-06,0,4
0.7390785,2.3154457e-06,5.5036267e-05,6.657424e-06,6.657424e-06,0.0037612673,0.25705105,1.914158e-05,1.914158e-05,9.741392e-08,0,0
0.10735239,2.2984843e-05,1.16972764e-07,6.60865e-05,0.0045164577,3.3632253e-07,0.8874713,9.670015e-07,2.2984843e-05,0.0005463301,6,6
2.7925157e-06,0.8913569,0.00054872205,1.17484895e-07,6.637584e-05,0.00019084521,2.7925157e-06,0.1078224,9.712352e-07,8.029107e-06,1,1
0.499859,1.2945974e-05,0.00010702301,6.58837e-08,4.5025977e-06,0.499859,1.8943017e-07,3.7222533e-05,1.2945974e-05,0.00010702301,0,0
0.42484853,3.8269195e-06,9.0962785e-05,1.1003249e-05,1.1003249e-05,0.0021621087,0.42484853,4.6292104e-07,0.14776199,0.00026153808,0,0
0.47145715,0.057029508,6.21402e-08,3.5107558e-05,4.2467614e-06,1.786668e-07,0.47145715,1.22103875e-05,4.2467614e-06,6.21402e-08,0,6
2.948722e-06,0.0016659495,0.9412171,0.0016659495,0.0002015206,8.478227e-06,0.039598234,0.0002015206,0.0016659495,0.013772241,2,2
1.5322873e-06,0.48909834,0.48909834,4.405664e-06,0.020577012,0.00030109048,4.405664e-06,0.0008657015,3.642123e-05,1.2667269e-05,1,1
8.787705e-06,0.9755731,0.004964819,0.00020887644,1.2858499e-07,0.004964819,3.0563554e-06,0.014274951,1.0629984e-06,3.6971022e-07,1,1
0.0006150479,8.999602e-06,2.5875868e-05,1.0886316e-06,1.0886316e-06,2.5875868e-05,0.00021391328,0.99909806,8.999602e-06,1.0886316e-06,7,7
3.789509e-07,2.5898136e-05,1.3179888e-07,1.3179888e-07,9.007348e-06,3.132747e-06,3.132747e-06,0.99995697,1.0895675e-06,1.3179888e-07,7,7
0.00031494358,0.007485947,0.00090553274,0.1779347,1.3250088e-05,0.5116017,3.8096932e-05,0.061885566,0.1779347,0.061885566,5,8
3.1322609e-06,7.445131e-05,1.0893984e-06,7.445131e-05,0.9998018,9.00595e-06,1.3177844e-07,2.5894118e-05,1.0893984e-06,9.00595e-06,4,4
3.11679e-06,3.7702065e-07,0.005062991,2.5766221e-05,2.5766221e-05,3.7702065e-07,0.99486357,1.3112755e-07,8.961468e-06,8.961468e-06,6,6
0.18088049,0.0003201576,0.02188009,0.00760988,0.52007145,0.02188009,0.0026467117,0.0629101,0.18088049,0.0009205242,4,0
0.0001970991,6.8550944e-05,0.03872944,2.3841976e-05,8.292217e-06,0.03872944,2.3841976e-05,0.9205662,2.3841976e-05,0.0016293982,7,7
0.99943525,7.442401e-05,0.00021398548,3.7875319e-07,9.002649e-06,9.002649e-06,0.00021398548,9.002649e-06,2.5884625e-05,9.002649e-06,0,0
3.072148e-06,0.0049904734,1.292494e-07,0.98061407,8.833113e-06,8.833113e-06,3.7162056e-07,2.539717e-05,1.292494e-07,0.014348712,3,3
0.33327737,0.33327737,7.1356815e-05,1.2630119e-07,7.1356815e-05,2.4817855e-05,0.33327737,4.3927475e-08,1.2630119e-07,4.3927475e-08,0,6
7.2732e-05,0.004970622,0.0017287784,0.00020912057,7.2732e-05,0.0017287784,0.014291635,3.0599276e-06,0.97671336,0.00020912057,8,8
0.00021290893,3.1153602e-06,3.1153602e-06,0.005060668,1.310674e-07,0.00021290893,2.5754402e-05,0.9944072,7.404959e-05,1.310674e-07,7,7
6.6332934e-05,0.8907807,0.0005483674,2.3070554e-05,6.6332934e-05,0.0005483674,0.00019072184,0.1077527,2.3070554e-05,3.3757667e-07,1,1
6.5718865e-08,1.5620814e-06,0.49860847,0.0025374836,4.491333e-06,0.49860847,0.00010675526,1.2913586e-05,1.2913586e-05,0.00010675526,2,5
0.009813064,0.00014358843,0.081123605,0.00014358843,0.00014358843,0.0034129745,0.00014358843,0.23324832,0.0011870303,0.6706406,9,2
6.6380046e-05,6.6380046e-05,6.6380046e-05,3.3781643e-07,0.8914134,8.029616e-06,1.1749235e-07,0.10782924,9.712968e-07,0.00054875686,4,4
2.233703e-07,4.389168e-05,0.00012619827,2.233703e-07,0.2049994,4.389168e-05,0.00036284787,5.3093263e-06,0.2049994,0.58941853,9,9
3.071744e-06,0.004989817,7.301287e-05,3.7157167e-07,0.9804851,7.301287e-05,3.071744e-06,2.5393829e-05,3.7157167e-07,0.014346824,4,4
0.033655763,0.09676777,0.011705451,0.7999693,0.0004924636,0.00017127855,0.011705451,0.033655763,0.011705451,0.00017127855,3,3
3.7871808e-07,3.1308223e-06,1.3171791e-07,9.001814e-06,0.00061519846,1.3171791e-07,0.9993426,3.7871808e-07,2.5882226e-05,3.1308223e-06,6,6
8.490695e-06,0.0016683994,0.004797019,0.0016683994,0.9426013,2.9530586e-06,2.9530586e-06,0.004797019,0.039656468,0.004797019,4,4
3.8365924e-06,0.42592198,0.14813541,4.6409068e-07,5.6138457e-08,1.3343632e-06,1.6141045e-07,0.42592198,1.103106e-05,3.8365924e-06,1,1
1.2646495e-07,7.144933e-05,3.005964e-06,2.4850033e-05,8.642818e-06,8.642818e-06,3.005964e-06,0.95948845,2.4850033e-05,0.04036695,7,7
1.9006635e-05,5.464827e-05,0.010738233,0.2552389,6.61049e-06,6.61049e-06,6.61049e-06,0.7338681,5.464827e-05,6.61049e-06,7,2
2.4850995e-05,1.2646986e-07,7.14521e-05,1.2646986e-07,0.040368516,8.643154e-06,0.95952564,3.6362874e-07,1.2646986e-07,1.2646986e-07,6,6
0.013226021,0.0001935281,0.0001935281,0.004599998,0.013226021,0.013226021,0.90388757,0.03802774,0.013226021,0.0001935281,6,5
0.9996884,7.444286e-05,3.1319055e-06,1.3176349e-07,9.004929e-06,3.788491e-07,3.788491e-07,9.004929e-06,1.0892747e-06,0.00021403967,0,0
0.0017585998,0.9935616,0.00061163964,2.573248e-05,7.398656e-05,0.00021272768,0.0017585998,0.0017585998,0.00021272768,2.573248e-05,1,1
0.013646311,6.94478e-05,0.039236158,0.93261087,8.400703e-06,6.94478e-05,6.94478e-05,0.013646311,0.00057411817,6.94478e-05,3,2
1.3156436e-07,1.3156436e-07,0.0017667701,0.99817765,2.5852054e-05,1.3156436e-07,3.1271727e-06,3.7827658e-07,2.5852054e-05,1.3156436e-07,3,3
5.5128432e-05,0.00015850642,0.00045574093,0.0013103564,0.74031615,2.3193231e-06,6.668565e-06,0.00015850642,5.5128432e-05,0.25748152,4,4
6.549706e-05,0.0128699895,1.1592947e-07,0.106394894,7.922807e-06,0.8795558,2.2779837e-05,0.0005414573,1.1592947e-07,0.0005414573,5,5
0.10789759,2.3101573e-05,1.1756681e-07,2.794463e-06,1.1756681e-07,6.642212e-05,0.8919784,3.3803056e-07,2.3101573e-05,8.034705e-06,6,6
1.3154407e-07,7.43189e-05,8.989934e-06,1.3154407e-07,2.5848069e-05,1.3154407e-07,2.5848069e-05,0.99802375,7.43189e-05,0.0017664977,7,7
0.0045121885,0.107250944,6.6024026e-05,0.0005458137,0.00018983366,0.0005458137,0.00018983366,6.6024026e-05,0.88663244,9.660874e-07,8,8
2.576516e-05,3.1166617e-06,7.4080526e-05,1.3112215e-07,0.005062782,3.7700514e-07,1.083973e-06,8.961099e-06,1.083973e-06,0.9948226,9,9
0.0017407348,7.323502e-05,1.2962562e-07,0.014390478,8.858823e-06,0.9834684,2.5471096e-05,8.858823e-06,7.323502e-05,0.00021056687,5,0
0.014397411,0.9839422,2.5483367e-05,1.0721176e-06,1.0721176e-06,0.00021066831,0.0006057179,0.0006057179,1.2968806e-07,0.00021066831,1,1
5.3572392e-05,6.4803467e-06,0.7194202,7.838905e-07,7.838905e-07,9.482286e-08,1.8632445e-05,1.8632445e-05,0.2502139,0.030266963,2,2
6.5877515e-08,3.721904e-05,1.294476e-05,0.49981213,1.294476e-05,6.5877515e-08,6.5877515e-08,0.0003076859,4.5021757e-06,0.49981213,3,3
0.0014219444,0.097178005,0.011755069,0.0014219444,0.8033607,0.0014219444,0.011755069,0.0040884037,0.03379844,0.03379844,4,4
1.3107129e-07,1.0835525e-06,1.3107129e-07,0.00021291526,0.0050608185,0.99443674,1.3107129e-07,1.0835525e-06,7.405179e-05,0.00021291526,5,5
0.0015532612,6.534773e-05,0.0015532612,7.904741e-06,0.10615239,6.534773e-05,0.87755126,2.2727878e-05,0.012840658,0.00018788932,6,6
